Date,Open,High,Low,Close,Volume,sgn,ma5,ma10,ma20,ma30,ma60,ma_vol5,ma_vol10,ma_vol20,ma_vol30,ma_vol60,Pre1Close,Pre2Close,Pre3Close,Pre4Close,Pre5Close,Pre1ma5,Pre2ma5,Pre3ma5,Pre4ma5,Pre5ma5,Pre1ma10,Pre2ma10,Pre3ma10,Pre4ma10,Pre5ma10,Pre1ma20,Pre2ma20,Pre3ma20,Pre4ma20,Pre5ma20,Pre1ma30,Pre2ma30,Pre3ma30,Pre4ma30,Pre5ma30,Pre1ma60,Pre2ma60,Pre3ma60,Pre4ma60,Pre5ma60,Pre1ma_vol5,Pre2ma_vol5,Pre3ma_vol5,Pre4ma_vol5,Pre5ma_vol5,Pre1ma_vol10,Pre2ma_vol10,Pre3ma_vol10,Pre4ma_vol10,Pre5ma_vol10,Pre1ma_vol20,Pre2ma_vol20,Pre3ma_vol20,Pre4ma_vol20,Pre5ma_vol20,Pre1ma_vol30,Pre2ma_vol30,Pre3ma_vol30,Pre4ma_vol30,Pre5ma_vol30,Pre1ma_vol60,Pre2ma_vol60,Pre3ma_vol60,Pre4ma_vol60,Pre5ma_vol60,predict
2018-02-09,82.43489440599927,82.92984780969927,79.72717808561426,82.27960968017578,2680100,1,84.33126220703123,86.9564826965332,88.1366195678711,87.65492502848309,87.06627400716144,2283060.0,1947890.0,1795625.0,1565263.333333333,1406975.0,81.94964599609375,85.67637634277344,85.9481201171875,85.80255889892578,88.55878448486328,85.58709716796875,87.2136672973633,88.08518524169922,88.85964965820312,89.58170318603516,87.72803573608398,88.38409729003907,88.66748580932617,88.98387222290039,89.33034286499023,88.42825698852539,88.67427978515623,88.79704895019532,88.89943771362304,88.9625202178955,87.76200408935547,87.87037734985351,87.86584828694662,87.86229019165039,87.86973063151044,87.12307434082031,87.18101628621417,87.15279642740887,87.13651123046877,87.11667963663739,2087200.0,1837820.0,1789820.0,1598100.0,1612720.0,1846040.0,1808190.0,1876580.0,1778280.0,1792850.0,1700110.0,1618485.0,1591890.0,1536490.0,1495830.0,1514200.0,1450716.666666667,1414430.0,1367470.0,1336856.666666667,1379886.666666667,1359725.0,1343976.666666667,1316821.666666667,1300225.0,0
2018-02-12,83.25982453924189,84.33708826543443,83.16277528734,83.86154174804688,1797800,1,83.94305877685547,86.4013542175293,87.87361221313476,87.58407796223959,87.02776870727537,2259600.0,1928850.0,1843215.0,1598210.0,1418795.0,82.27960968017578,81.94964599609375,85.67637634277344,85.9481201171875,85.80255889892578,84.33126220703123,85.58709716796875,87.2136672973633,88.08518524169922,88.85964965820312,86.9564826965332,87.72803573608398,88.38409729003907,88.66748580932617,88.98387222290039,88.1366195678711,88.42825698852539,88.67427978515623,88.79704895019532,88.89943771362304,87.65492502848309,87.76200408935547,87.87037734985351,87.86584828694662,87.86229019165039,87.06627400716144,87.12307434082031,87.18101628621417,87.15279642740887,87.13651123046877,2283060.0,2087200.0,1837820.0,1789820.0,1598100.0,1947890.0,1846040.0,1808190.0,1876580.0,1778280.0,1795625.0,1700110.0,1618485.0,1591890.0,1536490.0,1565263.333333333,1514200.0,1450716.666666667,1414430.0,1367470.0,1406975.0,1379886.666666667,1359725.0,1343976.666666667,1316821.666666667,0
2018-02-13,83.30834423494787,84.51177863481793,83.2695304582659,84.31767272949219,874600,1,83.61696929931641,85.85107727050782,87.66010055541992,87.55431543986002,87.00606562296551,1940660.0,1865240.0,1812840.0,1599056.666666667,1414303.333333333,83.86154174804688,82.27960968017578,81.94964599609375,85.67637634277344,85.9481201171875,83.94305877685547,84.33126220703123,85.58709716796875,87.2136672973633,88.08518524169922,86.4013542175293,86.9564826965332,87.72803573608398,88.38409729003907,88.66748580932617,87.87361221313476,88.1366195678711,88.42825698852539,88.67427978515623,88.79704895019532,87.58407796223959,87.65492502848309,87.76200408935547,87.87037734985351,87.86584828694662,87.02776870727537,87.06627400716144,87.12307434082031,87.18101628621417,87.15279642740887,2259600.0,2283060.0,2087200.0,1837820.0,1789820.0,1928850.0,1947890.0,1846040.0,1808190.0,1876580.0,1843215.0,1795625.0,1700110.0,1618485.0,1591890.0,1598210.0,1565263.333333333,1514200.0,1450716.666666667,1414430.0,1418795.0,1406975.0,1379886.666666667,1359725.0,1343976.666666667,0
2018-02-14,83.75479318047455,84.86117104524251,83.69655770038193,84.76411437988281,1073900,1,83.43451690673828,85.32409210205078,87.39272575378418,87.53943430582682,86.97727648417154,1799040.0,1818430.0,1819855.0,1593950.0,1415270.0,84.31767272949219,83.86154174804688,82.27960968017578,81.94964599609375,85.67637634277344,83.61696929931641,83.94305877685547,84.33126220703123,85.58709716796875,87.2136672973633,85.85107727050782,86.4013542175293,86.9564826965332,87.72803573608398,88.38409729003907,87.66010055541992,87.87361221313476,88.1366195678711,88.42825698852539,88.67427978515623,87.55431543986002,87.58407796223959,87.65492502848309,87.76200408935547,87.87037734985351,87.00606562296551,87.02776870727537,87.06627400716144,87.12307434082031,87.18101628621417,1940660.0,2259600.0,2283060.0,2087200.0,1837820.0,1865240.0,1928850.0,1947890.0,1846040.0,1808190.0,1812840.0,1843215.0,1795625.0,1700110.0,1618485.0,1599056.666666667,1598210.0,1565263.333333333,1514200.0,1450716.666666667,1414303.333333333,1418795.0,1406975.0,1379886.666666667,1359725.0,0
2018-02-15,85.4143463039105,86.51101684570312,85.20083352131412,86.51101684570312,1628100,1,84.34679107666015,84.96694412231446,87.23987083435058,87.54590454101563,86.97421302795411,1610900.0,1849050.0,1825440.0,1603486.666666667,1424865.0,84.76411437988281,84.31767272949219,83.86154174804688,82.27960968017578,81.94964599609375,83.43451690673828,83.61696929931641,83.94305877685547,84.33126220703123,85.58709716796875,85.32409210205078,85.85107727050782,86.4013542175293,86.9564826965332,87.72803573608398,87.39272575378418,87.66010055541992,87.87361221313476,88.1366195678711,88.42825698852539,87.53943430582682,87.55431543986002,87.58407796223959,87.65492502848309,87.76200408935547,86.97727648417154,87.00606562296551,87.02776870727537,87.06627400716144,87.12307434082031,1799040.0,1940660.0,2259600.0,2283060.0,2087200.0,1818430.0,1865240.0,1928850.0,1947890.0,1846040.0,1819855.0,1812840.0,1843215.0,1795625.0,1700110.0,1593950.0,1599056.666666667,1598210.0,1565263.333333333,1514200.0,1415270.0,1414303.333333333,1418795.0,1406975.0,1379886.666666667,1
2018-02-16,86.13254078852114,88.0444417518524,86.03549151921379,87.33596801757812,1227900,1,85.35806274414062,84.84466247558593,87.08750267028809,87.58990097045898,86.97908821105958,1320460.0,1801760.0,1797305.0,1597806.666666667,1431583.333333333,86.51101684570312,84.76411437988281,84.31767272949219,83.86154174804688,82.27960968017578,84.34679107666015,83.43451690673828,83.61696929931641,83.94305877685547,84.33126220703123,84.96694412231446,85.32409210205078,85.85107727050782,86.4013542175293,86.9564826965332,87.23987083435058,87.39272575378418,87.66010055541992,87.87361221313476,88.1366195678711,87.54590454101563,87.53943430582682,87.55431543986002,87.58407796223959,87.65492502848309,86.97421302795411,86.97727648417154,87.00606562296551,87.02776870727537,87.06627400716144,1610900.0,1799040.0,1940660.0,2259600.0,2283060.0,1849050.0,1818430.0,1865240.0,1928850.0,1947890.0,1825440.0,1819855.0,1812840.0,1843215.0,1795625.0,1603486.666666667,1593950.0,1599056.666666667,1598210.0,1565263.333333333,1424865.0,1415270.0,1414303.333333333,1418795.0,1406975.0,1
2018-02-20,86.8604085508659,88.15118511420457,86.66631004099726,87.6950454711914,1181100,1,86.12476348876953,85.0339111328125,87.00889167785644,87.61092885335285,86.97445297241211,1197120.0,1728360.0,1753320.0,1600446.666666667,1426483.333333333,87.33596801757812,86.51101684570312,84.76411437988281,84.31767272949219,83.86154174804688,85.35806274414062,84.34679107666015,83.43451690673828,83.61696929931641,83.94305877685547,84.84466247558593,84.96694412231446,85.32409210205078,85.85107727050782,86.4013542175293,87.08750267028809,87.23987083435058,87.39272575378418,87.66010055541992,87.87361221313476,87.58990097045898,87.54590454101563,87.53943430582682,87.55431543986002,87.58407796223959,86.97908821105958,86.97421302795411,86.97727648417154,87.00606562296551,87.02776870727537,1320460.0,1610900.0,1799040.0,1940660.0,2259600.0,1801760.0,1849050.0,1818430.0,1865240.0,1928850.0,1797305.0,1825440.0,1819855.0,1812840.0,1843215.0,1597806.666666667,1603486.666666667,1593950.0,1599056.666666667,1598210.0,1431583.333333333,1424865.0,1415270.0,1414303.333333333,1418795.0,1
2018-02-21,87.82120822873364,88.84995105706261,87.7532730102539,87.7532730102539,1033000,0,86.81188354492187,85.21442642211916,86.94095611572266,87.60284144083658,86.98596064249676,1228800.0,1584730.0,1730655.0,1589503.333333333,1423211.666666667,87.6950454711914,87.33596801757812,86.51101684570312,84.76411437988281,84.31767272949219,86.12476348876953,85.35806274414062,84.34679107666015,83.43451690673828,83.61696929931641,85.0339111328125,84.84466247558593,84.96694412231446,85.32409210205078,85.85107727050782,87.00889167785644,87.08750267028809,87.23987083435058,87.39272575378418,87.66010055541992,87.61092885335285,87.58990097045898,87.54590454101563,87.53943430582682,87.55431543986002,86.97445297241211,86.97908821105958,86.97421302795411,86.97727648417154,87.00606562296551,1197120.0,1320460.0,1610900.0,1799040.0,1940660.0,1728360.0,1801760.0,1849050.0,1818430.0,1865240.0,1753320.0,1797305.0,1825440.0,1819855.0,1812840.0,1600446.666666667,1597806.666666667,1603486.666666667,1593950.0,1599056.666666667,1426483.333333333,1431583.333333333,1424865.0,1415270.0,1414303.333333333,1
2018-02-22,88.11235222335705,88.510256337031,87.4038786881468,87.5688705444336,1210900,1,87.37283477783203,85.40367584228515,86.89388656616211,87.5840784708659,86.97809282938641,1256200.0,1527620.0,1667905.0,1588196.666666667,1432693.333333333,87.7532730102539,87.6950454711914,87.33596801757812,86.51101684570312,84.76411437988281,86.81188354492187,86.12476348876953,85.35806274414062,84.34679107666015,83.43451690673828,85.21442642211916,85.0339111328125,84.84466247558593,84.96694412231446,85.32409210205078,86.94095611572266,87.00889167785644,87.08750267028809,87.23987083435058,87.39272575378418,87.60284144083658,87.61092885335285,87.58990097045898,87.54590454101563,87.53943430582682,86.98596064249676,86.97445297241211,86.97908821105958,86.97421302795411,86.97727648417154,1228800.0,1197120.0,1320460.0,1610900.0,1799040.0,1584730.0,1728360.0,1801760.0,1849050.0,1818430.0,1730655.0,1753320.0,1797305.0,1825440.0,1819855.0,1589503.333333333,1600446.666666667,1597806.666666667,1603486.666666667,1593950.0,1423211.666666667,1426483.333333333,1431583.333333333,1424865.0,1415270.0,1
2018-02-23,87.81150039155077,88.18029048581795,87.26801128943045,88.15117645263672,971300,1,87.70086669921875,86.02382888793946,86.8759323120117,87.62678095499676,86.98848470052081,1124840.0,1367870.0,1606955.0,1589363.333333333,1428908.333333333,87.5688705444336,87.7532730102539,87.6950454711914,87.33596801757812,86.51101684570312,87.37283477783203,86.81188354492187,86.12476348876953,85.35806274414062,84.34679107666015,85.40367584228515,85.21442642211916,85.0339111328125,84.84466247558593,84.96694412231446,86.89388656616211,86.94095611572266,87.00889167785644,87.08750267028809,87.23987083435058,87.5840784708659,87.60284144083658,87.61092885335285,87.58990097045898,87.54590454101563,86.97809282938641,86.98596064249676,86.97445297241211,86.97908821105958,86.97421302795411,1256200.0,1228800.0,1197120.0,1320460.0,1610900.0,1527620.0,1584730.0,1728360.0,1801760.0,1849050.0,1667905.0,1730655.0,1753320.0,1797305.0,1825440.0,1588196.666666667,1589503.333333333,1600446.666666667,1597806.666666667,1603486.666666667,1432693.333333333,1423211.666666667,1426483.333333333,1431583.333333333,1424865.0,1
2018-02-26,88.38409438509417,89.70398482883961,88.02500403935753,89.68457794189453,803300,0,88.17058868408203,86.76432571411131,86.86040420532227,87.67918828328449,87.01378008524576,1039920.0,1180190.0,1564040.0,1590480.0,1418366.666666667,88.15117645263672,87.5688705444336,87.7532730102539,87.6950454711914,87.33596801757812,87.70086669921875,87.37283477783203,86.81188354492187,86.12476348876953,85.35806274414062,86.02382888793946,85.40367584228515,85.21442642211916,85.0339111328125,84.84466247558593,86.8759323120117,86.89388656616211,86.94095611572266,87.00889167785644,87.08750267028809,87.62678095499676,87.5840784708659,87.60284144083658,87.61092885335285,87.58990097045898,86.98848470052081,86.97809282938641,86.98596064249676,86.97445297241211,86.97908821105958,1124840.0,1256200.0,1228800.0,1197120.0,1320460.0,1367870.0,1527620.0,1584730.0,1728360.0,1801760.0,1606955.0,1667905.0,1730655.0,1753320.0,1797305.0,1589363.333333333,1588196.666666667,1589503.333333333,1600446.666666667,1597806.666666667,1428908.333333333,1432693.333333333,1423211.666666667,1426483.333333333,1431583.333333333,1
2018-02-27,89.85926312285277,90.77154231131064,89.2284393310547,89.22843933105469,1142900,0,88.47726745605469,87.30101547241209,86.8511848449707,87.68274663289387,87.05197194417319,1032280.0,1114700.0,1521775.0,1600376.666666667,1412760.0,89.68457794189453,88.15117645263672,87.5688705444336,87.7532730102539,87.6950454711914,88.17058868408203,87.70086669921875,87.37283477783203,86.81188354492187,86.12476348876953,86.76432571411131,86.02382888793946,85.40367584228515,85.21442642211916,85.0339111328125,86.86040420532227,86.8759323120117,86.89388656616211,86.94095611572266,87.00889167785644,87.67918828328449,87.62678095499676,87.5840784708659,87.60284144083658,87.61092885335285,87.01378008524576,86.98848470052081,86.97809282938641,86.98596064249676,86.97445297241211,1039920.0,1124840.0,1256200.0,1228800.0,1197120.0,1180190.0,1367870.0,1527620.0,1584730.0,1728360.0,1564040.0,1606955.0,1667905.0,1730655.0,1753320.0,1590480.0,1589363.333333333,1588196.666666667,1589503.333333333,1600446.666666667,1418366.666666667,1428908.333333333,1432693.333333333,1423211.666666667,1426483.333333333,1
2018-02-28,89.67487847473326,89.96602623013527,88.68495685496978,88.69466400146484,1269900,0,88.66554565429688,87.73871459960938,86.79489593505859,87.68630523681641,87.06803245544434,1079660.0,1154230.0,1509735.0,1593303.333333333,1357403.333333333,89.22843933105469,89.68457794189453,88.15117645263672,87.5688705444336,87.7532730102539,88.47726745605469,88.17058868408203,87.70086669921875,87.37283477783203,86.81188354492187,87.30101547241209,86.76432571411131,86.02382888793946,85.40367584228515,85.21442642211916,86.8511848449707,86.86040420532227,86.8759323120117,86.89388656616211,86.94095611572266,87.68274663289387,87.67918828328449,87.62678095499676,87.5840784708659,87.60284144083658,87.05197194417319,87.01378008524576,86.98848470052081,86.97809282938641,86.98596064249676,1032280.0,1039920.0,1124840.0,1256200.0,1228800.0,1114700.0,1180190.0,1367870.0,1527620.0,1584730.0,1521775.0,1564040.0,1606955.0,1667905.0,1730655.0,1600376.666666667,1590480.0,1589363.333333333,1588196.666666667,1589503.333333333,1412760.0,1418366.666666667,1428908.333333333,1432693.333333333,1423211.666666667,1
2018-03-01,88.46173470954545,88.85963882003183,85.63755514122983,86.32661437988281,1567700,1,88.41709442138672,87.89496459960938,86.60952835083008,87.56013870239258,87.05737597147623,1151020.0,1203610.0,1511020.0,1614440.0,1361538.333333333,88.69466400146484,89.22843933105469,89.68457794189453,88.15117645263672,87.5688705444336,88.66554565429688,88.47726745605469,88.17058868408203,87.70086669921875,87.37283477783203,87.73871459960938,87.30101547241209,86.76432571411131,86.02382888793946,85.40367584228515,86.79489593505859,86.8511848449707,86.86040420532227,86.8759323120117,86.89388656616211,87.68630523681641,87.68274663289387,87.67918828328449,87.62678095499676,87.5840784708659,87.06803245544434,87.05197194417319,87.01378008524576,86.98848470052081,86.97809282938641,1079660.0,1032280.0,1039920.0,1124840.0,1256200.0,1154230.0,1114700.0,1180190.0,1367870.0,1527620.0,1509735.0,1521775.0,1564040.0,1606955.0,1667905.0,1593303.333333333,1600376.666666667,1590480.0,1589363.333333333,1588196.666666667,1357403.333333333,1412760.0,1418366.666666667,1428908.333333333,1432693.333333333,0
2018-03-02,85.88988903124562,87.20007229830337,85.5405058394459,87.00597381591797,1151700,0,88.18805389404297,87.94446029663088,86.45570220947266,87.47473398844403,87.07967096964519,1187100.0,1155970.0,1502510.0,1602283.333333333,1359210.0,86.32661437988281,88.69466400146484,89.22843933105469,89.68457794189453,88.15117645263672,88.41709442138672,88.66554565429688,88.47726745605469,88.17058868408203,87.70086669921875,87.89496459960938,87.73871459960938,87.30101547241209,86.76432571411131,86.02382888793946,86.60952835083008,86.79489593505859,86.8511848449707,86.86040420532227,86.8759323120117,87.56013870239258,87.68630523681641,87.68274663289387,87.67918828328449,87.62678095499676,87.05737597147623,87.06803245544434,87.05197194417319,87.01378008524576,86.98848470052081,1151020.0,1079660.0,1032280.0,1039920.0,1124840.0,1203610.0,1154230.0,1114700.0,1180190.0,1367870.0,1511020.0,1509735.0,1521775.0,1564040.0,1606955.0,1614440.0,1593303.333333333,1600376.666666667,1590480.0,1589363.333333333,1361538.333333333,1357403.333333333,1412760.0,1418366.666666667,1428908.333333333,0
2018-03-05,86.35573672052277,87.07390999863667,85.61814915132385,86.54983520507812,1088600,1,87.56110534667968,87.86584701538088,86.35525474548339,87.34695078531902,87.09888305664063,1244160.0,1142040.0,1471900.0,1578883.333333333,1358165.0,87.00597381591797,86.32661437988281,88.69466400146484,89.22843933105469,89.68457794189453,88.18805389404297,88.41709442138672,88.66554565429688,88.47726745605469,88.17058868408203,87.94446029663088,87.89496459960938,87.73871459960938,87.30101547241209,86.76432571411131,86.45570220947266,86.60952835083008,86.79489593505859,86.8511848449707,86.86040420532227,87.47473398844403,87.56013870239258,87.68630523681641,87.68274663289387,87.67918828328449,87.07967096964519,87.05737597147623,87.06803245544434,87.05197194417319,87.01378008524576,1187100.0,1151020.0,1079660.0,1032280.0,1039920.0,1155970.0,1203610.0,1154230.0,1114700.0,1180190.0,1502510.0,1511020.0,1509735.0,1521775.0,1564040.0,1602283.333333333,1614440.0,1593303.333333333,1600376.666666667,1590480.0,1359210.0,1361538.333333333,1357403.333333333,1412760.0,1418366.666666667,0
2018-03-06,86.86040813477925,87.47182510188173,86.50131774842052,87.10303497314453,1034600,1,87.13602447509766,87.80664596557617,86.42027854919434,87.27480977376301,87.13377138773599,1222500.0,1127390.0,1427875.0,1544676.666666667,1359503.333333333,86.54983520507812,87.00597381591797,86.32661437988281,88.69466400146484,89.22843933105469,87.56110534667968,88.18805389404297,88.41709442138672,88.66554565429688,88.47726745605469,87.86584701538088,87.94446029663088,87.89496459960938,87.73871459960938,87.30101547241209,86.35525474548339,86.45570220947266,86.60952835083008,86.79489593505859,86.8511848449707,87.34695078531902,87.47473398844403,87.56013870239258,87.68630523681641,87.68274663289387,87.09888305664063,87.07967096964519,87.05737597147623,87.06803245544434,87.05197194417319,1244160.0,1187100.0,1151020.0,1079660.0,1032280.0,1142040.0,1155970.0,1203610.0,1154230.0,1114700.0,1471900.0,1502510.0,1511020.0,1509735.0,1521775.0,1578883.333333333,1602283.333333333,1614440.0,1593303.333333333,1600376.666666667,1358165.0,1359210.0,1361538.333333333,1357403.333333333,1412760.0,0
2018-03-07,86.19075940694265,87.8115123844207,85.89961163098377,87.5979995727539,1103600,1,86.91669158935547,87.79111862182617,86.50277252197266,87.22434361775714,87.17109870910645,1189240.0,1134450.0,1359590.0,1531920.0,1352663.333333333,87.10303497314453,86.54983520507812,87.00597381591797,86.32661437988281,88.69466400146484,87.13602447509766,87.56110534667968,88.18805389404297,88.41709442138672,88.66554565429688,87.80664596557617,87.86584701538088,87.94446029663088,87.89496459960938,87.73871459960938,86.42027854919434,86.35525474548339,86.45570220947266,86.60952835083008,86.79489593505859,87.27480977376301,87.34695078531902,87.47473398844403,87.56013870239258,87.68630523681641,87.13377138773599,87.09888305664063,87.07967096964519,87.05737597147623,87.06803245544434,1222500.0,1244160.0,1187100.0,1151020.0,1079660.0,1127390.0,1142040.0,1155970.0,1203610.0,1154230.0,1427875.0,1471900.0,1502510.0,1511020.0,1509735.0,1544676.666666667,1578883.333333333,1602283.333333333,1614440.0,1593303.333333333,1359503.333333333,1358165.0,1359210.0,1361538.333333333,1357403.333333333,0
2018-03-08,87.65622771035605,87.97649692808744,87.27773041826755,87.90856170654297,1351600,1,87.2330810546875,87.82508773803711,86.61438179016113,87.20428695678713,87.19423319498699,1146020.0,1148520.0,1338070.0,1494776.666666667,1348410.0,87.5979995727539,87.10303497314453,86.54983520507812,87.00597381591797,86.32661437988281,86.91669158935547,87.13602447509766,87.56110534667968,88.18805389404297,88.41709442138672,87.79111862182617,87.80664596557617,87.86584701538088,87.94446029663088,87.89496459960938,86.50277252197266,86.42027854919434,86.35525474548339,86.45570220947266,86.60952835083008,87.22434361775714,87.27480977376301,87.34695078531902,87.47473398844403,87.56013870239258,87.17109870910645,87.13377138773599,87.09888305664063,87.07967096964519,87.05737597147623,1189240.0,1222500.0,1244160.0,1187100.0,1151020.0,1134450.0,1127390.0,1142040.0,1155970.0,1203610.0,1359590.0,1427875.0,1471900.0,1502510.0,1511020.0,1531920.0,1544676.666666667,1578883.333333333,1602283.333333333,1614440.0,1352663.333333333,1359503.333333333,1358165.0,1359210.0,1361538.333333333,0
2018-03-09,88.44233723351307,89.91751263692646,88.17059634456426,89.71370697021484,1194600,1,87.77462768554688,87.98134078979494,87.00258483886721,87.24440180460611,87.24906743367514,1154600.0,1170850.0,1269360.0,1461586.666666667,1351190.0,87.90856170654297,87.5979995727539,87.10303497314453,86.54983520507812,87.00597381591797,87.2330810546875,86.91669158935547,87.13602447509766,87.56110534667968,88.18805389404297,87.82508773803711,87.79111862182617,87.80664596557617,87.86584701538088,87.94446029663088,86.61438179016113,86.50277252197266,86.42027854919434,86.35525474548339,86.45570220947266,87.20428695678713,87.22434361775714,87.27480977376301,87.34695078531902,87.47473398844403,87.19423319498699,87.17109870910645,87.13377138773599,87.09888305664063,87.07967096964519,1146020.0,1189240.0,1222500.0,1244160.0,1187100.0,1148520.0,1134450.0,1127390.0,1142040.0,1155970.0,1338070.0,1359590.0,1427875.0,1471900.0,1502510.0,1494776.666666667,1531920.0,1544676.666666667,1578883.333333333,1602283.333333333,1348410.0,1352663.333333333,1359503.333333333,1358165.0,1359210.0,0
2018-03-12,89.78164560826694,90.32512740684179,89.61665371565603,89.9272232055664,1304900,0,88.45010528564453,88.00560531616209,87.3849655151367,87.24213790893555,87.30052007039389,1197860.0,1221010.0,1200600.0,1449696.666666667,1350343.333333333,89.71370697021484,87.90856170654297,87.5979995727539,87.10303497314453,86.54983520507812,87.77462768554688,87.2330810546875,86.91669158935547,87.13602447509766,87.56110534667968,87.98134078979494,87.82508773803711,87.79111862182617,87.80664596557617,87.86584701538088,87.00258483886721,86.61438179016113,86.50277252197266,86.42027854919434,86.35525474548339,87.24440180460611,87.20428695678713,87.22434361775714,87.27480977376301,87.34695078531902,87.24906743367514,87.19423319498699,87.17109870910645,87.13377138773599,87.09888305664063,1154600.0,1146020.0,1189240.0,1222500.0,1244160.0,1170850.0,1148520.0,1134450.0,1127390.0,1142040.0,1269360.0,1338070.0,1359590.0,1427875.0,1471900.0,1461586.666666667,1494776.666666667,1531920.0,1544676.666666667,1578883.333333333,1351190.0,1348410.0,1352663.333333333,1359503.333333333,1358165.0,0
2018-03-13,90.4124626890933,90.74243161358432,89.500183467105,89.78163146972656,886900,0,88.98582458496094,88.0609245300293,87.6809700012207,87.25443140665692,87.35228970845542,1168320.0,1195410.0,1155055.0,1412986.666666667,1350408.333333333,89.9272232055664,89.71370697021484,87.90856170654297,87.5979995727539,87.10303497314453,88.45010528564453,87.77462768554688,87.2330810546875,86.91669158935547,87.13602447509766,88.00560531616209,87.98134078979494,87.82508773803711,87.79111862182617,87.80664596557617,87.3849655151367,87.00258483886721,86.61438179016113,86.50277252197266,86.42027854919434,87.24213790893555,87.24440180460611,87.20428695678713,87.22434361775714,87.27480977376301,87.30052007039389,87.24906743367514,87.19423319498699,87.17109870910645,87.13377138773599,1197860.0,1154600.0,1146020.0,1189240.0,1222500.0,1221010.0,1170850.0,1148520.0,1134450.0,1127390.0,1200600.0,1269360.0,1338070.0,1359590.0,1427875.0,1449696.666666667,1461586.666666667,1494776.666666667,1531920.0,1544676.666666667,1350343.333333333,1351190.0,1348410.0,1352663.333333333,1359503.333333333,0
2018-03-14,90.11160148183671,90.21835787737422,88.51997009940169,88.67525482177734,575200,1,89.20127563476562,88.05898361206054,87.89884910583496,87.21625849405926,87.38997790018719,1062640.0,1125940.0,1140085.0,1381803.333333333,1345541.666666667,89.78163146972656,89.9272232055664,89.71370697021484,87.90856170654297,87.5979995727539,88.98582458496094,88.45010528564453,87.77462768554688,87.2330810546875,86.91669158935547,88.0609245300293,88.00560531616209,87.98134078979494,87.82508773803711,87.79111862182617,87.6809700012207,87.3849655151367,87.00258483886721,86.61438179016113,86.50277252197266,87.25443140665692,87.24213790893555,87.24440180460611,87.20428695678713,87.22434361775714,87.35228970845542,87.30052007039389,87.24906743367514,87.19423319498699,87.17109870910645,1168320.0,1197860.0,1154600.0,1146020.0,1189240.0,1195410.0,1221010.0,1170850.0,1148520.0,1134450.0,1155055.0,1200600.0,1269360.0,1338070.0,1359590.0,1412986.666666667,1449696.666666667,1461586.666666667,1494776.666666667,1531920.0,1350408.333333333,1350343.333333333,1351190.0,1348410.0,1352663.333333333,0
2018-03-15,88.84995451779328,89.6651771713032,88.51997815490797,89.23815155029297,692700,1,89.46719360351562,88.35013732910156,88.12255096435547,87.18973134358723,87.43559176127116,930860.0,1038440.0,1121025.0,1353493.333333333,1331233.333333333,88.67525482177734,89.78163146972656,89.9272232055664,89.71370697021484,87.90856170654297,89.20127563476562,88.98582458496094,88.45010528564453,87.77462768554688,87.2330810546875,88.05898361206054,88.0609245300293,88.00560531616209,87.98134078979494,87.82508773803711,87.89884910583496,87.6809700012207,87.3849655151367,87.00258483886721,86.61438179016113,87.21625849405926,87.25443140665692,87.24213790893555,87.24440180460611,87.20428695678713,87.38997790018719,87.35228970845542,87.30052007039389,87.24906743367514,87.19423319498699,1062640.0,1168320.0,1197860.0,1154600.0,1146020.0,1125940.0,1195410.0,1221010.0,1170850.0,1148520.0,1140085.0,1155055.0,1200600.0,1269360.0,1338070.0,1381803.333333333,1412986.666666667,1449696.666666667,1461586.666666667,1494776.666666667,1345541.666666667,1350408.333333333,1350343.333333333,1351190.0,1348410.0,0
2018-03-16,89.62714860222364,90.37598324641864,88.95610966022714,89.47154235839844,1803700,0,89.41876068115235,88.59669418334961,88.27057723999023,87.16936620076496,87.47991943359375,1052680.0,1103640.0,1129805.0,1369553.333333333,1345680.0,89.23815155029297,88.67525482177734,89.78163146972656,89.9272232055664,89.71370697021484,89.46719360351562,89.20127563476562,88.98582458496094,88.45010528564453,87.77462768554688,88.35013732910156,88.05898361206054,88.0609245300293,88.00560531616209,87.98134078979494,88.12255096435547,87.89884910583496,87.6809700012207,87.3849655151367,87.00258483886721,87.18973134358723,87.21625849405926,87.25443140665692,87.24213790893555,87.24440180460611,87.43559176127116,87.38997790018719,87.35228970845542,87.30052007039389,87.24906743367514,930860.0,1062640.0,1168320.0,1197860.0,1154600.0,1038440.0,1125940.0,1195410.0,1221010.0,1170850.0,1121025.0,1140085.0,1155055.0,1200600.0,1269360.0,1353493.333333333,1381803.333333333,1412986.666666667,1449696.666666667,1461586.666666667,1331233.333333333,1345541.666666667,1350408.333333333,1350343.333333333,1351190.0,0
2018-03-19,89.37430352879456,89.57853118499479,87.86689938387352,88.8296890258789,1203300,1,89.19925384521484,88.82467956542969,88.34526329040527,87.17839635213217,87.5240634918213,1032360.0,1115110.0,1128575.0,1352970.0,1344913.333333333,89.47154235839844,89.23815155029297,88.67525482177734,89.78163146972656,89.9272232055664,89.41876068115235,89.46719360351562,89.20127563476562,88.98582458496094,88.45010528564453,88.59669418334961,88.35013732910156,88.05898361206054,88.0609245300293,88.00560531616209,88.27057723999023,88.12255096435547,87.89884910583496,87.6809700012207,87.3849655151367,87.16936620076496,87.18973134358723,87.21625849405926,87.25443140665692,87.24213790893555,87.47991943359375,87.43559176127116,87.38997790018719,87.35228970845542,87.30052007039389,1052680.0,930860.0,1062640.0,1168320.0,1197860.0,1103640.0,1038440.0,1125940.0,1195410.0,1221010.0,1129805.0,1121025.0,1140085.0,1155055.0,1200600.0,1369553.333333333,1353493.333333333,1381803.333333333,1412986.666666667,1449696.666666667,1345680.0,1331233.333333333,1345541.666666667,1350408.333333333,1350343.333333333,0
2018-03-20,89.17006685642242,89.48127193245833,88.6740812159634,89.1797866821289,857000,0,89.07888488769531,89.03235473632813,88.41950035095215,87.29097061157226,87.57663040161133,1026380.0,1097350.0,1112370.0,1317700.0,1342585.0,88.8296890258789,89.47154235839844,89.23815155029297,88.67525482177734,89.78163146972656,89.19925384521484,89.41876068115235,89.46719360351562,89.20127563476562,88.98582458496094,88.82467956542969,88.59669418334961,88.35013732910156,88.05898361206054,88.0609245300293,88.34526329040527,88.27057723999023,88.12255096435547,87.89884910583496,87.6809700012207,87.17839635213217,87.16936620076496,87.18973134358723,87.21625849405926,87.25443140665692,87.5240634918213,87.47991943359375,87.43559176127116,87.38997790018719,87.35228970845542,1032360.0,1052680.0,930860.0,1062640.0,1168320.0,1115110.0,1103640.0,1038440.0,1125940.0,1195410.0,1128575.0,1129805.0,1121025.0,1140085.0,1155055.0,1352970.0,1369553.333333333,1353493.333333333,1381803.333333333,1412986.666666667,1344913.333333333,1345680.0,1331233.333333333,1345541.666666667,1350408.333333333,0
2018-03-21,89.09225973585986,89.4909877436531,88.32397061579869,88.5281982421875,750200,0,89.04947357177734,89.12537460327148,88.45824661254883,87.37697321573894,87.62141075134278,1061380.0,1062010.0,1098230.0,1260396.666666667,1337413.333333333,89.1797866821289,88.8296890258789,89.47154235839844,89.23815155029297,88.67525482177734,89.07888488769531,89.19925384521484,89.41876068115235,89.46719360351562,89.20127563476562,89.03235473632813,88.82467956542969,88.59669418334961,88.35013732910156,88.05898361206054,88.41950035095215,88.34526329040527,88.27057723999023,88.12255096435547,87.89884910583496,87.29097061157226,87.17839635213217,87.16936620076496,87.18973134358723,87.21625849405926,87.57663040161133,87.5240634918213,87.47991943359375,87.43559176127116,87.38997790018719,1026380.0,1032360.0,1052680.0,930860.0,1062640.0,1097350.0,1115110.0,1103640.0,1038440.0,1125940.0,1112370.0,1128575.0,1129805.0,1121025.0,1140085.0,1317700.0,1352970.0,1369553.333333333,1353493.333333333,1381803.333333333,1342585.0,1344913.333333333,1345680.0,1331233.333333333,1345541.666666667,0
2018-03-22,87.52651857143671,87.97387544265827,85.64956070972731,85.74681091308594,1097600,0,88.35120544433593,88.90919952392578,88.36714363098145,87.37932103474934,87.62484919230144,1142360.0,1036610.0,1092565.0,1237583.333333333,1344150.0,88.5281982421875,89.1797866821289,88.8296890258789,89.47154235839844,89.23815155029297,89.04947357177734,89.07888488769531,89.19925384521484,89.41876068115235,89.46719360351562,89.12537460327148,89.03235473632813,88.82467956542969,88.59669418334961,88.35013732910156,88.45824661254883,88.41950035095215,88.34526329040527,88.27057723999023,88.12255096435547,87.37697321573894,87.29097061157226,87.17839635213217,87.16936620076496,87.18973134358723,87.62141075134278,87.57663040161133,87.5240634918213,87.47991943359375,87.43559176127116,1061380.0,1026380.0,1032360.0,1052680.0,930860.0,1062010.0,1097350.0,1115110.0,1103640.0,1038440.0,1098230.0,1112370.0,1128575.0,1129805.0,1121025.0,1260396.666666667,1317700.0,1352970.0,1369553.333333333,1353493.333333333,1337413.333333333,1342585.0,1344913.333333333,1345680.0,1331233.333333333,0
2018-03-23,85.77598973407467,85.98022481747644,82.87789345542087,82.98487091064453,1107200,1,87.05387115478516,88.23631591796875,88.10882835388183,87.41382853190106,87.58791631062826,1003060.0,1027870.0,1099360.0,1188863.333333333,1351531.666666667,85.74681091308594,88.5281982421875,89.1797866821289,88.8296890258789,89.47154235839844,88.35120544433593,89.04947357177734,89.07888488769531,89.19925384521484,89.41876068115235,88.90919952392578,89.12537460327148,89.03235473632813,88.82467956542969,88.59669418334961,88.36714363098145,88.45824661254883,88.41950035095215,88.34526329040527,88.27057723999023,87.37932103474934,87.37697321573894,87.29097061157226,87.17839635213217,87.16936620076496,87.62484919230144,87.62141075134278,87.57663040161133,87.5240634918213,87.47991943359375,1142360.0,1061380.0,1026380.0,1032360.0,1052680.0,1036610.0,1062010.0,1097350.0,1115110.0,1103640.0,1092565.0,1098230.0,1112370.0,1128575.0,1129805.0,1237583.333333333,1260396.666666667,1317700.0,1352970.0,1369553.333333333,1344150.0,1337413.333333333,1342585.0,1344913.333333333,1345680.0,0
2018-03-26,84.01572861152556,84.76457072799565,83.03348453264937,84.69648742675781,1153300,0,86.22723083496093,87.71324234008789,87.859423828125,87.4943911234538,87.57465807596844,993060.0,1012710.0,1116860.0,1137970.0,1351616.666666667,82.98487091064453,85.74681091308594,88.5281982421875,89.1797866821289,88.8296890258789,87.05387115478516,88.35120544433593,89.04947357177734,89.07888488769531,89.19925384521484,88.23631591796875,88.90919952392578,89.12537460327148,89.03235473632813,88.82467956542969,88.10882835388183,88.36714363098145,88.45824661254883,88.41950035095215,88.34526329040527,87.41382853190106,87.37932103474934,87.37697321573894,87.29097061157226,87.17839635213217,87.58791631062826,87.62484919230144,87.62141075134278,87.57663040161133,87.5240634918213,1003060.0,1142360.0,1061380.0,1026380.0,1032360.0,1027870.0,1036610.0,1062010.0,1097350.0,1115110.0,1099360.0,1092565.0,1098230.0,1112370.0,1128575.0,1188863.333333333,1237583.333333333,1260396.666666667,1317700.0,1352970.0,1351531.666666667,1344150.0,1337413.333333333,1342585.0,1344913.333333333,0
2018-03-27,84.98823445703417,85.58147024206191,82.75144306236754,83.23770141601562,1050800,0,85.03881378173828,87.0588493347168,87.55988693237305,87.47359644571941,87.52883720397949,1031820.0,1029100.0,1112255.0,1113070.0,1355640.0,84.69648742675781,82.98487091064453,85.74681091308594,88.5281982421875,89.1797866821289,86.22723083496093,87.05387115478516,88.35120544433593,89.04947357177734,89.07888488769531,87.71324234008789,88.23631591796875,88.90919952392578,89.12537460327148,89.03235473632813,87.859423828125,88.10882835388183,88.36714363098145,88.45824661254883,88.41950035095215,87.4943911234538,87.41382853190106,87.37932103474934,87.37697321573894,87.29097061157226,87.57465807596844,87.58791631062826,87.62484919230144,87.62141075134278,87.57663040161133,993060.0,1003060.0,1142360.0,1061380.0,1026380.0,1012710.0,1027870.0,1036610.0,1062010.0,1097350.0,1116860.0,1099360.0,1092565.0,1098230.0,1112370.0,1137970.0,1188863.333333333,1237583.333333333,1260396.666666667,1317700.0,1351616.666666667,1351531.666666667,1344150.0,1337413.333333333,1342585.0,0
2018-03-28,83.43221933760366,83.51974229042266,81.65251176647182,82.51805114746094,929300,1,83.83678436279297,86.44312896728516,87.25105628967285,87.41360905965168,87.48396224975586,1067640.0,1064510.0,1095225.0,1114893.333333333,1356975.0,83.23770141601562,84.69648742675781,82.98487091064453,85.74681091308594,88.5281982421875,85.03881378173828,86.22723083496093,87.05387115478516,88.35120544433593,89.04947357177734,87.0588493347168,87.71324234008789,88.23631591796875,88.90919952392578,89.12537460327148,87.55988693237305,87.859423828125,88.10882835388183,88.36714363098145,88.45824661254883,87.47359644571941,87.4943911234538,87.41382853190106,87.37932103474934,87.37697321573894,87.52883720397949,87.57465807596844,87.58791631062826,87.62484919230144,87.62141075134278,1031820.0,993060.0,1003060.0,1142360.0,1061380.0,1029100.0,1012710.0,1027870.0,1036610.0,1062010.0,1112255.0,1116860.0,1099360.0,1092565.0,1098230.0,1113070.0,1137970.0,1188863.333333333,1237583.333333333,1260396.666666667,1355640.0,1351616.666666667,1351531.666666667,1344150.0,1337413.333333333,0
2018-03-29,83.05293766710719,84.58951601890891,82.7222780910304,83.76287078857422,1355300,0,83.43999633789062,85.89560089111328,87.12286911010742,87.38023427327472,87.45983428955078,1119180.0,1130770.0,1084605.0,1124273.333333333,1359111.666666667,82.51805114746094,83.23770141601562,84.69648742675781,82.98487091064453,85.74681091308594,83.83678436279297,85.03881378173828,86.22723083496093,87.05387115478516,88.35120544433593,86.44312896728516,87.0588493347168,87.71324234008789,88.23631591796875,88.90919952392578,87.25105628967285,87.55988693237305,87.859423828125,88.10882835388183,88.36714363098145,87.41360905965168,87.47359644571941,87.4943911234538,87.41382853190106,87.37932103474934,87.48396224975586,87.52883720397949,87.57465807596844,87.58791631062826,87.62484919230144,1067640.0,1031820.0,993060.0,1003060.0,1142360.0,1064510.0,1029100.0,1012710.0,1027870.0,1036610.0,1095225.0,1112255.0,1116860.0,1099360.0,1092565.0,1114893.333333333,1113070.0,1137970.0,1188863.333333333,1237583.333333333,1356975.0,1355640.0,1351616.666666667,1351531.666666667,1344150.0,0
2018-04-02,83.76286521684155,83.90874421365083,80.45631419430563,81.74003601074219,1324600,1,83.19102935791015,85.12245025634766,86.85957221984863,87.22120157877606,87.38355305989582,1162660.0,1082860.0,1093250.0,1114156.666666667,1358821.666666667,83.76287078857422,82.51805114746094,83.23770141601562,84.69648742675781,82.98487091064453,83.43999633789062,83.83678436279297,85.03881378173828,86.22723083496093,87.05387115478516,85.89560089111328,86.44312896728516,87.0588493347168,87.71324234008789,88.23631591796875,87.12286911010742,87.25105628967285,87.55988693237305,87.859423828125,88.10882835388183,87.38023427327472,87.41360905965168,87.47359644571941,87.4943911234538,87.41382853190106,87.45983428955078,87.48396224975586,87.52883720397949,87.57465807596844,87.58791631062826,1119180.0,1067640.0,1031820.0,993060.0,1003060.0,1130770.0,1064510.0,1029100.0,1012710.0,1027870.0,1084605.0,1095225.0,1112255.0,1116860.0,1099360.0,1124273.333333333,1114893.333333333,1113070.0,1137970.0,1188863.333333333,1359111.666666667,1356975.0,1355640.0,1351616.666666667,1351531.666666667,0
2018-04-03,81.96371611643782,82.53750489648716,80.88422185642749,82.46942901611328,1373900,1,82.74561767578125,84.48642425537109,86.65555191040039,87.05898361206054,87.32444229125977,1206780.0,1099920.0,1107515.0,1119023.333333333,1358415.0,81.74003601074219,83.76287078857422,82.51805114746094,83.23770141601562,84.69648742675781,83.19102935791015,83.43999633789062,83.83678436279297,85.03881378173828,86.22723083496093,85.12245025634766,85.89560089111328,86.44312896728516,87.0588493347168,87.71324234008789,86.85957221984863,87.12286911010742,87.25105628967285,87.55988693237305,87.859423828125,87.22120157877606,87.38023427327472,87.41360905965168,87.47359644571941,87.4943911234538,87.38355305989582,87.45983428955078,87.48396224975586,87.52883720397949,87.57465807596844,1162660.0,1119180.0,1067640.0,1031820.0,993060.0,1082860.0,1130770.0,1064510.0,1029100.0,1012710.0,1093250.0,1084605.0,1095225.0,1112255.0,1116860.0,1114156.666666667,1124273.333333333,1114893.333333333,1113070.0,1137970.0,1358821.666666667,1359111.666666667,1356975.0,1355640.0,1351616.666666667,0
2018-04-04,79.87279915432023,82.81953118172986,79.87279915432023,82.6541976928711,1521300,0,82.62891693115235,83.83386535644532,86.43311004638672,86.89095535278321,87.25094210306803,1300880.0,1166350.0,1131850.0,1130363.333333333,1365405.0,82.46942901611328,81.74003601074219,83.76287078857422,82.51805114746094,83.23770141601562,82.74561767578125,83.19102935791015,83.43999633789062,83.83678436279297,85.03881378173828,84.48642425537109,85.12245025634766,85.89560089111328,86.44312896728516,87.0588493347168,86.65555191040039,86.85957221984863,87.12286911010742,87.25105628967285,87.55988693237305,87.05898361206054,87.22120157877606,87.38023427327472,87.41360905965168,87.47359644571941,87.32444229125977,87.38355305989582,87.45983428955078,87.48396224975586,87.52883720397949,1206780.0,1162660.0,1119180.0,1067640.0,1031820.0,1099920.0,1082860.0,1130770.0,1064510.0,1029100.0,1107515.0,1093250.0,1084605.0,1095225.0,1112255.0,1119023.333333333,1114156.666666667,1124273.333333333,1114893.333333333,1113070.0,1358415.0,1358821.666666667,1359111.666666667,1356975.0,1355640.0,1
2018-04-05,83.18908867952695,83.38358907331799,82.1582232369486,82.44024658203125,1164700,0,82.61335601806641,83.22507019042969,86.17522239685059,86.71385447184247,87.15834795633951,1347960.0,1207800.0,1134905.0,1134753.333333333,1362128.333333333,82.6541976928711,82.46942901611328,81.74003601074219,83.76287078857422,82.51805114746094,82.62891693115235,82.74561767578125,83.19102935791015,83.43999633789062,83.83678436279297,83.83386535644532,84.48642425537109,85.12245025634766,85.89560089111328,86.44312896728516,86.43311004638672,86.65555191040039,86.85957221984863,87.12286911010742,87.25105628967285,86.89095535278321,87.05898361206054,87.22120157877606,87.38023427327472,87.41360905965168,87.25094210306803,87.32444229125977,87.38355305989582,87.45983428955078,87.48396224975586,1300880.0,1206780.0,1162660.0,1119180.0,1067640.0,1166350.0,1099920.0,1082860.0,1130770.0,1064510.0,1131850.0,1107515.0,1093250.0,1084605.0,1095225.0,1130363.333333333,1119023.333333333,1114156.666666667,1124273.333333333,1114893.333333333,1365405.0,1358415.0,1358821.666666667,1359111.666666667,1356975.0,1
2018-04-06,82.0026170004173,82.24574620255562,79.64912810445004,80.30071258544922,1235700,1,81.92092437744141,82.68046035766602,85.79482994079589,86.47158253987631,87.0278305053711,1324040.0,1221610.0,1129110.0,1135580.0,1361888.333333333,82.44024658203125,82.6541976928711,82.46942901611328,81.74003601074219,83.76287078857422,82.61335601806641,82.62891693115235,82.74561767578125,83.19102935791015,83.43999633789062,83.22507019042969,83.83386535644532,84.48642425537109,85.12245025634766,85.89560089111328,86.17522239685059,86.43311004638672,86.65555191040039,86.85957221984863,87.12286911010742,86.71385447184247,86.89095535278321,87.05898361206054,87.22120157877606,87.38023427327472,87.15834795633951,87.25094210306803,87.32444229125977,87.38355305989582,87.45983428955078,1347960.0,1300880.0,1206780.0,1162660.0,1119180.0,1207800.0,1166350.0,1099920.0,1082860.0,1130770.0,1134905.0,1131850.0,1107515.0,1093250.0,1084605.0,1134753.333333333,1130363.333333333,1119023.333333333,1114156.666666667,1124273.333333333,1362128.333333333,1365405.0,1358415.0,1358821.666666667,1359111.666666667,1
2018-04-09,80.84531436775596,82.28464241551082,80.50493499083505,81.28295135498047,1425900,1,81.82950744628906,82.51026840209961,85.37329216003418,86.24264170328777,86.93471132914225,1344300.0,1253480.0,1140675.0,1150733.333333333,1370048.333333333,80.30071258544922,82.44024658203125,82.6541976928711,82.46942901611328,81.74003601074219,81.92092437744141,82.61335601806641,82.62891693115235,82.74561767578125,83.19102935791015,82.68046035766602,83.22507019042969,83.83386535644532,84.48642425537109,85.12245025634766,85.79482994079589,86.17522239685059,86.43311004638672,86.65555191040039,86.85957221984863,86.47158253987631,86.71385447184247,86.89095535278321,87.05898361206054,87.22120157877606,87.0278305053711,87.15834795633951,87.25094210306803,87.32444229125977,87.38355305989582,1324040.0,1347960.0,1300880.0,1206780.0,1162660.0,1221610.0,1207800.0,1166350.0,1099920.0,1082860.0,1129110.0,1134905.0,1131850.0,1107515.0,1093250.0,1135580.0,1134753.333333333,1130363.333333333,1119023.333333333,1114156.666666667,1361888.333333333,1362128.333333333,1365405.0,1358415.0,1358821.666666667,1
2018-04-10,82.5861133543981,83.36412965374954,82.22628693721153,83.02375030517578,1924400,0,81.94037170410157,82.3429946899414,85.02811851501465,86.02061411539715,86.84990119934082,1454400.0,1330590.0,1171650.0,1188103.333333333,1389291.666666667,81.28295135498047,80.30071258544922,82.44024658203125,82.6541976928711,82.46942901611328,81.82950744628906,81.92092437744141,82.61335601806641,82.62891693115235,82.74561767578125,82.51026840209961,82.68046035766602,83.22507019042969,83.83386535644532,84.48642425537109,85.37329216003418,85.79482994079589,86.17522239685059,86.43311004638672,86.65555191040039,86.24264170328777,86.47158253987631,86.71385447184247,86.89095535278321,87.05898361206054,86.93471132914225,87.0278305053711,87.15834795633951,87.25094210306803,87.32444229125977,1344300.0,1324040.0,1347960.0,1300880.0,1206780.0,1253480.0,1221610.0,1207800.0,1166350.0,1099920.0,1140675.0,1129110.0,1134905.0,1131850.0,1107515.0,1150733.333333333,1135580.0,1134753.333333333,1130363.333333333,1119023.333333333,1370048.333333333,1361888.333333333,1362128.333333333,1365405.0,1358415.0,1
2018-04-11,82.53751307384148,83.58782570085253,82.5180585805418,82.93624114990234,1612500,1,81.99678039550781,82.31284866333006,84.68584899902343,85.81087417602541,86.74681040445965,1472640.0,1386760.0,1207930.0,1203756.666666667,1402066.666666667,83.02375030517578,81.28295135498047,80.30071258544922,82.44024658203125,82.6541976928711,81.94037170410157,81.82950744628906,81.92092437744141,82.61335601806641,82.62891693115235,82.3429946899414,82.51026840209961,82.68046035766602,83.22507019042969,83.83386535644532,85.02811851501465,85.37329216003418,85.79482994079589,86.17522239685059,86.43311004638672,86.02061411539715,86.24264170328777,86.47158253987631,86.71385447184247,86.89095535278321,86.84990119934082,86.93471132914225,87.0278305053711,87.15834795633951,87.25094210306803,1454400.0,1344300.0,1324040.0,1347960.0,1300880.0,1330590.0,1253480.0,1221610.0,1207800.0,1166350.0,1171650.0,1140675.0,1129110.0,1134905.0,1131850.0,1188103.333333333,1150733.333333333,1135580.0,1134753.333333333,1130363.333333333,1389291.666666667,1370048.333333333,1361888.333333333,1362128.333333333,1365405.0,1
2018-04-12,83.43221886360388,84.11297766959925,82.97513477112933,83.77259826660156,1035400,0,82.26325073242188,82.43830337524416,84.44071617126465,85.64680531819661,86.6665552775065,1446780.0,1397370.0,1230940.0,1195940.0,1394621.666666667,82.93624114990234,83.02375030517578,81.28295135498047,80.30071258544922,82.44024658203125,81.99678039550781,81.94037170410157,81.82950744628906,81.92092437744141,82.61335601806641,82.31284866333006,82.3429946899414,82.51026840209961,82.68046035766602,83.22507019042969,84.68584899902343,85.02811851501465,85.37329216003418,85.79482994079589,86.17522239685059,85.81087417602541,86.02061411539715,86.24264170328777,86.47158253987631,86.71385447184247,86.74681040445965,86.84990119934082,86.93471132914225,87.0278305053711,87.15834795633951,1472640.0,1454400.0,1344300.0,1324040.0,1347960.0,1386760.0,1330590.0,1253480.0,1221610.0,1207800.0,1207930.0,1171650.0,1140675.0,1129110.0,1134905.0,1203756.666666667,1188103.333333333,1150733.333333333,1135580.0,1134753.333333333,1402066.666666667,1389291.666666667,1370048.333333333,1361888.333333333,1362128.333333333,1
2018-04-13,84.12270336154987,84.28802943713593,83.02376204653663,83.25716400146484,749500,1,82.854541015625,82.3877326965332,84.14166679382325,85.54449030558268,86.55231450398762,1349540.0,1336790.0,1233780.0,1168666.666666667,1391553.333333333,83.77259826660156,82.93624114990234,83.02375030517578,81.28295135498047,80.30071258544922,82.26325073242188,81.99678039550781,81.94037170410157,81.82950744628906,81.92092437744141,82.43830337524416,82.31284866333006,82.3429946899414,82.51026840209961,82.68046035766602,84.44071617126465,84.68584899902343,85.02811851501465,85.37329216003418,85.79482994079589,85.64680531819661,85.81087417602541,86.02061411539715,86.24264170328777,86.47158253987631,86.6665552775065,86.74681040445965,86.84990119934082,86.93471132914225,87.0278305053711,1446780.0,1472640.0,1454400.0,1344300.0,1324040.0,1397370.0,1386760.0,1330590.0,1253480.0,1221610.0,1230940.0,1207930.0,1171650.0,1140675.0,1129110.0,1195940.0,1203756.666666667,1188103.333333333,1150733.333333333,1135580.0,1394621.666666667,1402066.666666667,1389291.666666667,1370048.333333333,1361888.333333333,1
2018-04-16,83.92819505816132,84.42417323816956,83.39330789966574,84.09352111816406,754800,1,83.41665496826172,82.62308120727539,83.87276573181153,85.44740854899088,86.46107126871746,1215320.0,1279810.0,1181335.0,1155436.666666667,1378860.0,83.25716400146484,83.77259826660156,82.93624114990234,83.02375030517578,81.28295135498047,82.854541015625,82.26325073242188,81.99678039550781,81.94037170410157,81.82950744628906,82.3877326965332,82.43830337524416,82.31284866333006,82.3429946899414,82.51026840209961,84.14166679382325,84.44071617126465,84.68584899902343,85.02811851501465,85.37329216003418,85.54449030558268,85.64680531819661,85.81087417602541,86.02061411539715,86.24264170328777,86.55231450398762,86.6665552775065,86.74681040445965,86.84990119934082,86.93471132914225,1349540.0,1446780.0,1472640.0,1454400.0,1344300.0,1336790.0,1397370.0,1386760.0,1330590.0,1253480.0,1233780.0,1230940.0,1207930.0,1171650.0,1140675.0,1168666.666666667,1195940.0,1203756.666666667,1188103.333333333,1150733.333333333,1391553.333333333,1394621.666666667,1402066.666666667,1389291.666666667,1370048.333333333,1
2018-04-17,84.42418693836997,84.74511928554763,83.91848143167493,84.43391418457031,999900,1,83.69868774414063,82.8195297241211,83.6529769897461,85.37687784830729,86.36191431681317,1030420.0,1242410.0,1171165.0,1152480.0,1365681.666666667,84.09352111816406,83.25716400146484,83.77259826660156,82.93624114990234,83.02375030517578,83.41665496826172,82.854541015625,82.26325073242188,81.99678039550781,81.94037170410157,82.62308120727539,82.3877326965332,82.43830337524416,82.31284866333006,82.3429946899414,83.87276573181153,84.14166679382325,84.44071617126465,84.68584899902343,85.02811851501465,85.44740854899088,85.54449030558268,85.64680531819661,85.81087417602541,86.02061411539715,86.46107126871746,86.55231450398762,86.6665552775065,86.74681040445965,86.84990119934082,1215320.0,1349540.0,1446780.0,1472640.0,1454400.0,1279810.0,1336790.0,1397370.0,1386760.0,1330590.0,1181335.0,1233780.0,1230940.0,1207930.0,1171650.0,1155436.666666667,1168666.666666667,1195940.0,1203756.666666667,1188103.333333333,1378860.0,1391553.333333333,1394621.666666667,1402066.666666667,1389291.666666667,1
2018-04-18,84.8131864126765,85.26054323541021,84.33665527406882,84.80345916748047,763200,0,84.07213134765625,83.03445587158203,83.43416061401369,85.30022532145182,86.28751754760742,860560.0,1166600.0,1166475.0,1143433.333333333,1344055.0,84.43391418457031,84.09352111816406,83.25716400146484,83.77259826660156,82.93624114990234,83.69868774414063,83.41665496826172,82.854541015625,82.26325073242188,81.99678039550781,82.8195297241211,82.62308120727539,82.3877326965332,82.43830337524416,82.31284866333006,83.6529769897461,83.87276573181153,84.14166679382325,84.44071617126465,84.68584899902343,85.37687784830729,85.44740854899088,85.54449030558268,85.64680531819661,85.81087417602541,86.36191431681317,86.46107126871746,86.55231450398762,86.6665552775065,86.74681040445965,1030420.0,1215320.0,1349540.0,1446780.0,1472640.0,1242410.0,1279810.0,1336790.0,1397370.0,1386760.0,1171165.0,1181335.0,1233780.0,1230940.0,1207930.0,1152480.0,1155436.666666667,1168666.666666667,1195940.0,1203756.666666667,1365681.666666667,1378860.0,1391553.333333333,1394621.666666667,1402066.666666667,1
2018-04-19,84.68675972871091,84.71593404383549,83.64616711088831,83.83094024658203,1033900,0,84.08379974365235,83.17352523803713,83.19929771423341,85.17465667724609,86.19950014750162,860260.0,1153520.0,1180660.0,1141110.0,1336515.0,84.80345916748047,84.43391418457031,84.09352111816406,83.25716400146484,83.77259826660156,84.07213134765625,83.69868774414063,83.41665496826172,82.854541015625,82.26325073242188,83.03445587158203,82.8195297241211,82.62308120727539,82.3877326965332,82.43830337524416,83.43416061401369,83.6529769897461,83.87276573181153,84.14166679382325,84.44071617126465,85.30022532145182,85.37687784830729,85.44740854899088,85.54449030558268,85.64680531819661,86.28751754760742,86.36191431681317,86.46107126871746,86.55231450398762,86.6665552775065,860560.0,1030420.0,1215320.0,1349540.0,1446780.0,1166600.0,1242410.0,1279810.0,1336790.0,1397370.0,1166475.0,1171165.0,1181335.0,1233780.0,1230940.0,1143433.333333333,1152480.0,1155436.666666667,1168666.666666667,1195940.0,1344055.0,1365681.666666667,1378860.0,1391553.333333333,1394621.666666667,1
2018-04-20,83.58781679449363,83.59754404010701,82.34299646569859,82.86815643310547,1515800,0,84.00599822998045,83.43026962280274,83.05536499023438,85.0066431681315,86.10546506245932,1013520.0,1181530.0,1201570.0,1146583.333333333,1320680.0,83.83094024658203,84.80345916748047,84.43391418457031,84.09352111816406,83.25716400146484,84.08379974365235,84.07213134765625,83.69868774414063,83.41665496826172,82.854541015625,83.17352523803713,83.03445587158203,82.8195297241211,82.62308120727539,82.3877326965332,83.19929771423341,83.43416061401369,83.6529769897461,83.87276573181153,84.14166679382325,85.17465667724609,85.30022532145182,85.37687784830729,85.44740854899088,85.54449030558268,86.19950014750162,86.28751754760742,86.36191431681317,86.46107126871746,86.55231450398762,860260.0,860560.0,1030420.0,1215320.0,1349540.0,1153520.0,1166600.0,1242410.0,1279810.0,1336790.0,1180660.0,1166475.0,1171165.0,1181335.0,1233780.0,1141110.0,1143433.333333333,1152480.0,1155436.666666667,1168666.666666667,1336515.0,1344055.0,1365681.666666667,1378860.0,1391553.333333333,1
2018-04-23,83.24743866892702,83.33496904135801,81.9637167577508,82.0804214477539,1528000,0,83.60337829589844,83.51001663208008,83.01014251708985,84.75220031738282,85.99830106099445,1168160.0,1191740.0,1222610.0,1157696.666666667,1309641.666666667,82.86815643310547,83.83094024658203,84.80345916748047,84.43391418457031,84.09352111816406,84.00599822998045,84.08379974365235,84.07213134765625,83.69868774414063,83.41665496826172,83.43026962280274,83.17352523803713,83.03445587158203,82.8195297241211,82.62308120727539,83.05536499023438,83.19929771423341,83.43416061401369,83.6529769897461,83.87276573181153,85.0066431681315,85.17465667724609,85.30022532145182,85.37687784830729,85.44740854899088,86.10546506245932,86.19950014750162,86.28751754760742,86.36191431681317,86.46107126871746,1013520.0,860260.0,860560.0,1030420.0,1215320.0,1181530.0,1153520.0,1166600.0,1242410.0,1279810.0,1201570.0,1180660.0,1166475.0,1171165.0,1181335.0,1146583.333333333,1141110.0,1143433.333333333,1152480.0,1155436.666666667,1320680.0,1336515.0,1344055.0,1365681.666666667,1378860.0,1
2018-04-24,82.6250228131142,82.76117456556447,79.7755484173238,80.49520874023438,2392900,1,82.81563720703123,83.25716247558594,82.80007858276367,84.43779983520508,85.83996887207032,1446760.0,1238590.0,1284590.0,1193963.333333333,1321830.0,82.0804214477539,82.86815643310547,83.83094024658203,84.80345916748047,84.43391418457031,83.60337829589844,84.00599822998045,84.08379974365235,84.07213134765625,83.69868774414063,83.51001663208008,83.43026962280274,83.17352523803713,83.03445587158203,82.8195297241211,83.01014251708985,83.05536499023438,83.19929771423341,83.43416061401369,83.6529769897461,84.75220031738282,85.0066431681315,85.17465667724609,85.30022532145182,85.37687784830729,85.99830106099445,86.10546506245932,86.19950014750162,86.28751754760742,86.36191431681317,1168160.0,1013520.0,860260.0,860560.0,1030420.0,1191740.0,1181530.0,1153520.0,1166600.0,1242410.0,1222610.0,1201570.0,1180660.0,1166475.0,1171165.0,1157696.666666667,1146583.333333333,1141110.0,1143433.333333333,1152480.0,1309641.666666667,1320680.0,1336515.0,1344055.0,1365681.666666667,1
2018-04-25,81.35103018650295,81.64278076887369,78.20979772028333,80.60218811035156,2801500,1,81.97538299560547,83.02375717163086,82.66830291748047,84.13181838989256,85.69312489827475,1854420.0,1357490.0,1372125.0,1257783.333333333,1335385.0,80.49520874023438,82.0804214477539,82.86815643310547,83.83094024658203,84.80345916748047,82.81563720703123,83.60337829589844,84.00599822998045,84.08379974365235,84.07213134765625,83.25716247558594,83.51001663208008,83.43026962280274,83.17352523803713,83.03445587158203,82.80007858276367,83.01014251708985,83.05536499023438,83.19929771423341,83.43416061401369,84.43779983520508,84.75220031738282,85.0066431681315,85.17465667724609,85.30022532145182,85.83996887207032,85.99830106099445,86.10546506245932,86.19950014750162,86.28751754760742,1446760.0,1168160.0,1013520.0,860260.0,860560.0,1238590.0,1191740.0,1181530.0,1153520.0,1166600.0,1284590.0,1222610.0,1201570.0,1180660.0,1166475.0,1193963.333333333,1157696.666666667,1146583.333333333,1141110.0,1143433.333333333,1321830.0,1309641.666666667,1320680.0,1336515.0,1344055.0,1
2018-04-26,80.86477246598406,81.50662968828762,80.3298852643025,81.4871826171875,1580100,1,81.50663146972656,82.79521560668945,82.6167594909668,83.89221598307292,85.55423723856606,1963660.0,1411960.0,1404665.0,1291280.0,1336541.666666667,80.60218811035156,80.49520874023438,82.0804214477539,82.86815643310547,83.83094024658203,81.97538299560547,82.81563720703123,83.60337829589844,84.00599822998045,84.08379974365235,83.02375717163086,83.25716247558594,83.51001663208008,83.43026962280274,83.17352523803713,82.66830291748047,82.80007858276367,83.01014251708985,83.05536499023438,83.19929771423341,84.13181838989256,84.43779983520508,84.75220031738282,85.0066431681315,85.17465667724609,85.69312489827475,85.83996887207032,85.99830106099445,86.10546506245932,86.19950014750162,1854420.0,1446760.0,1168160.0,1013520.0,860260.0,1357490.0,1238590.0,1191740.0,1181530.0,1153520.0,1372125.0,1284590.0,1222610.0,1201570.0,1180660.0,1257783.333333333,1193963.333333333,1157696.666666667,1146583.333333333,1141110.0,1335385.0,1321830.0,1309641.666666667,1320680.0,1336515.0,1
2018-04-27,81.59415329223961,82.28463926461403,81.21487236966371,81.96370697021484,1789200,0,81.32574157714843,82.66586990356446,82.52680130004883,83.64973449707031,85.41973292032877,2018340.0,1515930.0,1426360.0,1327830.0,1340661.666666667,81.4871826171875,80.60218811035156,80.49520874023438,82.0804214477539,82.86815643310547,81.50663146972656,81.97538299560547,82.81563720703123,83.60337829589844,84.00599822998045,82.79521560668945,83.02375717163086,83.25716247558594,83.51001663208008,83.43026962280274,82.6167594909668,82.66830291748047,82.80007858276367,83.01014251708985,83.05536499023438,83.89221598307292,84.13181838989256,84.43779983520508,84.75220031738282,85.0066431681315,85.55423723856606,85.69312489827475,85.83996887207032,85.99830106099445,86.10546506245932,1963660.0,1854420.0,1446760.0,1168160.0,1013520.0,1411960.0,1357490.0,1238590.0,1191740.0,1181530.0,1404665.0,1372125.0,1284590.0,1222610.0,1201570.0,1291280.0,1257783.333333333,1193963.333333333,1157696.666666667,1146583.333333333,1336541.666666667,1335385.0,1321830.0,1309641.666666667,1320680.0,1
2018-04-30,82.07068975316524,82.51804657768875,81.40937805175781,81.40937805175781,1534700,1,81.19153289794922,82.39745559692383,82.51026840209961,83.38099568684896,85.27518094380697,2019680.0,1593920.0,1436865.0,1318863.333333333,1344208.333333333,81.96370697021484,81.4871826171875,80.60218811035156,80.49520874023438,82.0804214477539,81.32574157714843,81.50663146972656,81.97538299560547,82.81563720703123,83.60337829589844,82.66586990356446,82.79521560668945,83.02375717163086,83.25716247558594,83.51001663208008,82.52680130004883,82.6167594909668,82.66830291748047,82.80007858276367,83.01014251708985,83.64973449707031,83.89221598307292,84.13181838989256,84.43779983520508,84.75220031738282,85.41973292032877,85.55423723856606,85.69312489827475,85.83996887207032,85.99830106099445,2018340.0,1963660.0,1854420.0,1446760.0,1168160.0,1515930.0,1411960.0,1357490.0,1238590.0,1191740.0,1426360.0,1404665.0,1372125.0,1284590.0,1222610.0,1327830.0,1291280.0,1257783.333333333,1193963.333333333,1157696.666666667,1340661.666666667,1336541.666666667,1335385.0,1321830.0,1309641.666666667,1
2018-05-01,81.05928306356134,81.82757231376554,80.49522147434077,81.63307189941406,1290300,1,81.41910552978516,82.1173713684082,82.46845054626466,83.14110844930013,85.15975240071614,1799160.0,1622960.0,1432685.0,1321763.333333333,1337366.666666667,81.40937805175781,81.96370697021484,81.4871826171875,80.60218811035156,80.49520874023438,81.19153289794922,81.32574157714843,81.50663146972656,81.97538299560547,82.81563720703123,82.39745559692383,82.66586990356446,82.79521560668945,83.02375717163086,83.25716247558594,82.51026840209961,82.52680130004883,82.6167594909668,82.66830291748047,82.80007858276367,83.38099568684896,83.64973449707031,83.89221598307292,84.13181838989256,84.43779983520508,85.27518094380697,85.41973292032877,85.55423723856606,85.69312489827475,85.83996887207032,2019680.0,2018340.0,1963660.0,1854420.0,1446760.0,1593920.0,1515930.0,1411960.0,1357490.0,1238590.0,1436865.0,1426360.0,1404665.0,1372125.0,1284590.0,1318863.333333333,1327830.0,1291280.0,1257783.333333333,1193963.333333333,1344208.333333333,1340661.666666667,1336541.666666667,1335385.0,1321830.0,1
2018-05-02,81.88592120796255,82.44998279893164,81.44829156445753,81.65251922607422,1742400,1,81.62917175292971,81.80227737426758,82.41836662292481,82.8901995340983,85.09058507283528,1587340.0,1720880.0,1443740.0,1351276.666666667,1334488.333333333,81.63307189941406,81.40937805175781,81.96370697021484,81.4871826171875,80.60218811035156,81.41910552978516,81.19153289794922,81.32574157714843,81.50663146972656,81.97538299560547,82.1173713684082,82.39745559692383,82.66586990356446,82.79521560668945,83.02375717163086,82.46845054626466,82.51026840209961,82.52680130004883,82.6167594909668,82.66830291748047,83.14110844930013,83.38099568684896,83.64973449707031,83.89221598307292,84.13181838989256,85.15975240071614,85.27518094380697,85.41973292032877,85.55423723856606,85.69312489827475,1799160.0,2019680.0,2018340.0,1963660.0,1854420.0,1622960.0,1593920.0,1515930.0,1411960.0,1357490.0,1432685.0,1436865.0,1426360.0,1404665.0,1372125.0,1321763.333333333,1318863.333333333,1327830.0,1291280.0,1257783.333333333,1337366.666666667,1344208.333333333,1340661.666666667,1336541.666666667,1335385.0,1
2018-05-03,81.11762218279799,82.13876027445859,80.55356071137764,81.96370697021484,1293000,1,81.72447662353515,81.61555404663086,82.39453964233398,82.67138315836588,85.0241781870524,1529920.0,1746790.0,1450155.0,1369370.0,1314883.333333333,81.65251922607422,81.63307189941406,81.40937805175781,81.96370697021484,81.4871826171875,81.62917175292971,81.41910552978516,81.19153289794922,81.32574157714843,81.50663146972656,81.80227737426758,82.1173713684082,82.39745559692383,82.66586990356446,82.79521560668945,82.41836662292481,82.46845054626466,82.51026840209961,82.52680130004883,82.6167594909668,82.8901995340983,83.14110844930013,83.38099568684896,83.64973449707031,83.89221598307292,85.09058507283528,85.15975240071614,85.27518094380697,85.41973292032877,85.55423723856606,1587340.0,1799160.0,2019680.0,2018340.0,1963660.0,1720880.0,1622960.0,1593920.0,1515930.0,1411960.0,1443740.0,1432685.0,1436865.0,1426360.0,1404665.0,1351276.666666667,1321763.333333333,1318863.333333333,1327830.0,1291280.0,1334488.333333333,1337366.666666667,1344208.333333333,1340661.666666667,1336541.666666667,1
2018-05-04,81.47745198056417,83.23770492057379,81.35102747438974,83.00430297851562,1415000,1,81.93259582519529,81.62916870117188,82.5297191619873,82.57996622721355,84.97964363098144,1455080.0,1736710.0,1459120.0,1379950.0,1308766.666666667,81.96370697021484,81.65251922607422,81.63307189941406,81.40937805175781,81.96370697021484,81.72447662353515,81.62917175292971,81.41910552978516,81.19153289794922,81.32574157714843,81.61555404663086,81.80227737426758,82.1173713684082,82.39745559692383,82.66586990356446,82.39453964233398,82.41836662292481,82.46845054626466,82.51026840209961,82.52680130004883,82.67138315836588,82.8901995340983,83.14110844930013,83.38099568684896,83.64973449707031,85.0241781870524,85.09058507283528,85.15975240071614,85.27518094380697,85.41973292032877,1529920.0,1587340.0,1799160.0,2019680.0,2018340.0,1746790.0,1720880.0,1622960.0,1593920.0,1515930.0,1450155.0,1443740.0,1432685.0,1436865.0,1426360.0,1369370.0,1351276.666666667,1321763.333333333,1318863.333333333,1327830.0,1314883.333333333,1334488.333333333,1337366.666666667,1344208.333333333,1340661.666666667,1
2018-05-07,83.12100825390097,83.79204718929586,83.12100825390097,83.46138763427734,1370100,0,82.34299774169922,81.76726531982422,82.63864097595214,82.59585011800131,85.00483932495119,1422160.0,1720920.0,1456330.0,1388713.333333333,1288788.333333333,83.00430297851562,81.96370697021484,81.65251922607422,81.63307189941406,81.40937805175781,81.93259582519529,81.72447662353515,81.62917175292971,81.41910552978516,81.19153289794922,81.62916870117188,81.61555404663086,81.80227737426758,82.1173713684082,82.39745559692383,82.5297191619873,82.39453964233398,82.41836662292481,82.46845054626466,82.51026840209961,82.57996622721355,82.67138315836588,82.8901995340983,83.14110844930013,83.38099568684896,84.97964363098144,85.0241781870524,85.09058507283528,85.15975240071614,85.27518094380697,1455080.0,1529920.0,1587340.0,1799160.0,2019680.0,1736710.0,1746790.0,1720880.0,1622960.0,1593920.0,1459120.0,1450155.0,1443740.0,1432685.0,1436865.0,1379950.0,1369370.0,1351276.666666667,1321763.333333333,1318863.333333333,1308766.666666667,1314883.333333333,1334488.333333333,1337366.666666667,1344208.333333333,1
2018-05-08,83.51972717678784,83.6267046017956,82.82924124610082,83.38357543945312,1282500,1,82.69309844970705,82.0561019897461,82.65663223266601,82.55208638509114,85.02323875427246,1420600.0,1609880.0,1424235.0,1393020.0,1265495.0,83.46138763427734,83.00430297851562,81.96370697021484,81.65251922607422,81.63307189941406,82.34299774169922,81.93259582519529,81.72447662353515,81.62917175292971,81.41910552978516,81.76726531982422,81.62916870117188,81.61555404663086,81.80227737426758,82.1173713684082,82.63864097595214,82.5297191619873,82.39453964233398,82.41836662292481,82.46845054626466,82.59585011800131,82.57996622721355,82.67138315836588,82.8901995340983,83.14110844930013,85.00483932495119,84.97964363098144,85.0241781870524,85.09058507283528,85.15975240071614,1422160.0,1455080.0,1529920.0,1587340.0,1799160.0,1720920.0,1736710.0,1746790.0,1720880.0,1622960.0,1456330.0,1459120.0,1450155.0,1443740.0,1432685.0,1388713.333333333,1379950.0,1369370.0,1351276.666666667,1321763.333333333,1288788.333333333,1308766.666666667,1314883.333333333,1334488.333333333,1337366.666666667,1
2018-05-09,83.42248691837979,84.09352586056914,82.91678146523077,83.93791961669922,1124600,1,83.15017852783203,82.38967514038086,82.70671615600584,82.5754269917806,85.02451171875,1297040.0,1442190.0,1399840.0,1395480.0,1254275.0,83.38357543945312,83.46138763427734,83.00430297851562,81.96370697021484,81.65251922607422,82.69309844970705,82.34299774169922,81.93259582519529,81.72447662353515,81.62917175292971,82.0561019897461,81.76726531982422,81.62916870117188,81.61555404663086,81.80227737426758,82.65663223266601,82.63864097595214,82.5297191619873,82.39453964233398,82.41836662292481,82.55208638509114,82.59585011800131,82.57996622721355,82.67138315836588,82.8901995340983,85.02323875427246,85.00483932495119,84.97964363098144,85.0241781870524,85.09058507283528,1420600.0,1422160.0,1455080.0,1529920.0,1587340.0,1609880.0,1720920.0,1736710.0,1746790.0,1720880.0,1424235.0,1456330.0,1459120.0,1450155.0,1443740.0,1393020.0,1388713.333333333,1379950.0,1369370.0,1351276.666666667,1265495.0,1288788.333333333,1308766.666666667,1314883.333333333,1334488.333333333,1
2018-05-10,84.43390667110353,84.91043781650762,83.77259496291016,84.87153625488281,977500,1,83.73174438476562,82.72811050415041,82.76166305541992,82.65387649536133,85.0337427775065,1233940.0,1381930.0,1396945.0,1397086.666666667,1255990.0,83.93791961669922,83.38357543945312,83.46138763427734,83.00430297851562,81.96370697021484,83.15017852783203,82.69309844970705,82.34299774169922,81.93259582519529,81.72447662353515,82.38967514038086,82.0561019897461,81.76726531982422,81.62916870117188,81.61555404663086,82.70671615600584,82.65663223266601,82.63864097595214,82.5297191619873,82.39453964233398,82.5754269917806,82.55208638509114,82.59585011800131,82.57996622721355,82.67138315836588,85.02451171875,85.02323875427246,85.00483932495119,84.97964363098144,85.0241781870524,1297040.0,1420600.0,1422160.0,1455080.0,1529920.0,1442190.0,1609880.0,1720920.0,1736710.0,1746790.0,1399840.0,1424235.0,1456330.0,1459120.0,1450155.0,1395480.0,1393020.0,1388713.333333333,1379950.0,1369370.0,1254275.0,1265495.0,1288788.333333333,1308766.666666667,1314883.333333333,1
2018-05-11,84.69648779563347,85.60092875107517,84.60896484174297,85.5620346069336,1182300,1,84.24329071044922,83.08794326782227,82.87690658569336,82.71384862263997,85.04704144795734,1187400.0,1321240.0,1418585.0,1391320.0,1257796.666666667,84.87153625488281,83.93791961669922,83.38357543945312,83.46138763427734,83.00430297851562,83.73174438476562,83.15017852783203,82.69309844970705,82.34299774169922,81.93259582519529,82.72811050415041,82.38967514038086,82.0561019897461,81.76726531982422,81.62916870117188,82.76166305541992,82.70671615600584,82.65663223266601,82.63864097595214,82.5297191619873,82.65387649536133,82.5754269917806,82.55208638509114,82.59585011800131,82.57996622721355,85.0337427775065,85.02451171875,85.02323875427246,85.00483932495119,84.97964363098144,1233940.0,1297040.0,1420600.0,1422160.0,1455080.0,1381930.0,1442190.0,1609880.0,1720920.0,1736710.0,1396945.0,1399840.0,1424235.0,1456330.0,1459120.0,1397086.666666667,1395480.0,1393020.0,1388713.333333333,1379950.0,1255990.0,1254275.0,1265495.0,1288788.333333333,1308766.666666667,1
2018-05-14,85.7176294322723,85.8829555061403,85.36752279366105,85.7662582397461,1072800,0,84.70426483154297,83.5236312866211,82.96054344177246,82.84805603027344,85.03462880452474,1127940.0,1275050.0,1434485.0,1382926.666666667,1248541.666666667,85.5620346069336,84.87153625488281,83.93791961669922,83.38357543945312,83.46138763427734,84.24329071044922,83.73174438476562,83.15017852783203,82.69309844970705,82.34299774169922,83.08794326782227,82.72811050415041,82.38967514038086,82.0561019897461,81.76726531982422,82.87690658569336,82.76166305541992,82.70671615600584,82.65663223266601,82.63864097595214,82.71384862263997,82.65387649536133,82.5754269917806,82.55208638509114,82.59585011800131,85.04704144795734,85.0337427775065,85.02451171875,85.02323875427246,85.00483932495119,1187400.0,1233940.0,1297040.0,1420600.0,1422160.0,1321240.0,1381930.0,1442190.0,1609880.0,1720920.0,1418585.0,1396945.0,1399840.0,1424235.0,1456330.0,1391320.0,1397086.666666667,1395480.0,1393020.0,1388713.333333333,1257796.666666667,1255990.0,1254275.0,1265495.0,1288788.333333333,1
2018-05-15,85.63982050668503,85.74679794010893,85.17301663330234,85.44532012939453,1110100,1,85.11661376953127,83.90485610961916,83.01111373901367,82.94725240071615,85.00311800638833,1093460.0,1257030.0,1439995.0,1374133.333333333,1246578.333333333,85.7662582397461,85.5620346069336,84.87153625488281,83.93791961669922,83.38357543945312,84.70426483154297,84.24329071044922,83.73174438476562,83.15017852783203,82.69309844970705,83.5236312866211,83.08794326782227,82.72811050415041,82.38967514038086,82.0561019897461,82.96054344177246,82.87690658569336,82.76166305541992,82.70671615600584,82.65663223266601,82.84805603027344,82.71384862263997,82.65387649536133,82.5754269917806,82.55208638509114,85.03462880452474,85.04704144795734,85.0337427775065,85.02451171875,85.02323875427246,1127940.0,1187400.0,1233940.0,1297040.0,1420600.0,1275050.0,1321240.0,1381930.0,1442190.0,1609880.0,1434485.0,1418585.0,1396945.0,1399840.0,1424235.0,1382926.666666667,1391320.0,1397086.666666667,1395480.0,1393020.0,1248541.666666667,1257796.666666667,1255990.0,1254275.0,1265495.0,1
2018-05-16,85.80516247118626,86.2525193189481,85.20219937043882,85.92185974121094,1020000,0,85.51340179443359,84.33179016113282,83.06703376770021,83.05617446899414,84.97356491088867,1072540.0,1184790.0,1452835.0,1357423.333333333,1243893.333333333,85.44532012939453,85.7662582397461,85.5620346069336,84.87153625488281,83.93791961669922,85.11661376953127,84.70426483154297,84.24329071044922,83.73174438476562,83.15017852783203,83.90485610961916,83.5236312866211,83.08794326782227,82.72811050415041,82.38967514038086,83.01111373901367,82.96054344177246,82.87690658569336,82.76166305541992,82.70671615600584,82.94725240071615,82.84805603027344,82.71384862263997,82.65387649536133,82.5754269917806,85.00311800638833,85.03462880452474,85.04704144795734,85.0337427775065,85.02451171875,1093460.0,1127940.0,1187400.0,1233940.0,1297040.0,1257030.0,1275050.0,1321240.0,1381930.0,1442190.0,1439995.0,1434485.0,1418585.0,1396945.0,1399840.0,1374133.333333333,1382926.666666667,1391320.0,1397086.666666667,1395480.0,1246578.333333333,1248541.666666667,1257796.666666667,1255990.0,1254275.0,1
2018-05-17,85.79543134620533,86.25251541904032,85.50367334490643,85.69818115234375,999100,0,85.67873077392578,84.7052375793457,83.16039581298828,83.16477228800456,84.93931337992349,1076860.0,1155400.0,1451095.0,1351903.333333333,1243328.333333333,85.92185974121094,85.44532012939453,85.7662582397461,85.5620346069336,84.87153625488281,85.51340179443359,85.11661376953127,84.70426483154297,84.24329071044922,83.73174438476562,84.33179016113282,83.90485610961916,83.5236312866211,83.08794326782227,82.72811050415041,83.06703376770021,83.01111373901367,82.96054344177246,82.87690658569336,82.76166305541992,83.05617446899414,82.94725240071615,82.84805603027344,82.71384862263997,82.65387649536133,84.97356491088867,85.00311800638833,85.03462880452474,85.04704144795734,85.0337427775065,1072540.0,1093460.0,1127940.0,1187400.0,1233940.0,1184790.0,1257030.0,1275050.0,1321240.0,1381930.0,1452835.0,1439995.0,1434485.0,1418585.0,1396945.0,1357423.333333333,1374133.333333333,1382926.666666667,1391320.0,1397086.666666667,1243893.333333333,1246578.333333333,1248541.666666667,1257796.666666667,1255990.0,1
2018-05-18,85.50367855129196,85.94131557988838,85.21192795194231,85.5620346069336,907300,1,85.67873077392578,84.9610107421875,83.29508972167969,83.3401496887207,84.90586611429849,1021860.0,1104630.0,1420670.0,1340956.666666667,1238268.333333333,85.69818115234375,85.92185974121094,85.44532012939453,85.7662582397461,85.5620346069336,85.67873077392578,85.51340179443359,85.11661376953127,84.70426483154297,84.24329071044922,84.7052375793457,84.33179016113282,83.90485610961916,83.5236312866211,83.08794326782227,83.16039581298828,83.06703376770021,83.01111373901367,82.96054344177246,82.87690658569336,83.16477228800456,83.05617446899414,82.94725240071615,82.84805603027344,82.71384862263997,84.93931337992349,84.97356491088867,85.00311800638833,85.03462880452474,85.04704144795734,1076860.0,1072540.0,1093460.0,1127940.0,1187400.0,1155400.0,1184790.0,1257030.0,1275050.0,1321240.0,1451095.0,1452835.0,1439995.0,1434485.0,1418585.0,1351903.333333333,1357423.333333333,1374133.333333333,1382926.666666667,1391320.0,1243328.333333333,1243893.333333333,1246578.333333333,1248541.666666667,1257796.666666667,1
2018-05-21,86.0580139787821,86.49565101310995,85.79543769395721,86.48592376708984,991700,0,85.82266387939453,85.26346435546877,83.51536483764649,83.51358210245769,84.87811190287272,1005640.0,1066790.0,1393855.0,1326483.333333333,1238608.333333333,85.5620346069336,85.69818115234375,85.92185974121094,85.44532012939453,85.7662582397461,85.67873077392578,85.67873077392578,85.51340179443359,85.11661376953127,84.70426483154297,84.9610107421875,84.7052375793457,84.33179016113282,83.90485610961916,83.5236312866211,83.29508972167969,83.16039581298828,83.06703376770021,83.01111373901367,82.96054344177246,83.3401496887207,83.16477228800456,83.05617446899414,82.94725240071615,82.84805603027344,84.90586611429849,84.93931337992349,84.97356491088867,85.00311800638833,85.03462880452474,1021860.0,1076860.0,1072540.0,1093460.0,1127940.0,1104630.0,1155400.0,1184790.0,1257030.0,1275050.0,1420670.0,1451095.0,1452835.0,1439995.0,1434485.0,1340956.666666667,1351903.333333333,1357423.333333333,1374133.333333333,1382926.666666667,1238268.333333333,1243328.333333333,1243893.333333333,1246578.333333333,1248541.666666667,1
2018-05-22,86.74850861169035,86.74850861169035,85.61066556564958,85.67874145507812,1091900,1,85.86934814453123,85.49298095703125,83.77454147338867,83.60208180745444,84.81134796142578,1002000.0,1047730.0,1328805.0,1298733.333333333,1243418.333333333,86.48592376708984,85.5620346069336,85.69818115234375,85.92185974121094,85.44532012939453,85.82266387939453,85.67873077392578,85.67873077392578,85.51340179443359,85.11661376953127,85.26346435546877,84.9610107421875,84.7052375793457,84.33179016113282,83.90485610961916,83.51536483764649,83.29508972167969,83.16039581298828,83.06703376770021,83.01111373901367,83.51358210245769,83.3401496887207,83.16477228800456,83.05617446899414,82.94725240071615,84.87811190287272,84.90586611429849,84.93931337992349,84.97356491088867,85.00311800638833,1005640.0,1021860.0,1076860.0,1072540.0,1093460.0,1066790.0,1104630.0,1155400.0,1184790.0,1257030.0,1393855.0,1420670.0,1451095.0,1452835.0,1439995.0,1326483.333333333,1340956.666666667,1351903.333333333,1357423.333333333,1374133.333333333,1238608.333333333,1238268.333333333,1243328.333333333,1243893.333333333,1246578.333333333,1
2018-05-23,85.20219674254929,85.79543257925934,84.66730953905196,85.7759780883789,1118400,0,85.84017181396484,85.67678680419922,84.03323097229004,83.69673970540364,84.75380694071451,1021680.0,1047110.0,1244650.0,1282263.333333333,1243010.0,85.67874145507812,86.48592376708984,85.5620346069336,85.69818115234375,85.92185974121094,85.86934814453123,85.82266387939453,85.67873077392578,85.67873077392578,85.51340179443359,85.49298095703125,85.26346435546877,84.9610107421875,84.7052375793457,84.33179016113282,83.77454147338867,83.51536483764649,83.29508972167969,83.16039581298828,83.06703376770021,83.60208180745444,83.51358210245769,83.3401496887207,83.16477228800456,83.05617446899414,84.81134796142578,84.87811190287272,84.90586611429849,84.93931337992349,84.97356491088867,1002000.0,1005640.0,1021860.0,1076860.0,1072540.0,1047730.0,1066790.0,1104630.0,1155400.0,1184790.0,1328805.0,1393855.0,1420670.0,1451095.0,1452835.0,1298733.333333333,1326483.333333333,1340956.666666667,1351903.333333333,1357423.333333333,1243418.333333333,1238608.333333333,1238268.333333333,1243328.333333333,1243893.333333333,1
2018-05-24,85.68846363993697,86.17472208419052,84.98825029305745,85.3869857788086,807800,0,85.77793273925779,85.7283317565918,84.2282211303711,83.75055262247722,84.6986789703369,983420.0,1030140.0,1206035.0,1274676.666666667,1235308.333333333,85.7759780883789,85.67874145507812,86.48592376708984,85.5620346069336,85.69818115234375,85.84017181396484,85.86934814453123,85.82266387939453,85.67873077392578,85.67873077392578,85.67678680419922,85.49298095703125,85.26346435546877,84.9610107421875,84.7052375793457,84.03323097229004,83.77454147338867,83.51536483764649,83.29508972167969,83.16039581298828,83.69673970540364,83.60208180745444,83.51358210245769,83.3401496887207,83.16477228800456,84.75380694071451,84.81134796142578,84.87811190287272,84.90586611429849,84.93931337992349,1021680.0,1002000.0,1005640.0,1021860.0,1076860.0,1047110.0,1047730.0,1066790.0,1104630.0,1155400.0,1244650.0,1328805.0,1393855.0,1420670.0,1451095.0,1282263.333333333,1298733.333333333,1326483.333333333,1340956.666666667,1351903.333333333,1243010.0,1243418.333333333,1238608.333333333,1238268.333333333,1243328.333333333,1
2018-05-25,85.27027169675148,85.39669620724645,84.43390667110353,84.87153625488281,1100400,0,85.63983306884765,85.65928192138672,84.3736125946045,83.80436503092447,84.6744276682536,1022040.0,1021950.0,1171595.0,1286373.333333333,1227520.0,85.3869857788086,85.7759780883789,85.67874145507812,86.48592376708984,85.5620346069336,85.77793273925779,85.84017181396484,85.86934814453123,85.82266387939453,85.67873077392578,85.7283317565918,85.67678680419922,85.49298095703125,85.26346435546877,84.9610107421875,84.2282211303711,84.03323097229004,83.77454147338867,83.51536483764649,83.29508972167969,83.75055262247722,83.69673970540364,83.60208180745444,83.51358210245769,83.3401496887207,84.6986789703369,84.75380694071451,84.81134796142578,84.87811190287272,84.90586611429849,983420.0,1021680.0,1002000.0,1005640.0,1021860.0,1030140.0,1047110.0,1047730.0,1066790.0,1104630.0,1206035.0,1244650.0,1328805.0,1393855.0,1420670.0,1274676.666666667,1282263.333333333,1298733.333333333,1326483.333333333,1340956.666666667,1235308.333333333,1243010.0,1243418.333333333,1238608.333333333,1238268.333333333,1
2018-05-29,84.16161350467188,85.2313806118513,83.88930995954058,84.58952331542969,1439800,1,85.26055297851562,85.54160842895506,84.53261985778809,83.8208984375,84.63415349324545,1111660.0,1058650.0,1166850.0,1309206.666666667,1232321.666666667,84.87153625488281,85.3869857788086,85.7759780883789,85.67874145507812,86.48592376708984,85.63983306884765,85.77793273925779,85.84017181396484,85.86934814453123,85.82266387939453,85.65928192138672,85.7283317565918,85.67678680419922,85.49298095703125,85.26346435546877,84.3736125946045,84.2282211303711,84.03323097229004,83.77454147338867,83.51536483764649,83.80436503092447,83.75055262247722,83.69673970540364,83.60208180745444,83.51358210245769,84.6744276682536,84.6986789703369,84.75380694071451,84.81134796142578,84.87811190287272,1022040.0,983420.0,1021680.0,1002000.0,1005640.0,1021950.0,1030140.0,1047110.0,1047730.0,1066790.0,1171595.0,1206035.0,1244650.0,1328805.0,1393855.0,1286373.333333333,1274676.666666667,1282263.333333333,1298733.333333333,1326483.333333333,1227520.0,1235308.333333333,1243010.0,1243418.333333333,1238608.333333333,1
2018-05-30,85.08549643245227,85.53285328942434,84.98824623219132,85.16329956054688,956600,0,85.15746459960937,85.51340637207029,84.70913124084474,83.84521128336588,84.6110445658366,1084600.0,1043300.0,1150165.0,1307763.333333333,1230121.666666667,84.58952331542969,84.87153625488281,85.3869857788086,85.7759780883789,85.67874145507812,85.26055297851562,85.63983306884765,85.77793273925779,85.84017181396484,85.86934814453123,85.54160842895506,85.65928192138672,85.7283317565918,85.67678680419922,85.49298095703125,84.53261985778809,84.3736125946045,84.2282211303711,84.03323097229004,83.77454147338867,83.8208984375,83.80436503092447,83.75055262247722,83.69673970540364,83.60208180745444,84.63415349324545,84.6744276682536,84.6986789703369,84.75380694071451,84.81134796142578,1111660.0,1022040.0,983420.0,1021680.0,1002000.0,1058650.0,1021950.0,1030140.0,1047110.0,1047730.0,1166850.0,1171595.0,1206035.0,1244650.0,1328805.0,1309206.666666667,1286373.333333333,1274676.666666667,1282263.333333333,1298733.333333333,1232321.666666667,1227520.0,1235308.333333333,1243010.0,1243418.333333333,1
2018-05-31,84.04488510930456,85.37723555914866,83.96708199842763,84.5408706665039,1793400,1,84.91044311523437,85.37530746459963,84.85354881286621,83.83645833333334,84.56834182739256,1219600.0,1120640.0,1152715.0,1342103.333333333,1242768.333333333,85.16329956054688,84.58952331542969,84.87153625488281,85.3869857788086,85.7759780883789,85.15746459960937,85.26055297851562,85.63983306884765,85.77793273925779,85.84017181396484,85.51340637207029,85.54160842895506,85.65928192138672,85.7283317565918,85.67678680419922,84.70913124084474,84.53261985778809,84.3736125946045,84.2282211303711,84.03323097229004,83.84521128336588,83.8208984375,83.80436503092447,83.75055262247722,83.69673970540364,84.6110445658366,84.63415349324545,84.6744276682536,84.6986789703369,84.75380694071451,1084600.0,1111660.0,1022040.0,983420.0,1021680.0,1043300.0,1058650.0,1021950.0,1030140.0,1047110.0,1150165.0,1166850.0,1171595.0,1206035.0,1244650.0,1307763.333333333,1309206.666666667,1286373.333333333,1274676.666666667,1282263.333333333,1230121.666666667,1232321.666666667,1227520.0,1235308.333333333,1243010.0,1
2018-06-01,85.163313388214,86.08720157027344,84.94935846107201,85.94132995605469,1049300,0,85.0213119506836,85.39962234497071,85.0524299621582,83.90680465698242,84.54073066711426,1267900.0,1125660.0,1140530.0,1342616.666666667,1241863.333333333,84.5408706665039,85.16329956054688,84.58952331542969,84.87153625488281,85.3869857788086,84.91044311523437,85.15746459960937,85.26055297851562,85.63983306884765,85.77793273925779,85.37530746459963,85.51340637207029,85.54160842895506,85.65928192138672,85.7283317565918,84.85354881286621,84.70913124084474,84.53261985778809,84.3736125946045,84.2282211303711,83.83645833333334,83.84521128336588,83.8208984375,83.80436503092447,83.75055262247722,84.56834182739256,84.6110445658366,84.63415349324545,84.6744276682536,84.6986789703369,1219600.0,1084600.0,1111660.0,1022040.0,983420.0,1120640.0,1043300.0,1058650.0,1021950.0,1030140.0,1152715.0,1150165.0,1166850.0,1171595.0,1206035.0,1342103.333333333,1307763.333333333,1309206.666666667,1286373.333333333,1274676.666666667,1242768.333333333,1230121.666666667,1232321.666666667,1227520.0,1235308.333333333,1
2018-06-04,85.98021886473524,86.26224222383719,85.53285458129159,85.66900634765625,1214500,1,85.18080596923828,85.41031951904297,85.18566513061523,84.0001663208008,84.50340474446615,1290720.0,1156380.0,1130505.0,1332573.333333333,1239578.333333333,85.94132995605469,84.5408706665039,85.16329956054688,84.58952331542969,84.87153625488281,85.0213119506836,84.91044311523437,85.15746459960937,85.26055297851562,85.63983306884765,85.39962234497071,85.37530746459963,85.51340637207029,85.54160842895506,85.65928192138672,85.0524299621582,84.85354881286621,84.70913124084474,84.53261985778809,84.3736125946045,83.90680465698242,83.83645833333334,83.84521128336588,83.8208984375,83.80436503092447,84.54073066711426,84.56834182739256,84.6110445658366,84.63415349324545,84.6744276682536,1267900.0,1219600.0,1084600.0,1111660.0,1022040.0,1125660.0,1120640.0,1043300.0,1058650.0,1021950.0,1140530.0,1152715.0,1150165.0,1166850.0,1171595.0,1342616.666666667,1342103.333333333,1307763.333333333,1309206.666666667,1286373.333333333,1241863.333333333,1242768.333333333,1230121.666666667,1232321.666666667,1227520.0,1
2018-06-05,85.59120485606161,87.5070641215448,84.82291570078226,87.4778823852539,1334700,1,85.75847778320312,85.50951538085937,85.38648986816406,84.18008168538411,84.46614100138346,1269700.0,1190680.0,1128735.0,1326130.0,1241913.333333333,85.66900634765625,85.94132995605469,84.5408706665039,85.16329956054688,84.58952331542969,85.18080596923828,85.0213119506836,84.91044311523437,85.15746459960937,85.26055297851562,85.41031951904297,85.39962234497071,85.37530746459963,85.51340637207029,85.54160842895506,85.18566513061523,85.0524299621582,84.85354881286621,84.70913124084474,84.53261985778809,84.0001663208008,83.90680465698242,83.83645833333334,83.84521128336588,83.8208984375,84.50340474446615,84.54073066711426,84.56834182739256,84.6110445658366,84.63415349324545,1290720.0,1267900.0,1219600.0,1084600.0,1111660.0,1156380.0,1125660.0,1120640.0,1043300.0,1058650.0,1130505.0,1140530.0,1152715.0,1150165.0,1166850.0,1332573.333333333,1342616.666666667,1342103.333333333,1307763.333333333,1309206.666666667,1239578.333333333,1241863.333333333,1242768.333333333,1230121.666666667,1232321.666666667,1
2018-06-06,87.52651982191557,87.95442962646484,86.96245824677607,87.95442962646484,1048100,1,86.31670379638672,85.73708419799804,85.61503257751465,84.4287223815918,84.43326110839844,1288000.0,1186300.0,1117015.0,1281303.333333333,1237633.333333333,87.4778823852539,85.66900634765625,85.94132995605469,84.5408706665039,85.16329956054688,85.75847778320312,85.18080596923828,85.0213119506836,84.91044311523437,85.15746459960937,85.50951538085937,85.41031951904297,85.39962234497071,85.37530746459963,85.51340637207029,85.38648986816406,85.18566513061523,85.0524299621582,84.85354881286621,84.70913124084474,84.18008168538411,84.0001663208008,83.90680465698242,83.83645833333334,83.84521128336588,84.46614100138346,84.50340474446615,84.54073066711426,84.56834182739256,84.6110445658366,1269700.0,1290720.0,1267900.0,1219600.0,1084600.0,1190680.0,1156380.0,1125660.0,1120640.0,1043300.0,1128735.0,1130505.0,1140530.0,1152715.0,1150165.0,1326130.0,1332573.333333333,1342616.666666667,1342103.333333333,1307763.333333333,1241913.333333333,1239578.333333333,1241863.333333333,1242768.333333333,1230121.666666667,1
2018-06-07,88.01276930141931,88.37260318402502,87.75991285905546,88.31424713134766,1486700,1,87.07137908935547,85.99091110229492,85.83384895324706,84.685791015625,84.4088047027588,1226660.0,1223130.0,1135120.0,1237476.666666667,1247630.0,87.95442962646484,87.4778823852539,85.66900634765625,85.94132995605469,84.5408706665039,86.31670379638672,85.75847778320312,85.18080596923828,85.0213119506836,84.91044311523437,85.73708419799804,85.50951538085937,85.41031951904297,85.39962234497071,85.37530746459963,85.61503257751465,85.38648986816406,85.18566513061523,85.0524299621582,84.85354881286621,84.4287223815918,84.18008168538411,84.0001663208008,83.90680465698242,83.83645833333334,84.43326110839844,84.46614100138346,84.50340474446615,84.54073066711426,84.56834182739256,1288000.0,1269700.0,1290720.0,1267900.0,1219600.0,1186300.0,1190680.0,1156380.0,1125660.0,1120640.0,1117015.0,1128735.0,1130505.0,1140530.0,1152715.0,1281303.333333333,1326130.0,1332573.333333333,1342616.666666667,1342103.333333333,1237633.333333333,1241913.333333333,1239578.333333333,1241863.333333333,1242768.333333333,1
2018-06-08,87.97385445376871,88.47956726212387,87.59457355735887,88.41149139404297,1085900,0,87.56541137695312,86.29336166381836,86.01084671020506,84.91660130818686,84.40440864562989,1233980.0,1250940.0,1140540.0,1221003.333333333,1256141.666666667,88.31424713134766,87.95442962646484,87.4778823852539,85.66900634765625,85.94132995605469,87.07137908935547,86.31670379638672,85.75847778320312,85.18080596923828,85.0213119506836,85.99091110229492,85.73708419799804,85.50951538085937,85.41031951904297,85.39962234497071,85.83384895324706,85.61503257751465,85.38648986816406,85.18566513061523,85.0524299621582,84.685791015625,84.4287223815918,84.18008168538411,84.0001663208008,83.90680465698242,84.4088047027588,84.43326110839844,84.46614100138346,84.50340474446615,84.54073066711426,1226660.0,1288000.0,1269700.0,1290720.0,1267900.0,1223130.0,1186300.0,1190680.0,1156380.0,1125660.0,1135120.0,1117015.0,1128735.0,1130505.0,1140530.0,1237476.666666667,1281303.333333333,1326130.0,1332573.333333333,1342616.666666667,1247630.0,1237633.333333333,1241913.333333333,1239578.333333333,1241863.333333333,1
2018-06-11,88.46984425979521,88.59626875808874,88.09056334520113,88.22671508789062,1389200,1,88.076953125,86.62887954711914,86.14408073425292,85.1253682454427,84.3875513712565,1268920.0,1279820.0,1150885.0,1207670.0,1267750.0,88.41149139404297,88.31424713134766,87.95442962646484,87.4778823852539,85.66900634765625,87.56541137695312,87.07137908935547,86.31670379638672,85.75847778320312,85.18080596923828,86.29336166381836,85.99091110229492,85.73708419799804,85.50951538085937,85.41031951904297,86.01084671020506,85.83384895324706,85.61503257751465,85.38648986816406,85.18566513061523,84.91660130818686,84.685791015625,84.4287223815918,84.18008168538411,84.0001663208008,84.40440864562989,84.4088047027588,84.43326110839844,84.46614100138346,84.50340474446615,1233980.0,1226660.0,1288000.0,1269700.0,1290720.0,1250940.0,1223130.0,1186300.0,1190680.0,1156380.0,1140540.0,1135120.0,1117015.0,1128735.0,1130505.0,1221003.333333333,1237476.666666667,1281303.333333333,1326130.0,1332573.333333333,1256141.666666667,1247630.0,1237633.333333333,1241913.333333333,1239578.333333333,1
2018-06-12,88.04194479955505,88.38232419593199,87.04998092729755,88.37260437011719,1364900,1,88.25589752197266,87.00718765258789,86.27439804077149,85.35747578938802,84.36923573811849,1274960.0,1272330.0,1165490.0,1202010.0,1260436.666666667,88.22671508789062,88.41149139404297,88.31424713134766,87.95442962646484,87.4778823852539,88.076953125,87.56541137695312,87.07137908935547,86.31670379638672,85.75847778320312,86.62887954711914,86.29336166381836,85.99091110229492,85.73708419799804,85.50951538085937,86.14408073425292,86.01084671020506,85.83384895324706,85.61503257751465,85.38648986816406,85.1253682454427,84.91660130818686,84.685791015625,84.4287223815918,84.18008168538411,84.3875513712565,84.40440864562989,84.4088047027588,84.43326110839844,84.46614100138346,1268920.0,1233980.0,1226660.0,1288000.0,1269700.0,1279820.0,1250940.0,1223130.0,1186300.0,1190680.0,1150885.0,1140540.0,1135120.0,1117015.0,1128735.0,1207670.0,1221003.333333333,1237476.666666667,1281303.333333333,1326130.0,1267750.0,1256141.666666667,1247630.0,1237633.333333333,1241913.333333333,0
2018-06-13,88.42122889042223,88.76160829885616,88.16837985542256,88.54766082763672,1105200,1,88.37454376220703,87.34562377929687,86.4295150756836,85.58796208699545,84.36453526814779,1286380.0,1287190.0,1165245.0,1195840.0,1258801.666666667,88.37260437011719,88.22671508789062,88.41149139404297,88.31424713134766,87.95442962646484,88.25589752197266,88.076953125,87.56541137695312,87.07137908935547,86.31670379638672,87.00718765258789,86.62887954711914,86.29336166381836,85.99091110229492,85.73708419799804,86.27439804077149,86.14408073425292,86.01084671020506,85.83384895324706,85.61503257751465,85.35747578938802,85.1253682454427,84.91660130818686,84.685791015625,84.4287223815918,84.36923573811849,84.3875513712565,84.40440864562989,84.4088047027588,84.43326110839844,1274960.0,1268920.0,1233980.0,1226660.0,1288000.0,1272330.0,1279820.0,1250940.0,1223130.0,1186300.0,1165490.0,1150885.0,1140540.0,1135120.0,1117015.0,1202010.0,1207670.0,1221003.333333333,1237476.666666667,1281303.333333333,1260436.666666667,1267750.0,1256141.666666667,1247630.0,1237633.333333333,0
2018-06-14,88.66435290548212,89.02418678458515,88.22672332309034,88.69352722167969,1054000,1,88.45039978027344,87.76088943481446,86.56809844970705,85.82266235351562,84.35643094380697,1199840.0,1213250.0,1166945.0,1172893.333333333,1262085.0,88.54766082763672,88.37260437011719,88.22671508789062,88.41149139404297,88.31424713134766,88.37454376220703,88.25589752197266,88.076953125,87.56541137695312,87.07137908935547,87.34562377929687,87.00718765258789,86.62887954711914,86.29336166381836,85.99091110229492,86.4295150756836,86.27439804077149,86.14408073425292,86.01084671020506,85.83384895324706,85.58796208699545,85.35747578938802,85.1253682454427,84.91660130818686,84.685791015625,84.36453526814779,84.36923573811849,84.3875513712565,84.40440864562989,84.4088047027588,1286380.0,1274960.0,1268920.0,1233980.0,1226660.0,1287190.0,1272330.0,1279820.0,1250940.0,1223130.0,1165245.0,1165490.0,1150885.0,1140540.0,1135120.0,1195840.0,1202010.0,1207670.0,1221003.333333333,1237476.666666667,1258801.666666667,1260436.666666667,1267750.0,1256141.666666667,1247630.0,0
2018-06-15,88.41079096832331,89.66851043135605,87.93305498946512,89.03477478027344,1743000,0,88.57505645751955,88.07023391723631,86.73492813110352,86.0583646138509,84.36487388610841,1331260.0,1282620.0,1204140.0,1187893.333333333,1278631.666666667,88.69352722167969,88.54766082763672,88.37260437011719,88.22671508789062,88.41149139404297,88.45039978027344,88.37454376220703,88.25589752197266,88.076953125,87.56541137695312,87.76088943481446,87.34562377929687,87.00718765258789,86.62887954711914,86.29336166381836,86.56809844970705,86.4295150756836,86.27439804077149,86.14408073425292,86.01084671020506,85.82266235351562,85.58796208699545,85.35747578938802,85.1253682454427,84.91660130818686,84.35643094380697,84.36453526814779,84.36923573811849,84.3875513712565,84.40440864562989,1199840.0,1286380.0,1274960.0,1268920.0,1233980.0,1213250.0,1287190.0,1272330.0,1279820.0,1250940.0,1166945.0,1165245.0,1165490.0,1150885.0,1140540.0,1172893.333333333,1195840.0,1202010.0,1207670.0,1221003.333333333,1262085.0,1258801.666666667,1260436.666666667,1267750.0,1256141.666666667,0
2018-06-18,88.31329804654492,88.52779388427736,87.63081061389856,88.52779388427734,805500,0,88.63527221679688,88.35611267089844,86.8832160949707,86.24248097737629,84.41122360229492,1214520.0,1241720.0,1199050.0,1167576.666666667,1273763.333333333,89.03477478027344,88.69352722167969,88.54766082763672,88.37260437011719,88.22671508789062,88.57505645751955,88.45039978027344,88.37454376220703,88.25589752197266,88.076953125,88.07023391723631,87.76088943481446,87.34562377929687,87.00718765258789,86.62887954711914,86.73492813110352,86.56809844970705,86.4295150756836,86.27439804077149,86.14408073425292,86.0583646138509,85.82266235351562,85.58796208699545,85.35747578938802,85.1253682454427,84.36487388610841,84.35643094380697,84.36453526814779,84.36923573811849,84.3875513712565,1331260.0,1199840.0,1286380.0,1274960.0,1268920.0,1282620.0,1213250.0,1287190.0,1272330.0,1279820.0,1204140.0,1166945.0,1165245.0,1165490.0,1150885.0,1187893.333333333,1172893.333333333,1195840.0,1202010.0,1207670.0,1278631.666666667,1262085.0,1258801.666666667,1260436.666666667,1267750.0,0
2018-06-19,87.32856599052498,87.57230989553803,86.43159020531073,87.4358139038086,949300,1,88.44791412353516,88.3519058227539,86.93071060180664,86.37496185302734,84.48540598551432,1131400.0,1203180.0,1196930.0,1153550.0,1271131.666666667,88.52779388427734,89.03477478027344,88.69352722167969,88.54766082763672,88.37260437011719,88.63527221679688,88.57505645751955,88.45039978027344,88.37454376220703,88.25589752197266,88.35611267089844,88.07023391723631,87.76088943481446,87.34562377929687,87.00718765258789,86.8832160949707,86.73492813110352,86.56809844970705,86.4295150756836,86.27439804077149,86.24248097737629,86.0583646138509,85.82266235351562,85.58796208699545,85.35747578938802,84.41122360229492,84.36487388610841,84.35643094380697,84.36453526814779,84.36923573811849,1214520.0,1331260.0,1199840.0,1286380.0,1274960.0,1241720.0,1282620.0,1213250.0,1287190.0,1272330.0,1199050.0,1204140.0,1166945.0,1165245.0,1165490.0,1167576.666666667,1187893.333333333,1172893.333333333,1195840.0,1202010.0,1273763.333333333,1278631.666666667,1262085.0,1258801.666666667,1260436.666666667,0
2018-06-20,87.76730041027582,87.95254815494869,87.17257213651129,87.59180450439453,970900,0,88.25674285888672,88.31564331054688,87.02636375427247,86.51523615519207,84.53366127014161,1104540.0,1195460.0,1190880.0,1143163.333333333,1268091.666666667,87.4358139038086,88.52779388427734,89.03477478027344,88.69352722167969,88.54766082763672,88.44791412353516,88.63527221679688,88.57505645751955,88.45039978027344,88.37454376220703,88.3519058227539,88.35611267089844,88.07023391723631,87.76088943481446,87.34562377929687,86.93071060180664,86.8832160949707,86.73492813110352,86.56809844970705,86.4295150756836,86.37496185302734,86.24248097737629,86.0583646138509,85.82266235351562,85.58796208699545,84.48540598551432,84.41122360229492,84.36487388610841,84.35643094380697,84.36453526814779,1131400.0,1214520.0,1331260.0,1199840.0,1286380.0,1203180.0,1241720.0,1282620.0,1213250.0,1287190.0,1196930.0,1199050.0,1204140.0,1166945.0,1165245.0,1153550.0,1167576.666666667,1187893.333333333,1172893.333333333,1195840.0,1271131.666666667,1273763.333333333,1278631.666666667,1262085.0,1258801.666666667,0
2018-06-21,87.56256891196492,87.60156883421878,86.10010530058071,86.24635314941406,1048800,1,87.76730804443359,88.10885391235351,87.0498825073242,86.59218393961588,84.58380546569825,1103500.0,1151670.0,1187400.0,1140636.666666667,1268058.333333333,87.59180450439453,87.4358139038086,88.52779388427734,89.03477478027344,88.69352722167969,88.25674285888672,88.44791412353516,88.63527221679688,88.57505645751955,88.45039978027344,88.31564331054688,88.3519058227539,88.35611267089844,88.07023391723631,87.76088943481446,87.02636375427247,86.93071060180664,86.8832160949707,86.73492813110352,86.56809844970705,86.51523615519207,86.37496185302734,86.24248097737629,86.0583646138509,85.82266235351562,84.53366127014161,84.48540598551432,84.41122360229492,84.36487388610841,84.35643094380697,1104540.0,1131400.0,1214520.0,1331260.0,1199840.0,1195460.0,1203180.0,1241720.0,1282620.0,1213250.0,1190880.0,1196930.0,1199050.0,1204140.0,1166945.0,1143163.333333333,1153550.0,1167576.666666667,1187893.333333333,1172893.333333333,1268091.666666667,1271131.666666667,1273763.333333333,1278631.666666667,1262085.0,0
2018-06-22,86.72408292560854,87.12382652102728,86.10985093097321,86.96782684326172,1252800,0,87.35391845703127,87.96448745727541,87.12892456054688,86.66206029256183,84.65796839396158,1005460.0,1168360.0,1209650.0,1149813.333333333,1273450.0,86.24635314941406,87.59180450439453,87.4358139038086,88.52779388427734,89.03477478027344,87.76730804443359,88.25674285888672,88.44791412353516,88.63527221679688,88.57505645751955,88.10885391235351,88.31564331054688,88.3519058227539,88.35611267089844,88.07023391723631,87.0498825073242,87.02636375427247,86.93071060180664,86.8832160949707,86.73492813110352,86.59218393961588,86.51523615519207,86.37496185302734,86.24248097737629,86.0583646138509,84.58380546569825,84.53366127014161,84.48540598551432,84.41122360229492,84.36487388610841,1103500.0,1104540.0,1131400.0,1214520.0,1331260.0,1151670.0,1195460.0,1203180.0,1241720.0,1282620.0,1187400.0,1190880.0,1196930.0,1199050.0,1204140.0,1140636.666666667,1143163.333333333,1153550.0,1167576.666666667,1187893.333333333,1268058.333333333,1268091.666666667,1271131.666666667,1273763.333333333,1278631.666666667,0
2018-06-25,86.7728364531233,86.7728364531233,84.71563715112298,85.5931167602539,1339200,0,86.76698303222656,87.7011276245117,87.16500358581543,86.6630963643392,84.68847249348958,1112200.0,1163360.0,1221590.0,1155043.333333333,1273181.666666667,86.96782684326172,86.24635314941406,87.59180450439453,87.4358139038086,88.52779388427734,87.35391845703127,87.76730804443359,88.25674285888672,88.44791412353516,88.63527221679688,87.96448745727541,88.10885391235351,88.31564331054688,88.3519058227539,88.35611267089844,87.12892456054688,87.0498825073242,87.02636375427247,86.93071060180664,86.8832160949707,86.66206029256183,86.59218393961588,86.51523615519207,86.37496185302734,86.24248097737629,84.65796839396158,84.58380546569825,84.53366127014161,84.48540598551432,84.41122360229492,1005460.0,1103500.0,1104540.0,1131400.0,1214520.0,1168360.0,1151670.0,1195460.0,1203180.0,1241720.0,1209650.0,1187400.0,1190880.0,1196930.0,1199050.0,1149813.333333333,1140636.666666667,1143163.333333333,1153550.0,1167576.666666667,1273450.0,1268058.333333333,1268091.666666667,1271131.666666667,1273763.333333333,0
2018-06-26,85.44686431273482,86.10009620491137,84.96912833292387,84.9886245727539,1388700,0,86.27754516601563,87.36272964477537,87.18495864868164,86.63717524210614,84.74261563618978,1200080.0,1165740.0,1219035.0,1165573.333333333,1274250.0,85.5931167602539,86.96782684326172,86.24635314941406,87.59180450439453,87.4358139038086,86.76698303222656,87.35391845703127,87.76730804443359,88.25674285888672,88.44791412353516,87.7011276245117,87.96448745727541,88.10885391235351,88.31564331054688,88.3519058227539,87.16500358581543,87.12892456054688,87.0498825073242,87.02636375427247,86.93071060180664,86.6630963643392,86.66206029256183,86.59218393961588,86.51523615519207,86.37496185302734,84.68847249348958,84.65796839396158,84.58380546569825,84.53366127014161,84.48540598551432,1112200.0,1005460.0,1103500.0,1104540.0,1131400.0,1163360.0,1168360.0,1151670.0,1195460.0,1203180.0,1221590.0,1209650.0,1187400.0,1190880.0,1196930.0,1155043.333333333,1149813.333333333,1140636.666666667,1143163.333333333,1153550.0,1273181.666666667,1273450.0,1268058.333333333,1268091.666666667,1271131.666666667,0
2018-06-27,85.1543609306583,85.66135238198966,84.09164115207311,84.11113739013672,1596300,1,85.58141174316407,86.91907730102541,87.13235054016113,86.59270248413084,84.7699774424235,1325160.0,1214850.0,1251020.0,1181780.0,1277956.666666667,84.9886245727539,85.5931167602539,86.96782684326172,86.24635314941406,87.59180450439453,86.27754516601563,86.76698303222656,87.35391845703127,87.76730804443359,88.25674285888672,87.36272964477537,87.7011276245117,87.96448745727541,88.10885391235351,88.31564331054688,87.18495864868164,87.16500358581543,87.12892456054688,87.0498825073242,87.02636375427247,86.63717524210614,86.6630963643392,86.66206029256183,86.59218393961588,86.51523615519207,84.74261563618978,84.68847249348958,84.65796839396158,84.58380546569825,84.53366127014161,1200080.0,1112200.0,1005460.0,1103500.0,1104540.0,1165740.0,1163360.0,1168360.0,1151670.0,1195460.0,1219035.0,1221590.0,1209650.0,1187400.0,1190880.0,1165573.333333333,1155043.333333333,1149813.333333333,1140636.666666667,1143163.333333333,1274250.0,1273181.666666667,1273450.0,1268058.333333333,1268091.666666667,0
2018-06-28,84.06240219380771,84.93012993198485,83.418914690814,84.88137817382812,1501400,1,85.30841674804688,86.53786239624023,87.14937591552734,86.55801976521809,84.80709711710612,1415680.0,1259590.0,1236420.0,1197826.666666667,1277625.0,84.11113739013672,84.9886245727539,85.5931167602539,86.96782684326172,86.24635314941406,85.58141174316407,86.27754516601563,86.76698303222656,87.35391845703127,87.76730804443359,86.91907730102541,87.36272964477537,87.7011276245117,87.96448745727541,88.10885391235351,87.13235054016113,87.18495864868164,87.16500358581543,87.12892456054688,87.0498825073242,86.59270248413084,86.63717524210614,86.6630963643392,86.66206029256183,86.59218393961588,84.7699774424235,84.74261563618978,84.68847249348958,84.65796839396158,84.58380546569825,1325160.0,1200080.0,1112200.0,1005460.0,1103500.0,1214850.0,1165740.0,1163360.0,1168360.0,1151670.0,1251020.0,1219035.0,1221590.0,1209650.0,1187400.0,1181780.0,1165573.333333333,1155043.333333333,1149813.333333333,1140636.666666667,1277956.666666667,1274250.0,1273181.666666667,1273450.0,1268058.333333333,0
2018-06-29,85.09586034793551,85.71984407211043,84.84236463546674,84.9691162109375,1842500,0,84.90867462158205,86.13129653930666,87.10076522827148,86.53371760050457,84.84924494425455,1533620.0,1269540.0,1276080.0,1225940.0,1288921.666666667,84.88137817382812,84.11113739013672,84.9886245727539,85.5931167602539,86.96782684326172,85.30841674804688,85.58141174316407,86.27754516601563,86.76698303222656,87.35391845703127,86.53786239624023,86.91907730102541,87.36272964477537,87.7011276245117,87.96448745727541,87.14937591552734,87.13235054016113,87.18495864868164,87.16500358581543,87.12892456054688,86.55801976521809,86.59270248413084,86.63717524210614,86.6630963643392,86.66206029256183,84.80709711710612,84.7699774424235,84.74261563618978,84.68847249348958,84.65796839396158,1415680.0,1325160.0,1200080.0,1112200.0,1005460.0,1259590.0,1214850.0,1165740.0,1163360.0,1168360.0,1236420.0,1251020.0,1219035.0,1221590.0,1209650.0,1197826.666666667,1181780.0,1165573.333333333,1155043.333333333,1149813.333333333,1277625.0,1277956.666666667,1274250.0,1273181.666666667,1273450.0,0
2018-07-02,84.38416117842992,84.98864143324056,83.40918534708342,84.93014526367188,1151500,0,84.77608032226563,85.77153167724609,87.06382217407227,86.51265462239581,84.92640215555826,1496080.0,1304140.0,1272930.0,1234080.0,1287518.333333333,84.9691162109375,84.88137817382812,84.11113739013672,84.9886245727539,85.5931167602539,84.90867462158205,85.30841674804688,85.58141174316407,86.27754516601563,86.76698303222656,86.13129653930666,86.53786239624023,86.91907730102541,87.36272964477537,87.7011276245117,87.10076522827148,87.14937591552734,87.13235054016113,87.18495864868164,87.16500358581543,86.53371760050457,86.55801976521809,86.59270248413084,86.63717524210614,86.6630963643392,84.84924494425455,84.80709711710612,84.7699774424235,84.74261563618978,84.68847249348958,1533620.0,1415680.0,1325160.0,1200080.0,1112200.0,1269540.0,1259590.0,1214850.0,1165740.0,1163360.0,1276080.0,1236420.0,1251020.0,1219035.0,1221590.0,1225940.0,1197826.666666667,1181780.0,1165573.333333333,1155043.333333333,1288921.666666667,1277625.0,1277956.666666667,1274250.0,1273181.666666667,0
2018-07-03,85.31037760444049,85.31037760444049,84.41340170514769,84.54014587402344,429600,1,84.68638458251955,85.48196487426758,86.91693534851075,86.44779535929364,84.98068873087566,1304260.0,1252170.0,1227675.0,1215343.333333333,1270913.333333333,84.93014526367188,84.9691162109375,84.88137817382812,84.11113739013672,84.9886245727539,84.77608032226563,84.90867462158205,85.30841674804688,85.58141174316407,86.27754516601563,85.77153167724609,86.13129653930666,86.53786239624023,86.91907730102541,87.36272964477537,87.06382217407227,87.10076522827148,87.14937591552734,87.13235054016113,87.18495864868164,86.51265462239581,86.53371760050457,86.55801976521809,86.59270248413084,86.63717524210614,84.92640215555826,84.84924494425455,84.80709711710612,84.7699774424235,84.74261563618978,1496080.0,1533620.0,1415680.0,1325160.0,1200080.0,1304140.0,1269540.0,1259590.0,1214850.0,1165740.0,1272930.0,1276080.0,1236420.0,1251020.0,1219035.0,1234080.0,1225940.0,1197826.666666667,1181780.0,1165573.333333333,1287518.333333333,1288921.666666667,1277625.0,1277956.666666667,1274250.0,0
2018-07-05,85.01787411880586,85.63211354192165,84.38414589399754,85.61260986328125,778600,1,84.98667907714844,85.28404541015625,86.79984436035156,86.44559097290039,85.02383639017741,1140720.0,1232940.0,1214200.0,1204900.0,1251816.666666667,84.54014587402344,84.93014526367188,84.9691162109375,84.88137817382812,84.11113739013672,84.68638458251955,84.77608032226563,84.90867462158205,85.30841674804688,85.58141174316407,85.48196487426758,85.77153167724609,86.13129653930666,86.53786239624023,86.91907730102541,86.91693534851075,87.06382217407227,87.10076522827148,87.14937591552734,87.13235054016113,86.44779535929364,86.51265462239581,86.53371760050457,86.55801976521809,86.59270248413084,84.98068873087566,84.92640215555826,84.84924494425455,84.80709711710612,84.7699774424235,1304260.0,1496080.0,1533620.0,1415680.0,1325160.0,1252170.0,1304140.0,1269540.0,1259590.0,1214850.0,1227675.0,1272930.0,1276080.0,1236420.0,1251020.0,1215343.333333333,1234080.0,1225940.0,1197826.666666667,1181780.0,1270913.333333333,1287518.333333333,1288921.666666667,1277625.0,1277956.666666667,1
2018-07-06,85.77835690690429,86.2658447088705,85.28111726612616,85.98310089111328,811800,1,85.20702362060547,85.25772018432617,86.68328704833985,86.45249506632489,85.07461738586427,1002800.0,1209240.0,1180455.0,1194680.0,1238471.666666667,85.61260986328125,84.54014587402344,84.93014526367188,84.9691162109375,84.88137817382812,84.98667907714844,84.68638458251955,84.77608032226563,84.90867462158205,85.30841674804688,85.28404541015625,85.48196487426758,85.77153167724609,86.13129653930666,86.53786239624023,86.79984436035156,86.91693534851075,87.06382217407227,87.10076522827148,87.14937591552734,86.44559097290039,86.44779535929364,86.51265462239581,86.53371760050457,86.55801976521809,85.02383639017741,84.98068873087566,84.92640215555826,84.84924494425455,84.80709711710612,1140720.0,1304260.0,1496080.0,1533620.0,1415680.0,1232940.0,1252170.0,1304140.0,1269540.0,1259590.0,1214200.0,1227675.0,1272930.0,1276080.0,1236420.0,1204900.0,1215343.333333333,1234080.0,1225940.0,1197826.666666667,1251816.666666667,1270913.333333333,1287518.333333333,1288921.666666667,1277625.0,1
2018-07-09,86.5875840240514,87.19207159741717,86.20734412033748,87.13357543945312,813700,0,85.6399154663086,85.27429504394532,86.61939125061035,86.51071472167969,85.13063367207846,797040.0,1165330.0,1166845.0,1194876.666666667,1234776.666666667,85.98310089111328,85.61260986328125,84.54014587402344,84.93014526367188,84.9691162109375,85.20702362060547,84.98667907714844,84.68638458251955,84.77608032226563,84.90867462158205,85.25772018432617,85.28404541015625,85.48196487426758,85.77153167724609,86.13129653930666,86.68328704833985,86.79984436035156,86.91693534851075,87.06382217407227,87.10076522827148,86.45249506632489,86.44559097290039,86.44779535929364,86.51265462239581,86.53371760050457,85.07461738586427,85.02383639017741,84.98068873087566,84.92640215555826,84.84924494425455,1002800.0,1140720.0,1304260.0,1496080.0,1533620.0,1209240.0,1232940.0,1252170.0,1304140.0,1269540.0,1180455.0,1214200.0,1227675.0,1272930.0,1276080.0,1194680.0,1204900.0,1215343.333333333,1234080.0,1225940.0,1238471.666666667,1251816.666666667,1270913.333333333,1287518.333333333,1288921.666666667,1
2018-07-10,86.89957578334317,87.31881560448036,86.81183154654579,87.03607177734375,656400,0,86.06110076904297,85.4185905456543,86.559859085083,86.58286590576172,85.1936154683431,698020.0,1097050.0,1130205.0,1180076.666666667,1233225.0,87.13357543945312,85.98310089111328,85.61260986328125,84.54014587402344,84.93014526367188,85.6399154663086,85.20702362060547,84.98667907714844,84.68638458251955,84.77608032226563,85.27429504394532,85.25772018432617,85.28404541015625,85.48196487426758,85.77153167724609,86.61939125061035,86.68328704833985,86.79984436035156,86.91693534851075,87.06382217407227,86.51071472167969,86.45249506632489,86.44559097290039,86.44779535929364,86.51265462239581,85.13063367207846,85.07461738586427,85.02383639017741,84.98068873087566,84.92640215555826,797040.0,1002800.0,1140720.0,1304260.0,1496080.0,1165330.0,1209240.0,1232940.0,1252170.0,1304140.0,1166845.0,1180455.0,1214200.0,1227675.0,1272930.0,1194876.666666667,1194680.0,1204900.0,1215343.333333333,1234080.0,1234776.666666667,1238471.666666667,1251816.666666667,1270913.333333333,1287518.333333333,1
2018-07-11,83.7796599142622,86.50959477521945,83.7796599142622,85.45661926269531,791900,1,86.24439544677735,85.46539001464843,86.41405982971192,86.61176910400391,85.21633377075196,770480.0,1037370.0,1101555.0,1158480.0,1233843.333333333,87.03607177734375,87.13357543945312,85.98310089111328,85.61260986328125,84.54014587402344,86.06110076904297,85.6399154663086,85.20702362060547,84.98667907714844,84.68638458251955,85.4185905456543,85.27429504394532,85.25772018432617,85.28404541015625,85.48196487426758,86.559859085083,86.61939125061035,86.68328704833985,86.79984436035156,86.91693534851075,86.58286590576172,86.51071472167969,86.45249506632489,86.44559097290039,86.44779535929364,85.1936154683431,85.13063367207846,85.07461738586427,85.02383639017741,84.98068873087566,698020.0,797040.0,1002800.0,1140720.0,1304260.0,1097050.0,1165330.0,1209240.0,1232940.0,1252170.0,1130205.0,1166845.0,1180455.0,1214200.0,1227675.0,1180076.666666667,1194876.666666667,1194680.0,1204900.0,1215343.333333333,1233225.0,1234776.666666667,1238471.666666667,1251816.666666667,1270913.333333333,1
2018-07-12,85.93434762504144,86.86057145710741,85.91485138623379,86.82157897949219,819900,0,86.48618927001955,85.73643417358399,86.32775573730468,86.66704508463543,85.25612818400064,778740.0,959730.0,1087290.0,1153923.333333333,1230843.333333333,85.45661926269531,87.03607177734375,87.13357543945312,85.98310089111328,85.61260986328125,86.24439544677735,86.06110076904297,85.6399154663086,85.20702362060547,84.98667907714844,85.46539001464843,85.4185905456543,85.27429504394532,85.25772018432617,85.28404541015625,86.41405982971192,86.559859085083,86.61939125061035,86.68328704833985,86.79984436035156,86.61176910400391,86.58286590576172,86.51071472167969,86.45249506632489,86.44559097290039,85.21633377075196,85.1936154683431,85.13063367207846,85.07461738586427,85.02383639017741,770480.0,698020.0,797040.0,1002800.0,1140720.0,1037370.0,1097050.0,1165330.0,1209240.0,1232940.0,1101555.0,1130205.0,1166845.0,1180455.0,1214200.0,1158480.0,1180076.666666667,1194876.666666667,1194680.0,1204900.0,1233843.333333333,1233225.0,1234776.666666667,1238471.666666667,1251816.666666667,1
2018-07-13,86.98731373654927,87.09456163469929,86.43157800907758,86.49007415771484,678000,0,86.58758392333985,85.89730377197266,86.21758308410645,86.73201853434244,85.28423843383787,751980.0,877390.0,1068490.0,1116743.333333333,1229423.333333333,86.82157897949219,85.45661926269531,87.03607177734375,87.13357543945312,85.98310089111328,86.48618927001955,86.24439544677735,86.06110076904297,85.6399154663086,85.20702362060547,85.73643417358399,85.46539001464843,85.4185905456543,85.27429504394532,85.25772018432617,86.32775573730468,86.41405982971192,86.559859085083,86.61939125061035,86.68328704833985,86.66704508463543,86.61176910400391,86.58286590576172,86.51071472167969,86.45249506632489,85.25612818400064,85.21633377075196,85.1936154683431,85.13063367207846,85.07461738586427,778740.0,770480.0,698020.0,797040.0,1002800.0,959730.0,1037370.0,1097050.0,1165330.0,1209240.0,1087290.0,1101555.0,1130205.0,1166845.0,1180455.0,1153923.333333333,1158480.0,1180076.666666667,1194876.666666667,1194680.0,1230843.333333333,1233843.333333333,1233225.0,1234776.666666667,1238471.666666667,1
2018-07-16,86.58758243756367,86.88982993794556,86.18784630134377,86.31459045410156,768800,1,86.42378692626953,86.03185119628907,86.08157386779786,86.74446055094403,85.3256326039632,743000.0,770020.0,1019780.0,1107393.333333333,1225005.0,86.49007415771484,86.82157897949219,85.45661926269531,87.03607177734375,87.13357543945312,86.58758392333985,86.48618927001955,86.24439544677735,86.06110076904297,85.6399154663086,85.89730377197266,85.73643417358399,85.46539001464843,85.4185905456543,85.27429504394532,86.21758308410645,86.32775573730468,86.41405982971192,86.559859085083,86.61939125061035,86.73201853434244,86.66704508463543,86.61176910400391,86.58286590576172,86.51071472167969,85.28423843383787,85.25612818400064,85.21633377075196,85.1936154683431,85.13063367207846,751980.0,778740.0,770480.0,698020.0,797040.0,877390.0,959730.0,1037370.0,1097050.0,1165330.0,1068490.0,1087290.0,1101555.0,1130205.0,1166845.0,1116743.333333333,1153923.333333333,1158480.0,1180076.666666667,1194876.666666667,1229423.333333333,1230843.333333333,1233843.333333333,1233225.0,1234776.666666667,1
2018-07-17,86.07085720970781,86.94833686414353,85.8076170326144,86.7825927734375,1088200,1,86.3730911254883,86.21709594726562,85.99431381225584,86.78158009847006,85.39087320963542,829360.0,763690.0,1033915.0,1103183.333333333,1217878.333333333,86.31459045410156,86.49007415771484,86.82157897949219,85.45661926269531,87.03607177734375,86.42378692626953,86.58758392333985,86.48618927001955,86.24439544677735,86.06110076904297,86.03185119628907,85.89730377197266,85.73643417358399,85.46539001464843,85.4185905456543,86.08157386779786,86.21758308410645,86.32775573730468,86.41405982971192,86.559859085083,86.74446055094403,86.73201853434244,86.66704508463543,86.61176910400391,86.58286590576172,85.3256326039632,85.28423843383787,85.25612818400064,85.21633377075196,85.1936154683431,743000.0,751980.0,778740.0,770480.0,698020.0,770020.0,877390.0,959730.0,1037370.0,1097050.0,1019780.0,1068490.0,1087290.0,1101555.0,1130205.0,1107393.333333333,1116743.333333333,1153923.333333333,1158480.0,1180076.666666667,1225005.0,1229423.333333333,1230843.333333333,1233843.333333333,1233225.0,1
2018-07-18,86.83132628396571,87.2603179368158,86.56808613965454,86.89957427978516,954100,0,86.66168212890625,86.45303878784179,85.96750183105469,86.76230316162109,85.4711924235026,861800.0,816140.0,1034155.0,1090496.666666667,1208313.333333333,86.7825927734375,86.31459045410156,86.49007415771484,86.82157897949219,85.45661926269531,86.3730911254883,86.42378692626953,86.58758392333985,86.48618927001955,86.24439544677735,86.21709594726562,86.03185119628907,85.89730377197266,85.73643417358399,85.46539001464843,85.99431381225584,86.08157386779786,86.21758308410645,86.32775573730468,86.41405982971192,86.78158009847006,86.74446055094403,86.73201853434244,86.66704508463543,86.61176910400391,85.39087320963542,85.3256326039632,85.28423843383787,85.25612818400064,85.21633377075196,829360.0,743000.0,751980.0,778740.0,770480.0,763690.0,770020.0,877390.0,959730.0,1037370.0,1033915.0,1019780.0,1068490.0,1087290.0,1101555.0,1103183.333333333,1107393.333333333,1116743.333333333,1153923.333333333,1158480.0,1217878.333333333,1225005.0,1229423.333333333,1230843.333333333,1233843.333333333,1
2018-07-19,86.5095884496661,87.05557240654575,86.18784471573048,86.37308502197266,918100,0,86.57198333740234,86.52908630371094,85.9065658569336,86.70959167480468,85.56915702819825,881440.0,830090.0,1031515.0,1086163.333333333,1183733.333333333,86.89957427978516,86.7825927734375,86.31459045410156,86.49007415771484,86.82157897949219,86.66168212890625,86.3730911254883,86.42378692626953,86.58758392333985,86.48618927001955,86.45303878784179,86.21709594726562,86.03185119628907,85.89730377197266,85.73643417358399,85.96750183105469,85.99431381225584,86.08157386779786,86.21758308410645,86.32775573730468,86.76230316162109,86.78158009847006,86.74446055094403,86.73201853434244,86.66704508463543,85.4711924235026,85.39087320963542,85.3256326039632,85.28423843383787,85.25612818400064,861800.0,829360.0,743000.0,751980.0,778740.0,816140.0,763690.0,770020.0,877390.0,959730.0,1034155.0,1033915.0,1019780.0,1068490.0,1087290.0,1090496.666666667,1103183.333333333,1107393.333333333,1116743.333333333,1153923.333333333,1208313.333333333,1217878.333333333,1225005.0,1229423.333333333,1230843.333333333,1
2018-07-20,86.07084357453917,86.58757944515921,85.91485134872622,86.1878433227539,1120900,0,86.51153717041015,86.549560546875,85.90364036560058,86.63871154785156,85.66225128173828,970020.0,861000.0,1035120.0,1073970.0,1155723.333333333,86.37308502197266,86.89957427978516,86.7825927734375,86.31459045410156,86.49007415771484,86.57198333740234,86.66168212890625,86.3730911254883,86.42378692626953,86.58758392333985,86.52908630371094,86.45303878784179,86.21709594726562,86.03185119628907,85.89730377197266,85.9065658569336,85.96750183105469,85.99431381225584,86.08157386779786,86.21758308410645,86.70959167480468,86.76230316162109,86.78158009847006,86.74446055094403,86.73201853434244,85.56915702819825,85.4711924235026,85.39087320963542,85.3256326039632,85.28423843383787,881440.0,861800.0,829360.0,743000.0,751980.0,830090.0,816140.0,763690.0,770020.0,877390.0,1031515.0,1034155.0,1033915.0,1019780.0,1068490.0,1086163.333333333,1090496.666666667,1103183.333333333,1107393.333333333,1116743.333333333,1183733.333333333,1208313.333333333,1217878.333333333,1225005.0,1229423.333333333,1
2018-07-23,85.97335511050781,86.08060302957561,85.51511535421346,85.79785919189453,1071800,1,86.40819091796875,86.41598892211914,85.84514198303222,86.5515904744466,85.73409589131674,1030620.0,886810.0,1026070.0,1073500.0,1147251.666666667,86.1878433227539,86.37308502197266,86.89957427978516,86.7825927734375,86.31459045410156,86.51153717041015,86.57198333740234,86.66168212890625,86.3730911254883,86.42378692626953,86.549560546875,86.52908630371094,86.45303878784179,86.21709594726562,86.03185119628907,85.90364036560058,85.9065658569336,85.96750183105469,85.99431381225584,86.08157386779786,86.63871154785156,86.70959167480468,86.76230316162109,86.78158009847006,86.74446055094403,85.66225128173828,85.56915702819825,85.4711924235026,85.39087320963542,85.3256326039632,970020.0,881440.0,861800.0,829360.0,743000.0,861000.0,830090.0,816140.0,763690.0,770020.0,1035120.0,1031515.0,1034155.0,1033915.0,1019780.0,1073970.0,1086163.333333333,1090496.666666667,1103183.333333333,1107393.333333333,1155723.333333333,1183733.333333333,1208313.333333333,1217878.333333333,1225005.0,1
2018-07-24,86.22685376050863,87.09458154318254,86.13910207902144,86.65583801269531,1608100,1,86.38283996582031,86.37796554565429,85.8982780456543,86.49922790527344,85.81229807535807,1134600.0,981980.0,1039515.0,1080796.666666667,1144233.333333333,85.79785919189453,86.1878433227539,86.37308502197266,86.89957427978516,86.7825927734375,86.40819091796875,86.51153717041015,86.57198333740234,86.66168212890625,86.3730911254883,86.41598892211914,86.549560546875,86.52908630371094,86.45303878784179,86.21709594726562,85.84514198303222,85.90364036560058,85.9065658569336,85.96750183105469,85.99431381225584,86.5515904744466,86.63871154785156,86.70959167480468,86.76230316162109,86.78158009847006,85.73409589131674,85.66225128173828,85.56915702819825,85.4711924235026,85.39087320963542,1030620.0,970020.0,881440.0,861800.0,829360.0,886810.0,861000.0,830090.0,816140.0,763690.0,1026070.0,1035120.0,1031515.0,1034155.0,1033915.0,1073500.0,1073970.0,1086163.333333333,1090496.666666667,1103183.333333333,1147251.666666667,1155723.333333333,1183733.333333333,1208313.333333333,1217878.333333333,1
2018-07-25,87.74781161266979,90.83848274757116,87.74781161266979,90.71173858642578,2175500,1,87.14527282714843,86.90347747802734,86.18443374633789,86.57719904581705,85.96733741760254,1378880.0,1120340.0,1078855.0,1107816.666666667,1154913.333333333,86.65583801269531,85.79785919189453,86.1878433227539,86.37308502197266,86.89957427978516,86.38283996582031,86.40819091796875,86.51153717041015,86.57198333740234,86.66168212890625,86.37796554565429,86.41598892211914,86.549560546875,86.52908630371094,86.45303878784179,85.8982780456543,85.84514198303222,85.90364036560058,85.9065658569336,85.96750183105469,86.49922790527344,86.5515904744466,86.63871154785156,86.70959167480468,86.76230316162109,85.81229807535807,85.73409589131674,85.66225128173828,85.56915702819825,85.4711924235026,1134600.0,1030620.0,970020.0,881440.0,861800.0,981980.0,886810.0,861000.0,830090.0,816140.0,1039515.0,1026070.0,1035120.0,1031515.0,1034155.0,1080796.666666667,1073500.0,1073970.0,1086163.333333333,1090496.666666667,1144233.333333333,1147251.666666667,1155723.333333333,1183733.333333333,1208313.333333333,1
2018-07-26,91.19922762995138,93.30517126838735,90.80923586328569,93.1394271850586,2007500,0,88.49854125976563,87.53526229858399,86.63584823608399,86.73025792439779,86.15911000569662,1596760.0,1239100.0,1099415.0,1137893.333333333,1166866.666666667,90.71173858642578,86.65583801269531,85.79785919189453,86.1878433227539,86.37308502197266,87.14527282714843,86.38283996582031,86.40819091796875,86.51153717041015,86.57198333740234,86.90347747802734,86.37796554565429,86.41598892211914,86.549560546875,86.52908630371094,86.18443374633789,85.8982780456543,85.84514198303222,85.90364036560058,85.9065658569336,86.57719904581705,86.49922790527344,86.5515904744466,86.63871154785156,86.70959167480468,85.96733741760254,85.81229807535807,85.73409589131674,85.66225128173828,85.56915702819825,1378880.0,1134600.0,1030620.0,970020.0,881440.0,1120340.0,981980.0,886810.0,861000.0,830090.0,1078855.0,1039515.0,1026070.0,1035120.0,1031515.0,1107816.666666667,1080796.666666667,1073500.0,1073970.0,1086163.333333333,1154913.333333333,1144233.333333333,1147251.666666667,1155723.333333333,1183733.333333333,0
2018-07-27,93.13942271666096,93.50016638525294,91.27722309192144,91.60871124267578,2284900,0,89.58271484375,88.04712600708008,86.97221488952637,86.82743072509766,86.32504653930664,1829560.0,1399790.0,1138590.0,1178923.333333333,1175908.333333333,93.1394271850586,90.71173858642578,86.65583801269531,85.79785919189453,86.1878433227539,88.49854125976563,87.14527282714843,86.38283996582031,86.40819091796875,86.51153717041015,87.53526229858399,86.90347747802734,86.37796554565429,86.41598892211914,86.549560546875,86.63584823608399,86.18443374633789,85.8982780456543,85.84514198303222,85.90364036560058,86.73025792439779,86.57719904581705,86.49922790527344,86.5515904744466,86.63871154785156,86.15911000569662,85.96733741760254,85.81229807535807,85.73409589131674,85.66225128173828,1596760.0,1378880.0,1134600.0,1030620.0,970020.0,1239100.0,1120340.0,981980.0,886810.0,861000.0,1099415.0,1078855.0,1039515.0,1026070.0,1035120.0,1137893.333333333,1107816.666666667,1080796.666666667,1073500.0,1073970.0,1166866.666666667,1154913.333333333,1144233.333333333,1147251.666666667,1155723.333333333,0
2018-07-30,91.23821711726488,91.68670499417931,89.87324980925767,89.94149780273438,1061300,1,90.41144256591795,88.40981674194336,87.22083396911621,86.85765482584635,86.45800971984863,1827460.0,1429040.0,1099530.0,1156200.0,1172046.666666667,91.60871124267578,93.1394271850586,90.71173858642578,86.65583801269531,85.79785919189453,89.58271484375,88.49854125976563,87.14527282714843,86.38283996582031,86.40819091796875,88.04712600708008,87.53526229858399,86.90347747802734,86.37796554565429,86.41598892211914,86.97221488952637,86.63584823608399,86.18443374633789,85.8982780456543,85.84514198303222,86.82743072509766,86.73025792439779,86.57719904581705,86.49922790527344,86.5515904744466,86.32504653930664,86.15911000569662,85.96733741760254,85.81229807535807,85.73409589131674,1829560.0,1596760.0,1378880.0,1134600.0,1030620.0,1399790.0,1239100.0,1120340.0,981980.0,886810.0,1138590.0,1099415.0,1078855.0,1039515.0,1026070.0,1178923.333333333,1137893.333333333,1107816.666666667,1080796.666666667,1073500.0,1175908.333333333,1166866.666666667,1154913.333333333,1144233.333333333,1147251.666666667,0
2018-07-31,90.14624032727694,91.2772155591661,89.91224827320353,91.1699676513672,1908400,0,91.31426849365236,88.84855422973631,87.53282508850097,86.94572728474934,86.5941041310628,1887520.0,1511060.0,1137375.0,1192963.333333333,1180270.0,89.94149780273438,91.60871124267578,93.1394271850586,90.71173858642578,86.65583801269531,90.41144256591795,89.58271484375,88.49854125976563,87.14527282714843,86.38283996582031,88.40981674194336,88.04712600708008,87.53526229858399,86.90347747802734,86.37796554565429,87.22083396911621,86.97221488952637,86.63584823608399,86.18443374633789,85.8982780456543,86.85765482584635,86.82743072509766,86.73025792439779,86.57719904581705,86.49922790527344,86.45800971984863,86.32504653930664,86.15911000569662,85.96733741760254,85.81229807535807,1827460.0,1829560.0,1596760.0,1378880.0,1134600.0,1429040.0,1399790.0,1239100.0,1120340.0,981980.0,1099530.0,1138590.0,1099415.0,1078855.0,1039515.0,1156200.0,1178923.333333333,1137893.333333333,1107816.666666667,1080796.666666667,1172046.666666667,1175908.333333333,1166866.666666667,1154913.333333333,1144233.333333333,0
2018-08-01,91.16997211096741,91.44296409381872,90.51673279374614,91.04322052001952,1116100,1,91.3805648803711,89.26291885375977,87.85797882080078,87.06597417195637,86.72046801249185,1675640.0,1527260.0,1171700.0,1198523.333333333,1176036.666666667,91.1699676513672,89.94149780273438,91.60871124267578,93.1394271850586,90.71173858642578,91.31426849365236,90.41144256591795,89.58271484375,88.49854125976563,87.14527282714843,88.84855422973631,88.40981674194336,88.04712600708008,87.53526229858399,86.90347747802734,87.53282508850097,87.22083396911621,86.97221488952637,86.63584823608399,86.18443374633789,86.94572728474934,86.85765482584635,86.82743072509766,86.73025792439779,86.57719904581705,86.5941041310628,86.45800971984863,86.32504653930664,86.15911000569662,85.96733741760254,1887520.0,1827460.0,1829560.0,1596760.0,1378880.0,1511060.0,1429040.0,1399790.0,1239100.0,1120340.0,1137375.0,1099530.0,1138590.0,1099415.0,1078855.0,1192963.333333333,1156200.0,1178923.333333333,1137893.333333333,1107816.666666667,1180270.0,1172046.666666667,1175908.333333333,1166866.666666667,1154913.333333333,0
2018-08-02,90.7019714279268,91.89144275238384,90.4777312238902,91.49169921875,1077200,1,91.05101928710936,89.7747802734375,88.1519332885742,87.1959706624349,86.85560340881348,1489580.0,1543170.0,1186630.0,1202066.666666667,1172615.0,91.04322052001952,91.1699676513672,89.94149780273438,91.60871124267578,93.1394271850586,91.3805648803711,91.31426849365236,90.41144256591795,89.58271484375,88.49854125976563,89.26291885375977,88.84855422973631,88.40981674194336,88.04712600708008,87.53526229858399,87.85797882080078,87.53282508850097,87.22083396911621,86.97221488952637,86.63584823608399,87.06597417195637,86.94572728474934,86.85765482584635,86.82743072509766,86.73025792439779,86.72046801249185,86.5941041310628,86.45800971984863,86.32504653930664,86.15911000569662,1675640.0,1887520.0,1827460.0,1829560.0,1596760.0,1527260.0,1511060.0,1429040.0,1399790.0,1239100.0,1171700.0,1137375.0,1099530.0,1138590.0,1099415.0,1198523.333333333,1192963.333333333,1156200.0,1178923.333333333,1137893.333333333,1176036.666666667,1180270.0,1172046.666666667,1175908.333333333,1166866.666666667,0
2018-08-03,91.80371088068891,91.80371088068891,91.08222354315292,91.51121520996094,915400,1,91.03152008056641,90.3071174621582,88.4283390045166,87.37146606445313,86.98182500203451,1215680.0,1522620.0,1191810.0,1197620.0,1169128.333333333,91.49169921875,91.04322052001952,91.1699676513672,89.94149780273438,91.60871124267578,91.05101928710936,91.3805648803711,91.31426849365236,90.41144256591795,89.58271484375,89.7747802734375,89.26291885375977,88.84855422973631,88.40981674194336,88.04712600708008,88.1519332885742,87.85797882080078,87.53282508850097,87.22083396911621,86.97221488952637,87.1959706624349,87.06597417195637,86.94572728474934,86.85765482584635,86.82743072509766,86.85560340881348,86.72046801249185,86.5941041310628,86.45800971984863,86.32504653930664,1489580.0,1675640.0,1887520.0,1827460.0,1829560.0,1543170.0,1527260.0,1511060.0,1429040.0,1399790.0,1186630.0,1171700.0,1137375.0,1099530.0,1138590.0,1202066.666666667,1198523.333333333,1192963.333333333,1156200.0,1178923.333333333,1172615.0,1176036.666666667,1180270.0,1172046.666666667,1175908.333333333,0
2018-08-06,91.4332290858662,91.81346905175694,91.27723682629627,91.61847686767578,746300,1,91.36691589355469,90.88917922973631,88.65258407592773,87.5264877319336,87.09427401224771,1152680.0,1490070.0,1188440.0,1180736.666666667,1165275.0,91.51121520996094,91.49169921875,91.04322052001952,91.1699676513672,89.94149780273438,91.03152008056641,91.05101928710936,91.3805648803711,91.31426849365236,90.41144256591795,90.3071174621582,89.7747802734375,89.26291885375977,88.84855422973631,88.40981674194336,88.4283390045166,88.1519332885742,87.85797882080078,87.53282508850097,87.22083396911621,87.37146606445313,87.1959706624349,87.06597417195637,86.94572728474934,86.85765482584635,86.98182500203451,86.85560340881348,86.72046801249185,86.5941041310628,86.45800971984863,1215680.0,1489580.0,1675640.0,1887520.0,1827460.0,1522620.0,1543170.0,1527260.0,1511060.0,1429040.0,1191810.0,1186630.0,1171700.0,1137375.0,1099530.0,1197620.0,1202066.666666667,1198523.333333333,1192963.333333333,1156200.0,1169128.333333333,1172615.0,1176036.666666667,1180270.0,1172046.666666667,0
2018-08-07,91.61846007830343,92.33993995336023,91.44296416940058,92.21319580078124,747500,0,91.5755615234375,91.44491500854492,88.91144027709963,87.74715703328451,87.20512669881184,920500.0,1404010.0,1192995.0,1161013.333333333,1158028.333333333,91.61847686767578,91.51121520996094,91.49169921875,91.04322052001952,91.1699676513672,91.36691589355469,91.03152008056641,91.05101928710936,91.3805648803711,91.31426849365236,90.88917922973631,90.3071174621582,89.7747802734375,89.26291885375977,88.84855422973631,88.65258407592773,88.4283390045166,88.1519332885742,87.85797882080078,87.53282508850097,87.5264877319336,87.37146606445313,87.1959706624349,87.06597417195637,86.94572728474934,87.09427401224771,86.98182500203451,86.85560340881348,86.72046801249185,86.5941041310628,1152680.0,1215680.0,1489580.0,1675640.0,1887520.0,1490070.0,1522620.0,1543170.0,1527260.0,1511060.0,1188440.0,1191810.0,1186630.0,1171700.0,1137375.0,1180736.666666667,1197620.0,1202066.666666667,1198523.333333333,1192963.333333333,1165275.0,1169128.333333333,1172615.0,1176036.666666667,1180270.0,0
2018-08-08,92.3106795745411,92.40817563572384,91.98893587801264,92.09618377685548,633400,0,91.78615417480471,91.58335952758787,89.24341850280761,87.98407567342123,87.31062545776369,823960.0,1249800.0,1185070.0,1135836.666666667,1150705.0,92.21319580078124,91.61847686767578,91.51121520996094,91.49169921875,91.04322052001952,91.5755615234375,91.36691589355469,91.03152008056641,91.05101928710936,91.3805648803711,91.44491500854492,90.88917922973631,90.3071174621582,89.7747802734375,89.26291885375977,88.91144027709963,88.65258407592773,88.4283390045166,88.1519332885742,87.85797882080078,87.74715703328451,87.5264877319336,87.37146606445313,87.1959706624349,87.06597417195637,87.20512669881184,87.09427401224771,86.98182500203451,86.85560340881348,86.72046801249185,920500.0,1152680.0,1215680.0,1489580.0,1675640.0,1404010.0,1490070.0,1522620.0,1543170.0,1527260.0,1192995.0,1188440.0,1191810.0,1186630.0,1171700.0,1161013.333333333,1180736.666666667,1197620.0,1202066.666666667,1198523.333333333,1158028.333333333,1165275.0,1169128.333333333,1172615.0,1176036.666666667,0
2018-08-09,92.62269295140848,93.2076768928804,91.9207092462524,91.95970916748048,1131600,0,91.87975616455078,91.46538772583008,89.50032501220703,88.24569473266601,87.41919860839843,834840.0,1162210.0,1200655.0,1120346.666666667,1151063.333333333,92.09618377685548,92.21319580078124,91.61847686767578,91.51121520996094,91.49169921875,91.78615417480471,91.5755615234375,91.36691589355469,91.03152008056641,91.05101928710936,91.58335952758787,91.44491500854492,90.88917922973631,90.3071174621582,89.7747802734375,89.24341850280761,88.91144027709963,88.65258407592773,88.4283390045166,88.1519332885742,87.98407567342123,87.74715703328451,87.5264877319336,87.37146606445313,87.1959706624349,87.31062545776369,87.20512669881184,87.09427401224771,86.98182500203451,86.85560340881348,823960.0,920500.0,1152680.0,1215680.0,1489580.0,1249800.0,1404010.0,1490070.0,1522620.0,1543170.0,1185070.0,1192995.0,1188440.0,1191810.0,1186630.0,1135836.666666667,1161013.333333333,1180736.666666667,1197620.0,1202066.666666667,1150705.0,1158028.333333333,1165275.0,1169128.333333333,1172615.0,0
2018-08-10,91.51120909117162,91.85244905855507,91.218713440001,91.40396118164062,807400,1,91.85830535888672,91.44491271972656,89.74601936340332,88.46311416625977,87.51056696573895,813240.0,1014460.0,1207125.0,1097213.333333333,1147520.0,91.95970916748048,92.09618377685548,92.21319580078124,91.61847686767578,91.51121520996094,91.87975616455078,91.78615417480471,91.5755615234375,91.36691589355469,91.03152008056641,91.46538772583008,91.58335952758787,91.44491500854492,90.88917922973631,90.3071174621582,89.50032501220703,89.24341850280761,88.91144027709963,88.65258407592773,88.4283390045166,88.24569473266601,87.98407567342123,87.74715703328451,87.5264877319336,87.37146606445313,87.41919860839843,87.31062545776369,87.20512669881184,87.09427401224771,86.98182500203451,834840.0,823960.0,920500.0,1152680.0,1215680.0,1162210.0,1249800.0,1404010.0,1490070.0,1522620.0,1200655.0,1185070.0,1192995.0,1188440.0,1191810.0,1120346.666666667,1135836.666666667,1161013.333333333,1180736.666666667,1197620.0,1151063.333333333,1150705.0,1158028.333333333,1165275.0,1169128.333333333,0
2018-08-13,91.6574645209094,92.15469675528841,91.25772092704399,91.50146484375,1238400,1,91.83490295410157,91.60090942382813,90.00536308288574,88.68085912068683,87.6072883605957,911660.0,1032170.0,1230605.0,1077076.666666667,1151508.333333333,91.40396118164062,91.95970916748048,92.09618377685548,92.21319580078124,91.61847686767578,91.85830535888672,91.87975616455078,91.78615417480471,91.5755615234375,91.36691589355469,91.44491271972656,91.46538772583008,91.58335952758787,91.44491500854492,90.88917922973631,89.74601936340332,89.50032501220703,89.24341850280761,88.91144027709963,88.65258407592773,88.46311416625977,88.24569473266601,87.98407567342123,87.74715703328451,87.5264877319336,87.51056696573895,87.41919860839843,87.31062545776369,87.20512669881184,87.09427401224771,813240.0,834840.0,823960.0,920500.0,1152680.0,1014460.0,1162210.0,1249800.0,1404010.0,1490070.0,1207125.0,1200655.0,1185070.0,1192995.0,1188440.0,1097213.333333333,1120346.666666667,1135836.666666667,1161013.333333333,1180736.666666667,1147520.0,1151063.333333333,1150705.0,1158028.333333333,1165275.0,0
2018-08-14,91.33571014145306,92.14494163602104,91.16021424429942,91.71595001220705,1132000,0,91.73545379638672,91.65550765991209,90.2520309448242,88.90705261230468,87.70985361735028,988560.0,954530.0,1232795.0,1076426.666666667,1155253.333333333,91.50146484375,91.40396118164062,91.95970916748048,92.09618377685548,92.21319580078124,91.83490295410157,91.85830535888672,91.87975616455078,91.78615417480471,91.5755615234375,91.60090942382813,91.44491271972656,91.46538772583008,91.58335952758787,91.44491500854492,90.00536308288574,89.74601936340332,89.50032501220703,89.24341850280761,88.91144027709963,88.68085912068683,88.46311416625977,88.24569473266601,87.98407567342123,87.74715703328451,87.6072883605957,87.51056696573895,87.41919860839843,87.31062545776369,87.20512669881184,911660.0,813240.0,834840.0,823960.0,920500.0,1032170.0,1014460.0,1162210.0,1249800.0,1404010.0,1230605.0,1207125.0,1200655.0,1185070.0,1192995.0,1077076.666666667,1097213.333333333,1120346.666666667,1135836.666666667,1161013.333333333,1151508.333333333,1147520.0,1151063.333333333,1150705.0,1158028.333333333,0
2018-08-15,91.11147616463707,91.74521185715824,90.60449207370472,91.5794677734375,1602700,1,91.63211059570312,91.70913238525392,90.48602561950683,89.14169667561848,87.79474601745605,1182420.0,1003190.0,1265225.0,1115530.0,1165436.666666667,91.71595001220705,91.50146484375,91.40396118164062,91.95970916748048,92.09618377685548,91.73545379638672,91.83490295410157,91.85830535888672,91.87975616455078,91.78615417480471,91.65550765991209,91.60090942382813,91.44491271972656,91.46538772583008,91.58335952758787,90.2520309448242,90.00536308288574,89.74601936340332,89.50032501220703,89.24341850280761,88.90705261230468,88.68085912068683,88.46311416625977,88.24569473266601,87.98407567342123,87.70985361735028,87.6072883605957,87.51056696573895,87.41919860839843,87.31062545776369,988560.0,911660.0,813240.0,834840.0,823960.0,954530.0,1032170.0,1014460.0,1162210.0,1249800.0,1232795.0,1230605.0,1207125.0,1200655.0,1185070.0,1076426.666666667,1077076.666666667,1097213.333333333,1120346.666666667,1135836.666666667,1155253.333333333,1151508.333333333,1147520.0,1151063.333333333,1150705.0,0
2018-08-16,91.76471087256357,92.34969477497528,91.53071136081972,91.70620727539062,1031700,0,91.58141021728515,91.73058319091795,90.75268173217772,89.34481658935547,87.89520378112793,1162440.0,998640.0,1270905.0,1123966.666666667,1164433.333333333,91.5794677734375,91.71595001220705,91.50146484375,91.40396118164062,91.95970916748048,91.63211059570312,91.73545379638672,91.83490295410157,91.85830535888672,91.87975616455078,91.70913238525392,91.65550765991209,91.60090942382813,91.44491271972656,91.46538772583008,90.48602561950683,90.2520309448242,90.00536308288574,89.74601936340332,89.50032501220703,89.14169667561848,88.90705261230468,88.68085912068683,88.46311416625977,88.24569473266601,87.79474601745605,87.70985361735028,87.6072883605957,87.51056696573895,87.41919860839843,1182420.0,988560.0,911660.0,813240.0,834840.0,1003190.0,954530.0,1032170.0,1014460.0,1162210.0,1265225.0,1232795.0,1230605.0,1207125.0,1200655.0,1115530.0,1076426.666666667,1077076.666666667,1097213.333333333,1120346.666666667,1165436.666666667,1155253.333333333,1151508.333333333,1147520.0,1151063.333333333,0
2018-08-17,91.6379533158128,91.90120088978027,91.22846535461164,91.69645690917969,1103600,1,91.63990936279295,91.74910736083984,91.02811241149902,89.5352617899577,87.99387842814127,1221680.0,1017460.0,1270040.0,1133693.333333333,1164186.666666667,91.70620727539062,91.5794677734375,91.71595001220705,91.50146484375,91.40396118164062,91.58141021728515,91.63211059570312,91.73545379638672,91.83490295410157,91.85830535888672,91.73058319091795,91.70913238525392,91.65550765991209,91.60090942382813,91.44491271972656,90.75268173217772,90.48602561950683,90.2520309448242,90.00536308288574,89.74601936340332,89.34481658935547,89.14169667561848,88.90705261230468,88.68085912068683,88.46311416625977,87.89520378112793,87.79474601745605,87.70985361735028,87.6072883605957,87.51056696573895,1162440.0,1182420.0,988560.0,911660.0,813240.0,998640.0,1003190.0,954530.0,1032170.0,1014460.0,1270905.0,1265225.0,1232795.0,1230605.0,1207125.0,1123966.666666667,1115530.0,1076426.666666667,1077076.666666667,1097213.333333333,1164433.333333333,1165436.666666667,1155253.333333333,1151508.333333333,1147520.0,0
2018-08-20,92.12545639851645,92.23270432593588,91.74521645165665,91.94021606445312,989900,0,91.7276596069336,91.78128128051758,91.33523025512696,89.69548314412434,88.10309893290201,1171980.0,1041820.0,1265945.0,1139566.666666667,1167221.666666667,91.69645690917969,91.70620727539062,91.5794677734375,91.71595001220705,91.50146484375,91.63990936279295,91.58141021728515,91.63211059570312,91.73545379638672,91.83490295410157,91.74910736083984,91.73058319091795,91.70913238525392,91.65550765991209,91.60090942382813,91.02811241149902,90.75268173217772,90.48602561950683,90.2520309448242,90.00536308288574,89.5352617899577,89.34481658935547,89.14169667561848,88.90705261230468,88.68085912068683,87.99387842814127,87.89520378112793,87.79474601745605,87.70985361735028,87.6072883605957,1221680.0,1162440.0,1182420.0,988560.0,911660.0,1017460.0,998640.0,1003190.0,954530.0,1032170.0,1270040.0,1270905.0,1265225.0,1232795.0,1230605.0,1133693.333333333,1123966.666666667,1115530.0,1076426.666666667,1077076.666666667,1164186.666666667,1164433.333333333,1165436.666666667,1155253.333333333,1151508.333333333,0
2018-08-21,91.87196804579048,92.23270431207916,91.59896858791642,91.7939682006836,896900,0,91.7432632446289,91.73935852050779,91.59213676452637,89.85407969156903,88.21847279866535,1124960.0,1056760.0,1230385.0,1147583.333333333,1163830.0,91.94021606445312,91.69645690917969,91.70620727539062,91.5794677734375,91.71595001220705,91.7276596069336,91.63990936279295,91.58141021728515,91.63211059570312,91.73545379638672,91.78128128051758,91.74910736083984,91.73058319091795,91.70913238525392,91.65550765991209,91.33523025512696,91.02811241149902,90.75268173217772,90.48602561950683,90.2520309448242,89.69548314412434,89.5352617899577,89.34481658935547,89.14169667561848,88.90705261230468,88.10309893290201,87.99387842814127,87.89520378112793,87.79474601745605,87.70985361735028,1171980.0,1221680.0,1162440.0,1182420.0,988560.0,1041820.0,1017460.0,998640.0,1003190.0,954530.0,1265945.0,1270040.0,1270905.0,1265225.0,1232795.0,1139566.666666667,1133693.333333333,1123966.666666667,1115530.0,1076426.666666667,1167221.666666667,1164186.666666667,1164433.333333333,1165436.666666667,1155253.333333333,0
2018-08-22,91.64771427782496,91.66721051857249,90.98473051529749,91.052978515625,1333100,1,91.63796539306641,91.63503799438476,91.6091987609863,90.040625,88.32619705200196,1071040.0,1126730.0,1188265.0,1165623.333333333,1162051.666666667,91.7939682006836,91.94021606445312,91.69645690917969,91.70620727539062,91.5794677734375,91.7432632446289,91.7276596069336,91.63990936279295,91.58141021728515,91.63211059570312,91.73935852050779,91.78128128051758,91.74910736083984,91.73058319091795,91.70913238525392,91.59213676452637,91.33523025512696,91.02811241149902,90.75268173217772,90.48602561950683,89.85407969156903,89.69548314412434,89.5352617899577,89.34481658935547,89.14169667561848,88.21847279866535,88.10309893290201,87.99387842814127,87.89520378112793,87.79474601745605,1124960.0,1171980.0,1221680.0,1162440.0,1182420.0,1056760.0,1041820.0,1017460.0,998640.0,1003190.0,1230385.0,1265945.0,1270040.0,1270905.0,1265225.0,1147583.333333333,1139566.666666667,1133693.333333333,1123966.666666667,1115530.0,1163830.0,1167221.666666667,1164186.666666667,1164433.333333333,1165436.666666667,0
2018-08-23,91.18947299442098,91.59896098955204,90.98472899685542,91.16022491455078,1665600,1,91.52876892089844,91.55508956909179,91.51023864746094,90.18524653116863,88.42614580790202,1197820.0,1180130.0,1171170.0,1193813.333333333,1173868.333333333,91.052978515625,91.7939682006836,91.94021606445312,91.69645690917969,91.70620727539062,91.63796539306641,91.7432632446289,91.7276596069336,91.63990936279295,91.58141021728515,91.63503799438476,91.73935852050779,91.78128128051758,91.74910736083984,91.73058319091795,91.6091987609863,91.59213676452637,91.33523025512696,91.02811241149902,90.75268173217772,90.040625,89.85407969156903,89.69548314412434,89.5352617899577,89.34481658935547,88.32619705200196,88.21847279866535,88.10309893290201,87.99387842814127,87.89520378112793,1071040.0,1124960.0,1171980.0,1221680.0,1162440.0,1126730.0,1056760.0,1041820.0,1017460.0,998640.0,1188265.0,1230385.0,1265945.0,1270040.0,1270905.0,1165623.333333333,1147583.333333333,1139566.666666667,1133693.333333333,1123966.666666667,1162051.666666667,1163830.0,1167221.666666667,1164186.666666667,1164433.333333333,0
2018-08-24,91.49172832249636,91.50148016357004,90.95549607904772,91.25773620605469,2283500,1,91.44102478027344,91.5404670715332,91.49268989562988,90.34416859944662,88.53809356689453,1433800.0,1327740.0,1171100.0,1247330.0,1182036.666666667,91.16022491455078,91.052978515625,91.7939682006836,91.94021606445312,91.69645690917969,91.52876892089844,91.63796539306641,91.7432632446289,91.7276596069336,91.63990936279295,91.55508956909179,91.63503799438476,91.73935852050779,91.78128128051758,91.74910736083984,91.51023864746094,91.6091987609863,91.59213676452637,91.33523025512696,91.02811241149902,90.18524653116863,90.040625,89.85407969156903,89.69548314412434,89.5352617899577,88.42614580790202,88.32619705200196,88.21847279866535,88.10309893290201,87.99387842814127,1197820.0,1071040.0,1124960.0,1171980.0,1221680.0,1180130.0,1126730.0,1056760.0,1041820.0,1017460.0,1171170.0,1188265.0,1230385.0,1265945.0,1270040.0,1193813.333333333,1165623.333333333,1147583.333333333,1139566.666666667,1133693.333333333,1173868.333333333,1162051.666666667,1163830.0,1167221.666666667,1164186.666666667,0
2018-08-27,91.7354492343148,92.41793660698907,91.58920884732416,92.08644104003906,1835600,1,91.47026977539062,91.59896469116212,91.59993705749511,90.53656361897787,88.64051208496093,1602940.0,1387460.0,1209815.0,1282890.0,1195141.666666667,91.25773620605469,91.16022491455078,91.052978515625,91.7939682006836,91.94021606445312,91.44102478027344,91.52876892089844,91.63796539306641,91.7432632446289,91.7276596069336,91.5404670715332,91.55508956909179,91.63503799438476,91.73935852050779,91.78128128051758,91.49268989562988,91.51023864746094,91.6091987609863,91.59213676452637,91.33523025512696,90.34416859944662,90.18524653116863,90.040625,89.85407969156903,89.69548314412434,88.53809356689453,88.42614580790202,88.32619705200196,88.21847279866535,88.10309893290201,1433800.0,1197820.0,1071040.0,1124960.0,1171980.0,1327740.0,1180130.0,1126730.0,1056760.0,1041820.0,1171100.0,1171170.0,1188265.0,1230385.0,1265945.0,1247330.0,1193813.333333333,1165623.333333333,1147583.333333333,1139566.666666667,1182036.666666667,1173868.333333333,1162051.666666667,1163830.0,1167221.666666667,0
2018-08-28,92.4179413383486,92.50568557503507,91.6964614511894,92.252197265625,1881100,1,91.56191558837892,91.6525894165039,91.654048538208,90.71888376871745,88.75023193359375,1799780.0,1462370.0,1208450.0,1309320.0,1206251.666666667,92.08644104003906,91.25773620605469,91.16022491455078,91.052978515625,91.7939682006836,91.47026977539062,91.44102478027344,91.52876892089844,91.63796539306641,91.7432632446289,91.59896469116212,91.5404670715332,91.55508956909179,91.63503799438476,91.73935852050779,91.59993705749511,91.49268989562988,91.51023864746094,91.6091987609863,91.59213676452637,90.53656361897787,90.34416859944662,90.18524653116863,90.040625,89.85407969156903,88.64051208496093,88.53809356689453,88.42614580790202,88.32619705200196,88.21847279866535,1602940.0,1433800.0,1197820.0,1071040.0,1124960.0,1387460.0,1327740.0,1180130.0,1126730.0,1056760.0,1209815.0,1171100.0,1171170.0,1188265.0,1230385.0,1282890.0,1247330.0,1193813.333333333,1165623.333333333,1147583.333333333,1195141.666666667,1182036.666666667,1173868.333333333,1162051.666666667,1163830.0,0
2018-08-29,92.4081802489394,93.00291592185906,92.4081802489394,92.65192413330078,875100,0,91.88170471191408,91.75983505249023,91.73448371887207,90.91062876383465,88.83646596272787,1708180.0,1389610.0,1196400.0,1306686.666666667,1198591.666666667,92.252197265625,92.08644104003906,91.25773620605469,91.16022491455078,91.052978515625,91.56191558837892,91.47026977539062,91.44102478027344,91.52876892089844,91.63796539306641,91.6525894165039,91.59896469116212,91.5404670715332,91.55508956909179,91.63503799438476,91.654048538208,91.59993705749511,91.49268989562988,91.51023864746094,91.6091987609863,90.71888376871745,90.53656361897787,90.34416859944662,90.18524653116863,90.040625,88.75023193359375,88.64051208496093,88.53809356689453,88.42614580790202,88.32619705200196,1799780.0,1602940.0,1433800.0,1197820.0,1071040.0,1462370.0,1387460.0,1327740.0,1180130.0,1126730.0,1208450.0,1209815.0,1171100.0,1171170.0,1188265.0,1309320.0,1282890.0,1247330.0,1193813.333333333,1165623.333333333,1206251.666666667,1195141.666666667,1182036.666666667,1173868.333333333,1162051.666666667,0
2018-08-30,92.62268366668484,92.62268366668484,91.79395587946716,92.01819610595705,744200,1,92.05329895019531,91.79103393554688,91.76080856323242,91.0987991333008,88.90419540405273,1523900.0,1360860.0,1179750.0,1300890.0,1193526.666666667,92.65192413330078,92.252197265625,92.08644104003906,91.25773620605469,91.16022491455078,91.88170471191408,91.56191558837892,91.47026977539062,91.44102478027344,91.52876892089844,91.75983505249023,91.6525894165039,91.59896469116212,91.5404670715332,91.55508956909179,91.73448371887207,91.654048538208,91.59993705749511,91.49268989562988,91.51023864746094,90.91062876383465,90.71888376871745,90.53656361897787,90.34416859944662,90.18524653116863,88.83646596272787,88.75023193359375,88.64051208496093,88.53809356689453,88.42614580790202,1708180.0,1799780.0,1602940.0,1433800.0,1197820.0,1389610.0,1462370.0,1387460.0,1327740.0,1180130.0,1196400.0,1208450.0,1209815.0,1171100.0,1171170.0,1306686.666666667,1309320.0,1282890.0,1247330.0,1193813.333333333,1198591.666666667,1206251.666666667,1195141.666666667,1182036.666666667,1173868.333333333,0
2018-08-31,91.73545239192292,92.33018811440071,91.42346049148158,92.21319580078124,1086400,0,92.24439086914064,91.84270782470705,91.79590759277343,91.2996442159017,88.96917788187662,1284480.0,1359140.0,1188300.0,1299740.0,1186855.0,92.01819610595705,92.65192413330078,92.252197265625,92.08644104003906,91.25773620605469,92.05329895019531,91.88170471191408,91.56191558837892,91.47026977539062,91.44102478027344,91.79103393554688,91.75983505249023,91.6525894165039,91.59896469116212,91.5404670715332,91.76080856323242,91.73448371887207,91.654048538208,91.59993705749511,91.49268989562988,91.0987991333008,90.91062876383465,90.71888376871745,90.53656361897787,90.34416859944662,88.90419540405273,88.83646596272787,88.75023193359375,88.64051208496093,88.53809356689453,1523900.0,1708180.0,1799780.0,1602940.0,1433800.0,1360860.0,1389610.0,1462370.0,1387460.0,1327740.0,1179750.0,1196400.0,1208450.0,1209815.0,1171100.0,1300890.0,1306686.666666667,1309320.0,1282890.0,1247330.0,1193526.666666667,1198591.666666667,1206251.666666667,1195141.666666667,1182036.666666667,0
2018-09-04,92.2814437217248,92.2814437217248,91.5112120909687,92.16444396972656,1062600,1,92.25999145507812,91.86513061523438,91.82320594787598,91.5118637084961,89.03172709147135,1129880.0,1366410.0,1204115.0,1299433.333333333,1186466.666666667,92.21319580078124,92.01819610595705,92.65192413330078,92.252197265625,92.08644104003906,92.24439086914064,92.05329895019531,91.88170471191408,91.56191558837892,91.47026977539062,91.84270782470705,91.79103393554688,91.75983505249023,91.6525894165039,91.59896469116212,91.79590759277343,91.76080856323242,91.73448371887207,91.654048538208,91.59993705749511,91.2996442159017,91.0987991333008,90.91062876383465,90.71888376871745,90.53656361897787,88.96917788187662,88.90419540405273,88.83646596272787,88.75023193359375,88.64051208496093,1284480.0,1523900.0,1708180.0,1799780.0,1602940.0,1359140.0,1360860.0,1389610.0,1462370.0,1387460.0,1188300.0,1179750.0,1196400.0,1208450.0,1209815.0,1299740.0,1300890.0,1306686.666666667,1309320.0,1282890.0,1186855.0,1193526.666666667,1198591.666666667,1206251.666666667,1195141.666666667,0
2018-09-05,92.28144532008905,92.9054291312735,91.64770966978406,92.73968505859376,1120800,1,92.35748901367188,91.95970230102542,91.8495304107666,91.71465861002605,89.10694325764975,977820.0,1388800.0,1222780.0,1283190.0,1181993.333333333,92.16444396972656,92.21319580078124,92.01819610595705,92.65192413330078,92.252197265625,92.25999145507812,92.24439086914064,92.05329895019531,91.88170471191408,91.56191558837892,91.86513061523438,91.84270782470705,91.79103393554688,91.75983505249023,91.6525894165039,91.82320594787598,91.79590759277343,91.76080856323242,91.73448371887207,91.654048538208,91.5118637084961,91.2996442159017,91.0987991333008,90.91062876383465,90.71888376871745,89.03172709147135,88.96917788187662,88.90419540405273,88.83646596272787,88.75023193359375,1129880.0,1284480.0,1523900.0,1708180.0,1799780.0,1366410.0,1359140.0,1360860.0,1389610.0,1462370.0,1204115.0,1188300.0,1179750.0,1196400.0,1208450.0,1299433.333333333,1299740.0,1300890.0,1306686.666666667,1309320.0,1186466.666666667,1186855.0,1193526.666666667,1198591.666666667,1206251.666666667,0
2018-09-06,92.73969101712008,93.25642694660057,92.55444325429715,93.1394271850586,966600,0,92.45498962402344,92.16834716796878,91.90169258117676,91.79558156331379,89.18639030456544,996120.0,1352150.0,1239440.0,1242893.333333333,1175355.0,92.73968505859376,92.16444396972656,92.21319580078124,92.01819610595705,92.65192413330078,92.35748901367188,92.25999145507812,92.24439086914064,92.05329895019531,91.88170471191408,91.95970230102542,91.86513061523438,91.84270782470705,91.79103393554688,91.75983505249023,91.8495304107666,91.82320594787598,91.79590759277343,91.76080856323242,91.73448371887207,91.71465861002605,91.5118637084961,91.2996442159017,91.0987991333008,90.91062876383465,89.10694325764975,89.03172709147135,88.96917788187662,88.90419540405273,88.83646596272787,977820.0,1129880.0,1284480.0,1523900.0,1708180.0,1388800.0,1366410.0,1359140.0,1360860.0,1389610.0,1222780.0,1204115.0,1188300.0,1179750.0,1196400.0,1283190.0,1299433.333333333,1299740.0,1300890.0,1306686.666666667,1181993.333333333,1186466.666666667,1186855.0,1193526.666666667,1198591.666666667,0
2018-09-07,93.03218385670144,93.42217564262288,92.59344774658646,92.96393585205078,1340000,1,92.6441375732422,92.34871826171873,91.95190391540527,91.78973185221355,89.25999488830567,1115280.0,1319590.0,1249860.0,1220643.333333333,1179268.333333333,93.1394271850586,92.73968505859376,92.16444396972656,92.21319580078124,92.01819610595705,92.45498962402344,92.35748901367188,92.25999145507812,92.24439086914064,92.05329895019531,92.16834716796878,91.95970230102542,91.86513061523438,91.84270782470705,91.79103393554688,91.90169258117676,91.8495304107666,91.82320594787598,91.79590759277343,91.76080856323242,91.79558156331379,91.71465861002605,91.5118637084961,91.2996442159017,91.0987991333008,89.18639030456544,89.10694325764975,89.03172709147135,88.96917788187662,88.90419540405273,996120.0,977820.0,1129880.0,1284480.0,1523900.0,1352150.0,1388800.0,1366410.0,1359140.0,1360860.0,1239440.0,1222780.0,1204115.0,1188300.0,1179750.0,1242893.333333333,1283190.0,1299433.333333333,1299740.0,1300890.0,1175355.0,1181993.333333333,1186466.666666667,1186855.0,1193526.666666667,0
2018-09-10,93.15893231358808,94.1729005088267,93.15893231358808,93.90966033935548,1449000,1,92.98343048095705,92.61391067504884,92.07718887329102,91.8664301554362,89.34693044026693,1187800.0,1236140.0,1281940.0,1192780.0,1185851.666666667,92.96393585205078,93.1394271850586,92.73968505859376,92.16444396972656,92.21319580078124,92.6441375732422,92.45498962402344,92.35748901367188,92.25999145507812,92.24439086914064,92.34871826171873,92.16834716796878,91.95970230102542,91.86513061523438,91.84270782470705,91.95190391540527,91.90169258117676,91.8495304107666,91.82320594787598,91.79590759277343,91.78973185221355,91.79558156331379,91.71465861002605,91.5118637084961,91.2996442159017,89.25999488830567,89.18639030456544,89.10694325764975,89.03172709147135,88.96917788187662,1115280.0,996120.0,977820.0,1129880.0,1284480.0,1319590.0,1352150.0,1388800.0,1366410.0,1359140.0,1249860.0,1239440.0,1222780.0,1204115.0,1188300.0,1220643.333333333,1242893.333333333,1283190.0,1299433.333333333,1299740.0,1179268.333333333,1175355.0,1181993.333333333,1186466.666666667,1186855.0,0
2018-09-11,93.59764713919792,94.35812683204828,93.51964731468179,94.28987884521484,1541200,0,93.40851745605468,92.83425445556641,92.21660957336424,92.01137619018554,89.43451550801596,1283520.0,1206700.0,1297080.0,1208776.666666667,1182488.333333333,93.90966033935548,92.96393585205078,93.1394271850586,92.73968505859376,92.16444396972656,92.98343048095705,92.6441375732422,92.45498962402344,92.35748901367188,92.25999145507812,92.61391067504884,92.34871826171873,92.16834716796878,91.95970230102542,91.86513061523438,92.07718887329102,91.95190391540527,91.90169258117676,91.8495304107666,91.82320594787598,91.8664301554362,91.78973185221355,91.79558156331379,91.71465861002605,91.5118637084961,89.34693044026693,89.25999488830567,89.18639030456544,89.10694325764975,89.03172709147135,1187800.0,1115280.0,996120.0,977820.0,1129880.0,1236140.0,1319590.0,1352150.0,1388800.0,1366410.0,1281940.0,1249860.0,1239440.0,1222780.0,1204115.0,1192780.0,1220643.333333333,1242893.333333333,1283190.0,1299433.333333333,1185851.666666667,1179268.333333333,1175355.0,1181993.333333333,1186466.666666667,0
2018-09-12,94.1339050246208,94.38739334611051,93.24667358398442,93.24667358398438,1851000,1,93.5099151611328,92.93370208740234,92.29314575195312,92.08059972127279,89.51316350301106,1429560.0,1203690.0,1333030.0,1206863.333333333,1199913.333333333,94.28987884521484,93.90966033935548,92.96393585205078,93.1394271850586,92.73968505859376,93.40851745605468,92.98343048095705,92.6441375732422,92.45498962402344,92.35748901367188,92.83425445556641,92.61391067504884,92.34871826171873,92.16834716796878,91.95970230102542,92.21660957336424,92.07718887329102,91.95190391540527,91.90169258117676,91.8495304107666,92.01137619018554,91.8664301554362,91.78973185221355,91.79558156331379,91.71465861002605,89.43451550801596,89.34693044026693,89.25999488830567,89.18639030456544,89.10694325764975,1283520.0,1187800.0,1115280.0,996120.0,977820.0,1206700.0,1236140.0,1319590.0,1352150.0,1388800.0,1297080.0,1281940.0,1249860.0,1239440.0,1222780.0,1208776.666666667,1192780.0,1220643.333333333,1242893.333333333,1283190.0,1182488.333333333,1185851.666666667,1179268.333333333,1175355.0,1181993.333333333,0
2018-09-13,93.60741709848189,94.59213717935863,93.60741709848189,94.5628890991211,860400,1,93.79460754394532,93.12479858398436,92.4423168182373,92.19792200724285,89.63194808959959,1408320.0,1202220.0,1295915.0,1198340.0,1198431.666666667,93.24667358398438,94.28987884521484,93.90966033935548,92.96393585205078,93.1394271850586,93.5099151611328,93.40851745605468,92.98343048095705,92.6441375732422,92.45498962402344,92.93370208740234,92.83425445556641,92.61391067504884,92.34871826171873,92.16834716796878,92.29314575195312,92.21660957336424,92.07718887329102,91.95190391540527,91.90169258117676,92.08059972127279,92.01137619018554,91.8664301554362,91.78973185221355,91.79558156331379,89.51316350301106,89.43451550801596,89.34693044026693,89.25999488830567,89.18639030456544,1429560.0,1283520.0,1187800.0,1115280.0,996120.0,1203690.0,1206700.0,1236140.0,1319590.0,1352150.0,1333030.0,1297080.0,1281940.0,1249860.0,1239440.0,1206863.333333333,1208776.666666667,1192780.0,1220643.333333333,1242893.333333333,1199913.333333333,1182488.333333333,1185851.666666667,1179268.333333333,1175355.0,0
2018-09-14,94.79744757637708,95.34472942383779,94.21107310321828,94.63130950927734,1374500,0,94.12808227539062,93.3861099243164,92.58857192993165,92.30257568359373,89.74927317301432,1415220.0,1265250.0,1313055.0,1208250.0,1205158.333333333,94.5628890991211,93.24667358398438,94.28987884521484,93.90966033935548,92.96393585205078,93.79460754394532,93.5099151611328,93.40851745605468,92.98343048095705,92.6441375732422,93.12479858398436,92.93370208740234,92.83425445556641,92.61391067504884,92.34871826171873,92.4423168182373,92.29314575195312,92.21660957336424,92.07718887329102,91.95190391540527,92.19792200724285,92.08059972127279,92.01137619018554,91.8664301554362,91.78973185221355,89.63194808959959,89.51316350301106,89.43451550801596,89.34693044026693,89.25999488830567,1408320.0,1429560.0,1283520.0,1187800.0,1115280.0,1202220.0,1203690.0,1206700.0,1236140.0,1319590.0,1295915.0,1333030.0,1297080.0,1281940.0,1249860.0,1198340.0,1206863.333333333,1208776.666666667,1192780.0,1220643.333333333,1198431.666666667,1199913.333333333,1182488.333333333,1185851.666666667,1179268.333333333,0
2018-09-17,94.60198594287344,95.1492677558482,93.82014839049049,94.0058364868164,1533100,0,94.14731750488279,93.56537399291992,92.70404090881348,92.38572972615559,89.87859789530438,1432040.0,1309920.0,1334530.0,1228840.0,1213230.0,94.63130950927734,94.5628890991211,93.24667358398438,94.28987884521484,93.90966033935548,94.12808227539062,93.79460754394532,93.5099151611328,93.40851745605468,92.98343048095705,93.3861099243164,93.12479858398436,92.93370208740234,92.83425445556641,92.61391067504884,92.58857192993165,92.4423168182373,92.29314575195312,92.21660957336424,92.07718887329102,92.30257568359373,92.19792200724285,92.08059972127279,92.01137619018554,91.8664301554362,89.74927317301432,89.63194808959959,89.51316350301106,89.43451550801596,89.34693044026693,1415220.0,1408320.0,1429560.0,1283520.0,1187800.0,1265250.0,1202220.0,1203690.0,1206700.0,1236140.0,1313055.0,1295915.0,1333030.0,1297080.0,1281940.0,1208250.0,1198340.0,1206863.333333333,1208776.666666667,1192780.0,1205158.333333333,1198431.666666667,1199913.333333333,1182488.333333333,1185851.666666667,0
2018-09-18,94.17196295878708,94.21105557721278,93.04807441155121,93.2044448852539,987700,0,93.93023071289062,93.66937408447264,92.76725234985352,92.43859532674152,89.98254152933755,1321340.0,1302430.0,1334420.0,1236886.666666667,1208811.666666667,94.0058364868164,94.63130950927734,94.5628890991211,93.24667358398438,94.28987884521484,94.14731750488279,94.12808227539062,93.79460754394532,93.5099151611328,93.40851745605468,93.56537399291992,93.3861099243164,93.12479858398436,92.93370208740234,92.83425445556641,92.70404090881348,92.58857192993165,92.4423168182373,92.29314575195312,92.21660957336424,92.38572972615559,92.30257568359373,92.19792200724285,92.08059972127279,92.01137619018554,89.87859789530438,89.74927317301432,89.63194808959959,89.51316350301106,89.43451550801596,1432040.0,1415220.0,1408320.0,1429560.0,1283520.0,1309920.0,1265250.0,1202220.0,1203690.0,1206700.0,1334530.0,1313055.0,1295915.0,1333030.0,1297080.0,1228840.0,1208250.0,1198340.0,1206863.333333333,1208776.666666667,1213230.0,1205158.333333333,1198431.666666667,1199913.333333333,1182488.333333333,0
2018-09-19,93.18489484796378,93.44876815829844,92.55942786546207,93.2044448852539,980300,1,93.92178497314451,93.71585006713869,92.83777618408205,92.47163696289064,90.10939699808756,1147200.0,1288380.0,1338590.0,1244646.666666667,1202830.0,93.2044448852539,94.0058364868164,94.63130950927734,94.5628890991211,93.24667358398438,93.93023071289062,94.14731750488279,94.12808227539062,93.79460754394532,93.5099151611328,93.66937408447264,93.56537399291992,93.3861099243164,93.12479858398436,92.93370208740234,92.76725234985352,92.70404090881348,92.58857192993165,92.4423168182373,92.29314575195312,92.43859532674152,92.38572972615559,92.30257568359373,92.19792200724285,92.08059972127279,89.98254152933755,89.87859789530438,89.74927317301432,89.63194808959959,89.51316350301106,1321340.0,1432040.0,1415220.0,1408320.0,1429560.0,1302430.0,1309920.0,1265250.0,1202220.0,1203690.0,1334420.0,1334530.0,1313055.0,1295915.0,1333030.0,1236886.666666667,1228840.0,1208250.0,1198340.0,1206863.333333333,1208811.666666667,1213230.0,1205158.333333333,1198431.666666667,1199913.333333333,0
2018-09-20,93.75174636457292,94.16220776020808,93.5367406460527,93.87879180908205,1176900,0,93.78496551513672,93.78978652954102,92.97906684875488,92.5310572306315,90.25756645202637,1210500.0,1309410.0,1330780.0,1262763.333333333,1199300.0,93.2044448852539,93.2044448852539,94.0058364868164,94.63130950927734,94.5628890991211,93.92178497314451,93.93023071289062,94.14731750488279,94.12808227539062,93.79460754394532,93.71585006713869,93.66937408447264,93.56537399291992,93.3861099243164,93.12479858398436,92.83777618408205,92.76725234985352,92.70404090881348,92.58857192993165,92.4423168182373,92.47163696289064,92.43859532674152,92.38572972615559,92.30257568359373,92.19792200724285,90.10939699808756,89.98254152933755,89.87859789530438,89.74927317301432,89.63194808959959,1147200.0,1321340.0,1432040.0,1415220.0,1408320.0,1288380.0,1302430.0,1309920.0,1265250.0,1202220.0,1338590.0,1334420.0,1334530.0,1313055.0,1295915.0,1244646.666666667,1236886.666666667,1228840.0,1208250.0,1198340.0,1202830.0,1208811.666666667,1213230.0,1205158.333333333,1198431.666666667,0
2018-09-21,93.82013862520166,94.53356587670557,93.02853359152105,93.19467163085938,2765700,0,93.49763793945313,93.81286010742187,93.08078918457029,92.57222264607748,90.40895868937174,1488740.0,1451980.0,1385785.0,1317233.333333333,1218790.0,93.87879180908205,93.2044448852539,93.2044448852539,94.0058364868164,94.63130950927734,93.78496551513672,93.92178497314451,93.93023071289062,94.14731750488279,94.12808227539062,93.78978652954102,93.71585006713869,93.66937408447264,93.56537399291992,93.3861099243164,92.97906684875488,92.83777618408205,92.76725234985352,92.70404090881348,92.58857192993165,92.5310572306315,92.47163696289064,92.43859532674152,92.38572972615559,92.30257568359373,90.25756645202637,90.10939699808756,89.98254152933755,89.87859789530438,89.74927317301432,1210500.0,1147200.0,1321340.0,1432040.0,1415220.0,1309410.0,1288380.0,1302430.0,1309920.0,1265250.0,1330780.0,1338590.0,1334420.0,1334530.0,1313055.0,1262763.333333333,1244646.666666667,1236886.666666667,1228840.0,1208250.0,1199300.0,1202830.0,1208811.666666667,1213230.0,1205158.333333333,0
2018-09-24,92.96013991017382,92.96013991017382,91.90466137338734,92.5301284790039,1495300,0,93.20249633789062,93.67490692138672,93.14440879821777,92.60976155598956,90.53643786112468,1481180.0,1456610.0,1346375.0,1340163.333333333,1218688.333333333,93.19467163085938,93.87879180908205,93.2044448852539,93.2044448852539,94.0058364868164,93.49763793945313,93.78496551513672,93.92178497314451,93.93023071289062,94.14731750488279,93.81286010742187,93.78978652954102,93.71585006713869,93.66937408447264,93.56537399291992,93.08078918457029,92.97906684875488,92.83777618408205,92.76725234985352,92.70404090881348,92.57222264607748,92.5310572306315,92.47163696289064,92.43859532674152,92.38572972615559,90.40895868937174,90.25756645202637,90.10939699808756,89.98254152933755,89.87859789530438,1488740.0,1210500.0,1147200.0,1321340.0,1432040.0,1451980.0,1309410.0,1288380.0,1302430.0,1309920.0,1385785.0,1330780.0,1338590.0,1334420.0,1334530.0,1317233.333333333,1262763.333333333,1244646.666666667,1236886.666666667,1228840.0,1218790.0,1199300.0,1202830.0,1208811.666666667,1213230.0,0
2018-09-25,92.20760454437028,92.363975022802,91.38668190106804,91.91442108154295,1310800,0,92.94449157714844,93.43736114501955,93.13580780029295,92.62352676391602,90.65219294230144,1545800.0,1433570.0,1320135.0,1342576.666666667,1209826.666666667,92.5301284790039,93.19467163085938,93.87879180908205,93.2044448852539,93.2044448852539,93.20249633789062,93.49763793945313,93.78496551513672,93.92178497314451,93.93023071289062,93.67490692138672,93.81286010742187,93.78978652954102,93.71585006713869,93.66937408447264,93.14440879821777,93.08078918457029,92.97906684875488,92.83777618408205,92.76725234985352,92.60976155598956,92.57222264607748,92.5310572306315,92.47163696289064,92.43859532674152,90.53643786112468,90.40895868937174,90.25756645202637,90.10939699808756,89.98254152933755,1481180.0,1488740.0,1210500.0,1147200.0,1321340.0,1456610.0,1451980.0,1309410.0,1288380.0,1302430.0,1346375.0,1385785.0,1330780.0,1338590.0,1334420.0,1340163.333333333,1317233.333333333,1262763.333333333,1244646.666666667,1236886.666666667,1218688.333333333,1218790.0,1199300.0,1202830.0,1208811.666666667,0
2018-09-26,91.86557397867796,92.19785013539041,91.3867023297044,91.4746551513672,1016500,0,92.5985336303711,93.2601593017578,93.09693069458008,92.615483601888,90.76126810709637,1553040.0,1350120.0,1276905.0,1338726.666666667,1207576.666666667,91.91442108154295,92.5301284790039,93.19467163085938,93.87879180908205,93.2044448852539,92.94449157714844,93.20249633789062,93.49763793945313,93.78496551513672,93.92178497314451,93.43736114501955,93.67490692138672,93.81286010742187,93.78978652954102,93.71585006713869,93.13580780029295,93.14440879821777,93.08078918457029,92.97906684875488,92.83777618408205,92.62352676391602,92.60976155598956,92.57222264607748,92.5310572306315,92.47163696289064,90.65219294230144,90.53643786112468,90.40895868937174,90.25756645202637,90.10939699808756,1545800.0,1481180.0,1488740.0,1210500.0,1147200.0,1433570.0,1456610.0,1451980.0,1309410.0,1288380.0,1320135.0,1346375.0,1385785.0,1330780.0,1338590.0,1342576.666666667,1340163.333333333,1317233.333333333,1262763.333333333,1244646.666666667,1209826.666666667,1218688.333333333,1218790.0,1199300.0,1202830.0,0
2018-09-27,91.70918126183815,91.9535045377354,91.2987199478079,91.34758758544922,857300,1,92.09229278564452,92.93862915039062,93.0317138671875,92.6077542622884,90.87472546895346,1489120.0,1349810.0,1276015.0,1313880.0,1214705.0,91.4746551513672,91.91442108154295,92.5301284790039,93.19467163085938,93.87879180908205,92.5985336303711,92.94449157714844,93.20249633789062,93.49763793945313,93.78496551513672,93.2601593017578,93.43736114501955,93.67490692138672,93.81286010742187,93.78978652954102,93.09693069458008,93.13580780029295,93.14440879821777,93.08078918457029,92.97906684875488,92.615483601888,92.62352676391602,92.60976155598956,92.57222264607748,92.5310572306315,90.76126810709637,90.65219294230144,90.53643786112468,90.40895868937174,90.25756645202637,1553040.0,1545800.0,1481180.0,1488740.0,1210500.0,1350120.0,1433570.0,1456610.0,1451980.0,1309410.0,1276905.0,1320135.0,1346375.0,1385785.0,1330780.0,1338726.666666667,1342576.666666667,1340163.333333333,1317233.333333333,1262763.333333333,1207576.666666667,1209826.666666667,1218688.333333333,1218790.0,1199300.0,0
2018-09-28,91.17168147383907,92.07078940815614,90.9859933840423,91.88510131835938,1256500,1,91.8303787231445,92.66400833129885,93.02505912780762,92.61371739705405,90.97926699320476,1187280.0,1338010.0,1301630.0,1321373.333333333,1222670.0,91.34758758544922,91.4746551513672,91.91442108154295,92.5301284790039,93.19467163085938,92.09229278564452,92.5985336303711,92.94449157714844,93.20249633789062,93.49763793945313,92.93862915039062,93.2601593017578,93.43736114501955,93.67490692138672,93.81286010742187,93.0317138671875,93.09693069458008,93.13580780029295,93.14440879821777,93.08078918457029,92.6077542622884,92.615483601888,92.62352676391602,92.60976155598956,92.57222264607748,90.87472546895346,90.76126810709637,90.65219294230144,90.53643786112468,90.40895868937174,1489120.0,1553040.0,1545800.0,1481180.0,1488740.0,1349810.0,1350120.0,1433570.0,1456610.0,1451980.0,1276015.0,1276905.0,1320135.0,1346375.0,1385785.0,1313880.0,1338726.666666667,1342576.666666667,1340163.333333333,1317233.333333333,1214705.0,1207576.666666667,1209826.666666667,1218688.333333333,1218790.0,0
2018-10-01,92.32488250732422,92.41283530942518,91.8069183452058,92.32488250732422,949700,0,91.7893295288086,92.49591293334963,93.03064346313477,92.63466491699221,91.08496335347492,1078160.0,1279670.0,1294795.0,1316243.333333333,1224968.333333333,91.88510131835938,91.34758758544922,91.4746551513672,91.91442108154295,92.5301284790039,91.8303787231445,92.09229278564452,92.5985336303711,92.94449157714844,93.20249633789062,92.66400833129885,92.93862915039062,93.2601593017578,93.43736114501955,93.67490692138672,93.02505912780762,93.0317138671875,93.09693069458008,93.13580780029295,93.14440879821777,92.61371739705405,92.6077542622884,92.615483601888,92.62352676391602,92.60976155598956,90.97926699320476,90.87472546895346,90.76126810709637,90.65219294230144,90.53643786112468,1187280.0,1489120.0,1553040.0,1545800.0,1481180.0,1338010.0,1349810.0,1350120.0,1433570.0,1456610.0,1301630.0,1276015.0,1276905.0,1320135.0,1346375.0,1321373.333333333,1313880.0,1338726.666666667,1342576.666666667,1340163.333333333,1222670.0,1214705.0,1207576.666666667,1209826.666666667,1218688.333333333,0
2018-10-02,91.88509699394518,92.78421234210217,91.7482765519516,91.8264617919922,857600,0,91.77173767089843,92.35811462402344,93.01374435424805,92.63087310791016,91.16317812601727,987520.0,1266660.0,1284545.0,1311833.333333333,1225700.0,92.32488250732422,91.88510131835938,91.34758758544922,91.4746551513672,91.91442108154295,91.7893295288086,91.8303787231445,92.09229278564452,92.5985336303711,92.94449157714844,92.49591293334963,92.66400833129885,92.93862915039062,93.2601593017578,93.43736114501955,93.03064346313477,93.02505912780762,93.0317138671875,93.09693069458008,93.13580780029295,92.63466491699221,92.61371739705405,92.6077542622884,92.615483601888,92.62352676391602,91.08496335347492,90.97926699320476,90.87472546895346,90.76126810709637,90.65219294230144,1078160.0,1187280.0,1489120.0,1553040.0,1545800.0,1279670.0,1338010.0,1349810.0,1350120.0,1433570.0,1294795.0,1301630.0,1276015.0,1276905.0,1320135.0,1316243.333333333,1321373.333333333,1313880.0,1338726.666666667,1342576.666666667,1224968.333333333,1222670.0,1214705.0,1207576.666666667,1209826.666666667,0
2018-10-03,91.98282999530987,92.13919301536585,91.11303972581335,91.38668060302734,906400,0,91.75414276123048,92.17633819580078,92.94609413146972,92.61729685465497,91.23568827311199,965500.0,1259270.0,1273825.0,1312150.0,1229866.666666667,91.8264617919922,92.32488250732422,91.88510131835938,91.34758758544922,91.4746551513672,91.77173767089843,91.7893295288086,91.8303787231445,92.09229278564452,92.5985336303711,92.35811462402344,92.49591293334963,92.66400833129885,92.93862915039062,93.2601593017578,93.01374435424805,93.03064346313477,93.02505912780762,93.0317138671875,93.09693069458008,92.63087310791016,92.63466491699221,92.61371739705405,92.6077542622884,92.615483601888,91.16317812601727,91.08496335347492,90.97926699320476,90.87472546895346,90.76126810709637,987520.0,1078160.0,1187280.0,1489120.0,1553040.0,1266660.0,1279670.0,1338010.0,1349810.0,1350120.0,1284545.0,1294795.0,1301630.0,1276015.0,1276905.0,1311833.333333333,1316243.333333333,1321373.333333333,1313880.0,1338726.666666667,1225700.0,1224968.333333333,1222670.0,1214705.0,1207576.666666667,0
2018-10-04,91.04463241598393,91.14236023866128,88.5329818906303,89.52005004882812,1421000,0,91.38863525390623,91.74046401977542,92.7651252746582,92.56619923909506,91.30341211954752,1078240.0,1283680.0,1296545.0,1315080.0,1240351.666666667,91.38668060302734,91.8264617919922,92.32488250732422,91.88510131835938,91.34758758544922,91.75414276123048,91.77173767089843,91.7893295288086,91.8303787231445,92.09229278564452,92.17633819580078,92.35811462402344,92.49591293334963,92.66400833129885,92.93862915039062,92.94609413146972,93.01374435424805,93.03064346313477,93.02505912780762,93.0317138671875,92.61729685465497,92.63087310791016,92.63466491699221,92.61371739705405,92.6077542622884,91.23568827311199,91.16317812601727,91.08496335347492,90.97926699320476,90.87472546895346,965500.0,987520.0,1078160.0,1187280.0,1489120.0,1259270.0,1266660.0,1279670.0,1338010.0,1349810.0,1273825.0,1284545.0,1294795.0,1301630.0,1276015.0,1312150.0,1311833.333333333,1316243.333333333,1321373.333333333,1313880.0,1229866.666666667,1225700.0,1224968.333333333,1222670.0,1214705.0,0
2018-10-05,89.46141995543135,89.71551827382757,87.88797731515791,88.4645767211914,1321900,0,90.70453033447264,91.2674545288086,92.54015731811523,92.47634429931641,91.33079541524252,1091320.0,1139300.0,1295640.0,1303623.333333333,1248718.333333333,89.52005004882812,91.38668060302734,91.8264617919922,92.32488250732422,91.88510131835938,91.38863525390623,91.75414276123048,91.77173767089843,91.7893295288086,91.8303787231445,91.74046401977542,92.17633819580078,92.35811462402344,92.49591293334963,92.66400833129885,92.7651252746582,92.94609413146972,93.01374435424805,93.03064346313477,93.02505912780762,92.56619923909506,92.61729685465497,92.63087310791016,92.63466491699221,92.61371739705405,91.30341211954752,91.23568827311199,91.16317812601727,91.08496335347492,90.97926699320476,1078240.0,965500.0,987520.0,1078160.0,1187280.0,1283680.0,1259270.0,1266660.0,1279670.0,1338010.0,1296545.0,1273825.0,1284545.0,1294795.0,1301630.0,1315080.0,1312150.0,1311833.333333333,1316243.333333333,1321373.333333333,1240351.666666667,1229866.666666667,1225700.0,1224968.333333333,1222670.0,0
2018-10-08,88.26911352496887,88.36684134487966,86.54907556115101,87.27227783203125,1073100,1,89.69400939941406,90.74166946411131,92.20828819274902,92.34349568684894,91.3438321431478,1116000.0,1097080.0,1276845.0,1263276.666666667,1255303.333333333,88.4645767211914,89.52005004882812,91.38668060302734,91.8264617919922,92.32488250732422,90.70453033447264,91.38863525390623,91.75414276123048,91.77173767089843,91.7893295288086,91.2674545288086,91.74046401977542,92.17633819580078,92.35811462402344,92.49591293334963,92.54015731811523,92.7651252746582,92.94609413146972,93.01374435424805,93.03064346313477,92.47634429931641,92.56619923909506,92.61729685465497,92.63087310791016,92.63466491699221,91.33079541524252,91.30341211954752,91.23568827311199,91.16317812601727,91.08496335347492,1091320.0,1078240.0,965500.0,987520.0,1078160.0,1139300.0,1283680.0,1259270.0,1266660.0,1279670.0,1295640.0,1296545.0,1273825.0,1284545.0,1294795.0,1303623.333333333,1315080.0,1312150.0,1311833.333333333,1316243.333333333,1248718.333333333,1240351.666666667,1229866.666666667,1225700.0,1224968.333333333,0
2018-10-09,88.27888739288868,88.53297823011314,87.38954709413923,88.1420669555664,2080400,0,88.9571304321289,90.3644340515137,91.9008975982666,92.21201655069989,91.37429008483886,1360560.0,1174040.0,1303805.0,1271436.666666667,1277163.333333333,87.27227783203125,88.4645767211914,89.52005004882812,91.38668060302734,91.8264617919922,89.69400939941406,90.70453033447264,91.38863525390623,91.75414276123048,91.77173767089843,90.74166946411131,91.2674545288086,91.74046401977542,92.17633819580078,92.35811462402344,92.20828819274902,92.54015731811523,92.7651252746582,92.94609413146972,93.01374435424805,92.34349568684894,92.47634429931641,92.56619923909506,92.61729685465497,92.63087310791016,91.3438321431478,91.33079541524252,91.30341211954752,91.23568827311199,91.16317812601727,1116000.0,1091320.0,1078240.0,965500.0,987520.0,1097080.0,1139300.0,1283680.0,1259270.0,1266660.0,1276845.0,1295640.0,1296545.0,1273825.0,1284545.0,1263276.666666667,1303623.333333333,1315080.0,1312150.0,1311833.333333333,1255303.333333333,1248718.333333333,1240351.666666667,1229866.666666667,1225700.0,0
2018-10-10,87.61433611223076,87.61433611223076,84.32085537254613,84.4381332397461,1550100,0,87.56742095947266,89.66078186035156,91.46047058105471,91.95154774983723,91.33521575927736,1489300.0,1227400.0,1288760.0,1260403.333333333,1284861.666666667,88.1420669555664,87.27227783203125,88.4645767211914,89.52005004882812,91.38668060302734,88.9571304321289,89.69400939941406,90.70453033447264,91.38863525390623,91.75414276123048,90.3644340515137,90.74166946411131,91.2674545288086,91.74046401977542,92.17633819580078,91.9008975982666,92.20828819274902,92.54015731811523,92.7651252746582,92.94609413146972,92.21201655069989,92.34349568684894,92.47634429931641,92.56619923909506,92.61729685465497,91.37429008483886,91.3438321431478,91.33079541524252,91.30341211954752,91.23568827311199,1360560.0,1116000.0,1091320.0,1078240.0,965500.0,1174040.0,1097080.0,1139300.0,1283680.0,1259270.0,1303805.0,1276845.0,1295640.0,1296545.0,1273825.0,1271436.666666667,1263276.666666667,1303623.333333333,1315080.0,1312150.0,1277163.333333333,1255303.333333333,1248718.333333333,1240351.666666667,1229866.666666667,0
2018-10-11,84.4576592062722,84.71175747380201,82.102386955264,82.34671020507812,2608600,1,86.13275299072265,88.76069412231445,90.84966163635254,91.60804061889648,91.25933469136557,1726820.0,1402530.0,1376170.0,1318186.666666667,1312436.666666667,84.4381332397461,88.1420669555664,87.27227783203125,88.4645767211914,89.52005004882812,87.56742095947266,88.9571304321289,89.69400939941406,90.70453033447264,91.38863525390623,89.66078186035156,90.3644340515137,90.74166946411131,91.2674545288086,91.74046401977542,91.46047058105471,91.9008975982666,92.20828819274902,92.54015731811523,92.7651252746582,91.95154774983723,92.21201655069989,92.34349568684894,92.47634429931641,92.56619923909506,91.33521575927736,91.37429008483886,91.3438321431478,91.33079541524252,91.30341211954752,1489300.0,1360560.0,1116000.0,1091320.0,1078240.0,1227400.0,1174040.0,1097080.0,1139300.0,1283680.0,1288760.0,1303805.0,1276845.0,1295640.0,1296545.0,1260403.333333333,1271436.666666667,1263276.666666667,1303623.333333333,1315080.0,1284861.666666667,1277163.333333333,1255303.333333333,1248718.333333333,1240351.666666667,0
2018-10-12,83.62696705372309,84.04720336881334,82.20989509566415,83.09922790527344,1667700,0,85.05968322753907,87.88210678100586,90.27305755615234,91.31074167887371,91.20477040608722,1795980.0,1443650.0,1390830.0,1348970.0,1324930.0,82.34671020507812,84.4381332397461,88.1420669555664,87.27227783203125,88.4645767211914,86.13275299072265,87.56742095947266,88.9571304321289,89.69400939941406,90.70453033447264,88.76069412231445,89.66078186035156,90.3644340515137,90.74166946411131,91.2674545288086,90.84966163635254,91.46047058105471,91.9008975982666,92.20828819274902,92.54015731811523,91.60804061889648,91.95154774983723,92.21201655069989,92.34349568684894,92.47634429931641,91.25933469136557,91.33521575927736,91.37429008483886,91.3438321431478,91.33079541524252,1726820.0,1489300.0,1360560.0,1116000.0,1091320.0,1402530.0,1227400.0,1174040.0,1097080.0,1139300.0,1376170.0,1288760.0,1303805.0,1276845.0,1295640.0,1318186.666666667,1260403.333333333,1271436.666666667,1263276.666666667,1303623.333333333,1312436.666666667,1284861.666666667,1277163.333333333,1255303.333333333,1248718.333333333,0
2018-10-15,82.92333550292125,83.29471173105188,82.43468885003878,82.45423889160156,1125000,1,84.09607543945313,86.8950424194336,89.6954776763916,90.98544311523438,91.14254366556804,1806360.0,1461180.0,1370425.0,1350256.666666667,1324998.333333333,83.09922790527344,82.34671020507812,84.4381332397461,88.1420669555664,87.27227783203125,85.05968322753907,86.13275299072265,87.56742095947266,88.9571304321289,89.69400939941406,87.88210678100586,88.76069412231445,89.66078186035156,90.3644340515137,90.74166946411131,90.27305755615234,90.84966163635254,91.46047058105471,91.9008975982666,92.20828819274902,91.31074167887371,91.60804061889648,91.95154774983723,92.21201655069989,92.34349568684894,91.20477040608722,91.25933469136557,91.33521575927736,91.37429008483886,91.3438321431478,1795980.0,1726820.0,1489300.0,1360560.0,1116000.0,1443650.0,1402530.0,1227400.0,1174040.0,1097080.0,1390830.0,1376170.0,1288760.0,1303805.0,1276845.0,1348970.0,1318186.666666667,1260403.333333333,1271436.666666667,1263276.666666667,1324930.0,1312436.666666667,1284861.666666667,1277163.333333333,1255303.333333333,0
2018-10-16,83.0210470886786,84.42835155943261,82.82559144825376,84.35016632080078,1868800,0,83.3376953125,86.14741287231445,89.25276374816895,90.72496719360352,91.1184154510498,1764040.0,1562300.0,1414480.0,1377130.0,1338281.666666667,82.45423889160156,83.09922790527344,82.34671020507812,84.4381332397461,88.1420669555664,84.09607543945313,85.05968322753907,86.13275299072265,87.56742095947266,88.9571304321289,86.8950424194336,87.88210678100586,88.76069412231445,89.66078186035156,90.3644340515137,89.6954776763916,90.27305755615234,90.84966163635254,91.46047058105471,91.9008975982666,90.98544311523438,91.31074167887371,91.60804061889648,91.95154774983723,92.21201655069989,91.14254366556804,91.20477040608722,91.25933469136557,91.33521575927736,91.37429008483886,1806360.0,1795980.0,1726820.0,1489300.0,1360560.0,1461180.0,1443650.0,1402530.0,1227400.0,1174040.0,1370425.0,1390830.0,1376170.0,1288760.0,1303805.0,1350256.666666667,1348970.0,1318186.666666667,1260403.333333333,1271436.666666667,1324998.333333333,1324930.0,1312436.666666667,1284861.666666667,1277163.333333333,0
2018-10-17,83.65629990140222,84.17426412591844,82.91355495084683,83.8810806274414,1584800,0,83.22628479003906,85.39685287475588,88.78659553527832,90.42968037923175,91.07216949462892,1770980.0,1630140.0,1444705.0,1392596.666666667,1337893.333333333,84.35016632080078,82.45423889160156,83.09922790527344,82.34671020507812,84.4381332397461,83.3376953125,84.09607543945313,85.05968322753907,86.13275299072265,87.56742095947266,86.14741287231445,86.8950424194336,87.88210678100586,88.76069412231445,89.66078186035156,89.25276374816895,89.6954776763916,90.27305755615234,90.84966163635254,91.46047058105471,90.72496719360352,90.98544311523438,91.31074167887371,91.60804061889648,91.95154774983723,91.1184154510498,91.14254366556804,91.20477040608722,91.25933469136557,91.33521575927736,1764040.0,1806360.0,1795980.0,1726820.0,1489300.0,1562300.0,1461180.0,1443650.0,1402530.0,1227400.0,1414480.0,1370425.0,1390830.0,1376170.0,1288760.0,1377130.0,1350256.666666667,1348970.0,1318186.666666667,1260403.333333333,1338281.666666667,1324998.333333333,1324930.0,1312436.666666667,1284861.666666667,0
2018-10-18,83.46084518300836,83.46084518300836,81.27171038701323,81.77989959716797,1729800,0,83.11292266845703,84.62283782958984,88.18165092468261,90.05102945963543,90.9233055114746,1595220.0,1661020.0,1472350.0,1418036.666666667,1330465.0,83.8810806274414,84.35016632080078,82.45423889160156,83.09922790527344,82.34671020507812,83.22628479003906,83.3376953125,84.09607543945313,85.05968322753907,86.13275299072265,85.39685287475588,86.14741287231445,86.8950424194336,87.88210678100586,88.76069412231445,88.78659553527832,89.25276374816895,89.6954776763916,90.27305755615234,90.84966163635254,90.42968037923175,90.72496719360352,90.98544311523438,91.31074167887371,91.60804061889648,91.07216949462892,91.1184154510498,91.14254366556804,91.20477040608722,91.25933469136557,1770980.0,1764040.0,1806360.0,1795980.0,1726820.0,1630140.0,1562300.0,1461180.0,1443650.0,1402530.0,1444705.0,1414480.0,1370425.0,1390830.0,1376170.0,1392596.666666667,1377130.0,1350256.666666667,1348970.0,1318186.666666667,1337893.333333333,1338281.666666667,1324998.333333333,1324930.0,1312436.666666667,0
2018-10-19,81.90692875380348,82.47376051656614,80.99804591218553,81.08600616455078,1965900,0,82.7102783203125,83.88498077392578,87.57621765136719,89.65509847005207,90.72241516113282,1654860.0,1725420.0,1432360.0,1438900.0,1329771.666666667,81.77989959716797,83.8810806274414,84.35016632080078,82.45423889160156,83.09922790527344,83.11292266845703,83.22628479003906,83.3376953125,84.09607543945313,85.05968322753907,84.62283782958984,85.39685287475588,86.14741287231445,86.8950424194336,87.88210678100586,88.18165092468261,88.78659553527832,89.25276374816895,89.6954776763916,90.27305755615234,90.05102945963543,90.42968037923175,90.72496719360352,90.98544311523438,91.31074167887371,90.9233055114746,91.07216949462892,91.1184154510498,91.14254366556804,91.20477040608722,1595220.0,1770980.0,1764040.0,1806360.0,1795980.0,1661020.0,1630140.0,1562300.0,1461180.0,1443650.0,1472350.0,1444705.0,1414480.0,1370425.0,1390830.0,1418036.666666667,1392596.666666667,1377130.0,1350256.666666667,1348970.0,1330465.0,1337893.333333333,1338281.666666667,1324998.333333333,1324930.0,0
2018-10-22,81.41828943947371,81.65284516246183,80.30417585182248,80.84169006347656,1249300,0,82.3877685546875,83.24192199707029,86.99179573059082,89.21949946085611,90.54296480814615,1679720.0,1743040.0,1420060.0,1432243.333333333,1312511.666666667,81.08600616455078,81.77989959716797,83.8810806274414,84.35016632080078,82.45423889160156,82.7102783203125,83.11292266845703,83.22628479003906,83.3376953125,84.09607543945313,83.88498077392578,84.62283782958984,85.39685287475588,86.14741287231445,86.8950424194336,87.57621765136719,88.18165092468261,88.78659553527832,89.25276374816895,89.6954776763916,89.65509847005207,90.05102945963543,90.42968037923175,90.72496719360352,90.98544311523438,90.72241516113282,90.9233055114746,91.07216949462892,91.1184154510498,91.14254366556804,1654860.0,1595220.0,1770980.0,1764040.0,1806360.0,1725420.0,1661020.0,1630140.0,1562300.0,1461180.0,1432360.0,1472350.0,1444705.0,1414480.0,1370425.0,1438900.0,1418036.666666667,1392596.666666667,1377130.0,1350256.666666667,1329771.666666667,1330465.0,1337893.333333333,1338281.666666667,1324998.333333333,1
2018-10-23,79.25847248600405,81.54534232013101,79.03369923833412,80.84169006347656,2505000,1,81.68607330322266,82.51188430786131,86.4381591796875,88.77122650146484,90.3913013458252,1806960.0,1785500.0,1479770.0,1464370.0,1336573.333333333,80.84169006347656,81.08600616455078,81.77989959716797,83.8810806274414,84.35016632080078,82.3877685546875,82.7102783203125,83.11292266845703,83.22628479003906,83.3376953125,83.24192199707029,83.88498077392578,84.62283782958984,85.39685287475588,86.14741287231445,86.99179573059082,87.57621765136719,88.18165092468261,88.78659553527832,89.25276374816895,89.21949946085611,89.65509847005207,90.05102945963543,90.42968037923175,90.72496719360352,90.54296480814615,90.72241516113282,90.9233055114746,91.07216949462892,91.1184154510498,1679720.0,1654860.0,1595220.0,1770980.0,1764040.0,1743040.0,1725420.0,1661020.0,1630140.0,1562300.0,1420060.0,1432360.0,1472350.0,1444705.0,1414480.0,1432243.333333333,1438900.0,1418036.666666667,1392596.666666667,1377130.0,1312511.666666667,1329771.666666667,1330465.0,1337893.333333333,1338281.666666667,1
2018-10-24,84.05699163288766,86.00180304586027,81.58444098830404,81.67239379882812,4539200,1,81.2443359375,82.23531036376953,85.94804611206055,88.38541717529297,90.23300844828287,2397840.0,2084410.0,1655905.0,1553976.666666667,1380420.0,80.84169006347656,80.84169006347656,81.08600616455078,81.77989959716797,83.8810806274414,81.68607330322266,82.3877685546875,82.7102783203125,83.11292266845703,83.22628479003906,82.51188430786131,83.24192199707029,83.88498077392578,84.62283782958984,85.39685287475588,86.4381591796875,86.99179573059082,87.57621765136719,88.18165092468261,88.78659553527832,88.77122650146484,89.21949946085611,89.65509847005207,90.05102945963543,90.42968037923175,90.3913013458252,90.54296480814615,90.72241516113282,90.9233055114746,91.07216949462892,1806960.0,1679720.0,1654860.0,1595220.0,1770980.0,1785500.0,1743040.0,1725420.0,1661020.0,1630140.0,1479770.0,1420060.0,1432360.0,1472350.0,1444705.0,1464370.0,1432243.333333333,1438900.0,1418036.666666667,1392596.666666667,1336573.333333333,1312511.666666667,1329771.666666667,1330465.0,1337893.333333333,1
2018-10-25,82.6105947243272,84.56518116505386,82.36627141923637,84.09608459472656,2403700,0,81.70757293701172,82.41024780273438,85.58547096252441,88.03652369181314,90.117222849528,2532620.0,2063920.0,1733225.0,1605420.0,1401880.0,81.67239379882812,80.84169006347656,80.84169006347656,81.08600616455078,81.77989959716797,81.2443359375,81.68607330322266,82.3877685546875,82.7102783203125,83.11292266845703,82.23531036376953,82.51188430786131,83.24192199707029,83.88498077392578,84.62283782958984,85.94804611206055,86.4381591796875,86.99179573059082,87.57621765136719,88.18165092468261,88.38541717529297,88.77122650146484,89.21949946085611,89.65509847005207,90.05102945963543,90.23300844828287,90.3913013458252,90.54296480814615,90.72241516113282,90.9233055114746,2397840.0,1806960.0,1679720.0,1654860.0,1595220.0,2084410.0,1785500.0,1743040.0,1725420.0,1661020.0,1655905.0,1479770.0,1420060.0,1432360.0,1472350.0,1553976.666666667,1464370.0,1432243.333333333,1438900.0,1418036.666666667,1380420.0,1336573.333333333,1312511.666666667,1329771.666666667,1330465.0,1
2018-10-26,82.63990559521758,85.24928394767784,82.23921928471371,83.18719482421875,2580800,1,82.12781066894532,82.4190444946289,85.15057563781737,87.65505320231121,89.97881444295246,2655600.0,2155230.0,1799440.0,1645630.0,1426940.0,84.09608459472656,81.67239379882812,80.84169006347656,80.84169006347656,81.08600616455078,81.70757293701172,81.2443359375,81.68607330322266,82.3877685546875,82.7102783203125,82.41024780273438,82.23531036376953,82.51188430786131,83.24192199707029,83.88498077392578,85.58547096252441,85.94804611206055,86.4381591796875,86.99179573059082,87.57621765136719,88.03652369181314,88.38541717529297,88.77122650146484,89.21949946085611,89.65509847005207,90.117222849528,90.23300844828287,90.3913013458252,90.54296480814615,90.72241516113282,2532620.0,2397840.0,1806960.0,1679720.0,1654860.0,2063920.0,2084410.0,1785500.0,1743040.0,1725420.0,1733225.0,1655905.0,1479770.0,1420060.0,1432360.0,1605420.0,1553976.666666667,1464370.0,1432243.333333333,1438900.0,1401880.0,1380420.0,1336573.333333333,1312511.666666667,1329771.666666667,1
2018-10-29,84.45767844247197,85.26883360608166,82.38582158409757,83.51947784423828,2648800,1,82.66336822509766,82.52556838989258,84.71030540466309,87.30550791422527,89.84561882019042,2935500.0,2307610.0,1884395.0,1682820.0,1455830.0,83.18719482421875,84.09608459472656,81.67239379882812,80.84169006347656,80.84169006347656,82.12781066894532,81.70757293701172,81.2443359375,81.68607330322266,82.3877685546875,82.4190444946289,82.41024780273438,82.23531036376953,82.51188430786131,83.24192199707029,85.15057563781737,85.58547096252441,85.94804611206055,86.4381591796875,86.99179573059082,87.65505320231121,88.03652369181314,88.38541717529297,88.77122650146484,89.21949946085611,89.97881444295246,90.117222849528,90.23300844828287,90.3913013458252,90.54296480814615,2655600.0,2532620.0,2397840.0,1806960.0,1679720.0,2155230.0,2063920.0,2084410.0,1785500.0,1743040.0,1799440.0,1733225.0,1655905.0,1479770.0,1420060.0,1645630.0,1605420.0,1553976.666666667,1464370.0,1432243.333333333,1426940.0,1401880.0,1380420.0,1336573.333333333,1312511.666666667,1
2018-10-30,83.83220550151546,86.69567473908184,83.57810719392064,86.47090148925781,3212800,1,83.78921051025391,82.73764190673828,84.44252738952636,87.08105646769205,89.7598258972168,3077060.0,2442010.0,2002155.0,1756990.0,1496938.333333333,83.51947784423828,83.18719482421875,84.09608459472656,81.67239379882812,80.84169006347656,82.66336822509766,82.12781066894532,81.70757293701172,81.2443359375,81.68607330322266,82.52556838989258,82.4190444946289,82.41024780273438,82.23531036376953,82.51188430786131,84.71030540466309,85.15057563781737,85.58547096252441,85.94804611206055,86.4381591796875,87.30550791422527,87.65505320231121,88.03652369181314,88.38541717529297,88.77122650146484,89.84561882019042,89.97881444295246,90.117222849528,90.23300844828287,90.3913013458252,2935500.0,2655600.0,2532620.0,2397840.0,1806960.0,2307610.0,2155230.0,2063920.0,2084410.0,1785500.0,1884395.0,1799440.0,1733225.0,1655905.0,1479770.0,1682820.0,1645630.0,1605420.0,1553976.666666667,1464370.0,1455830.0,1426940.0,1401880.0,1380420.0,1336573.333333333,1
2018-10-31,87.3016048625122,88.30821568301916,86.78364065049645,87.46774291992188,3685800,1,84.94828033447266,83.09630813598633,84.2465805053711,86.88983306884765,89.68073501586916,2906380.0,2652110.0,2141125.0,1847173.333333333,1545910.0,86.47090148925781,83.51947784423828,83.18719482421875,84.09608459472656,81.67239379882812,83.78921051025391,82.66336822509766,82.12781066894532,81.70757293701172,81.2443359375,82.73764190673828,82.52556838989258,82.4190444946289,82.41024780273438,82.23531036376953,84.44252738952636,84.71030540466309,85.15057563781737,85.58547096252441,85.94804611206055,87.08105646769205,87.30550791422527,87.65505320231121,88.03652369181314,88.38541717529297,89.7598258972168,89.84561882019042,89.97881444295246,90.117222849528,90.23300844828287,3077060.0,2935500.0,2655600.0,2532620.0,2397840.0,2442010.0,2307610.0,2155230.0,2063920.0,2084410.0,2002155.0,1884395.0,1799440.0,1733225.0,1655905.0,1756990.0,1682820.0,1645630.0,1605420.0,1553976.666666667,1496938.333333333,1455830.0,1426940.0,1401880.0,1380420.0,1
2018-11-01,87.48728302300405,88.52321887381899,87.39933021492405,87.8097915649414,2153000,1,85.69102172851562,83.69929733276369,84.16106758117675,86.68753306070965,89.60929514567057,2856240.0,2694430.0,2177725.0,1879710.0,1571236.666666667,87.46774291992188,86.47090148925781,83.51947784423828,83.18719482421875,84.09608459472656,84.94828033447266,83.78921051025391,82.66336822509766,82.12781066894532,81.70757293701172,83.09630813598633,82.73764190673828,82.52556838989258,82.4190444946289,82.41024780273438,84.2465805053711,84.44252738952636,84.71030540466309,85.15057563781737,85.58547096252441,86.88983306884765,87.08105646769205,87.30550791422527,87.65505320231121,88.03652369181314,89.68073501586916,89.7598258972168,89.84561882019042,89.97881444295246,90.117222849528,2906380.0,3077060.0,2935500.0,2655600.0,2532620.0,2652110.0,2442010.0,2307610.0,2155230.0,2063920.0,2141125.0,2002155.0,1884395.0,1799440.0,1733225.0,1847173.333333333,1756990.0,1682820.0,1645630.0,1605420.0,1545910.0,1496938.333333333,1455830.0,1426940.0,1401880.0,1
2018-11-02,88.27889507323866,88.87504451178906,87.5068325633758,88.34730529785156,2560800,0,86.72304382324221,84.42542724609375,84.15520401000977,86.5259541829427,89.5490884145101,2852240.0,2753920.0,2239670.0,1872880.0,1595056.666666667,87.8097915649414,87.46774291992188,86.47090148925781,83.51947784423828,83.18719482421875,85.69102172851562,84.94828033447266,83.78921051025391,82.66336822509766,82.12781066894532,83.69929733276369,83.09630813598633,82.73764190673828,82.52556838989258,82.4190444946289,84.16106758117675,84.2465805053711,84.44252738952636,84.71030540466309,85.15057563781737,86.68753306070965,86.88983306884765,87.08105646769205,87.30550791422527,87.65505320231121,89.60929514567057,89.68073501586916,89.7598258972168,89.84561882019042,89.97881444295246,2856240.0,2906380.0,3077060.0,2935500.0,2655600.0,2694430.0,2652110.0,2442010.0,2307610.0,2155230.0,2177725.0,2141125.0,2002155.0,1884395.0,1799440.0,1879710.0,1847173.333333333,1756990.0,1682820.0,1645630.0,1571236.666666667,1545910.0,1496938.333333333,1455830.0,1426940.0,1
2018-11-05,88.51344722169193,88.68936030069989,87.22342046101889,87.95639038085938,1992800,1,87.61042633056641,85.13689727783203,84.18940963745119,86.37349624633791,89.49162890116374,2721040.0,2828270.0,2285655.0,1889463.333333333,1614813.333333333,88.34730529785156,87.8097915649414,87.46774291992188,86.47090148925781,83.51947784423828,86.72304382324221,85.69102172851562,84.94828033447266,83.78921051025391,82.66336822509766,84.42542724609375,83.69929733276369,83.09630813598633,82.73764190673828,82.52556838989258,84.15520401000977,84.16106758117675,84.2465805053711,84.44252738952636,84.71030540466309,86.5259541829427,86.68753306070965,86.88983306884765,87.08105646769205,87.30550791422527,89.5490884145101,89.60929514567057,89.68073501586916,89.7598258972168,89.84561882019042,2852240.0,2856240.0,2906380.0,3077060.0,2935500.0,2753920.0,2694430.0,2652110.0,2442010.0,2307610.0,2239670.0,2177725.0,2141125.0,2002155.0,1884395.0,1872880.0,1879710.0,1847173.333333333,1756990.0,1682820.0,1595056.666666667,1571236.666666667,1545910.0,1496938.333333333,1455830.0,1
2018-11-06,88.07366909640095,88.75777137901335,88.07366909640095,88.44503784179688,1590500,1,88.00525360107422,85.89723205566406,84.20455818176269,86.25785013834637,89.4406884511312,2396580.0,2736820.0,2261160.0,1898786.666666667,1620681.666666667,87.95639038085938,88.34730529785156,87.8097915649414,87.46774291992188,86.47090148925781,87.61042633056641,86.72304382324221,85.69102172851562,84.94828033447266,83.78921051025391,85.13689727783203,84.42542724609375,83.69929733276369,83.09630813598633,82.73764190673828,84.18940963745119,84.15520401000977,84.16106758117675,84.2465805053711,84.44252738952636,86.37349624633791,86.5259541829427,86.68753306070965,86.88983306884765,87.08105646769205,89.49162890116374,89.5490884145101,89.60929514567057,89.68073501586916,89.7598258972168,2721040.0,2852240.0,2856240.0,2906380.0,3077060.0,2828270.0,2753920.0,2694430.0,2652110.0,2442010.0,2285655.0,2239670.0,2177725.0,2141125.0,2002155.0,1889463.333333333,1872880.0,1879710.0,1847173.333333333,1756990.0,1614813.333333333,1595056.666666667,1571236.666666667,1545910.0,1496938.333333333,1
2018-11-07,89.15845001881192,89.91096240168328,88.58184323055734,89.8425521850586,1095100,1,88.48021545410157,86.71424789428711,84.4747791290283,86.20344670613605,89.40946515401205,1878440.0,2392410.0,2238410.0,1901406.666666667,1620066.666666667,88.44503784179688,87.95639038085938,88.34730529785156,87.8097915649414,87.46774291992188,88.00525360107422,87.61042633056641,86.72304382324221,85.69102172851562,84.94828033447266,85.89723205566406,85.13689727783203,84.42542724609375,83.69929733276369,83.09630813598633,84.20455818176269,84.18940963745119,84.15520401000977,84.16106758117675,84.2465805053711,86.25785013834637,86.37349624633791,86.5259541829427,86.68753306070965,86.88983306884765,89.4406884511312,89.49162890116374,89.5490884145101,89.60929514567057,89.68073501586916,2396580.0,2721040.0,2852240.0,2856240.0,2906380.0,2736820.0,2828270.0,2753920.0,2694430.0,2652110.0,2261160.0,2285655.0,2239670.0,2177725.0,2141125.0,1898786.666666667,1889463.333333333,1872880.0,1879710.0,1847173.333333333,1620681.666666667,1614813.333333333,1595056.666666667,1571236.666666667,1545910.0,1
2018-11-08,89.42233011114199,90.29212048512952,89.42233011114199,90.13575744628906,876200,0,88.94540863037109,87.31821517944336,84.86423149108887,86.16305236816406,89.38540331522623,1623080.0,2239660.0,2151790.0,1902036.666666667,1607958.333333333,89.8425521850586,88.44503784179688,87.95639038085938,88.34730529785156,87.8097915649414,88.48021545410157,88.00525360107422,87.61042633056641,86.72304382324221,85.69102172851562,86.71424789428711,85.89723205566406,85.13689727783203,84.42542724609375,83.69929733276369,84.4747791290283,84.20455818176269,84.18940963745119,84.15520401000977,84.16106758117675,86.20344670613605,86.25785013834637,86.37349624633791,86.5259541829427,86.68753306070965,89.40946515401205,89.4406884511312,89.49162890116374,89.5490884145101,89.60929514567057,1878440.0,2396580.0,2721040.0,2852240.0,2856240.0,2392410.0,2736820.0,2828270.0,2753920.0,2694430.0,2238410.0,2261160.0,2285655.0,2239670.0,2177725.0,1901406.666666667,1898786.666666667,1889463.333333333,1872880.0,1879710.0,1620066.666666667,1620681.666666667,1614813.333333333,1595056.666666667,1571236.666666667,1
2018-11-09,89.59824246698324,90.06734649203062,88.56231404253786,89.07050323486328,951600,0,89.09004821777344,87.90654602050782,85.16279525756836,86.06923243204754,89.3414749145508,1301240.0,2076740.0,2115985.0,1891873.333333333,1606623.333333333,90.13575744628906,89.8425521850586,88.44503784179688,87.95639038085938,88.34730529785156,88.94540863037109,88.48021545410157,88.00525360107422,87.61042633056641,86.72304382324221,87.31821517944336,86.71424789428711,85.89723205566406,85.13689727783203,84.42542724609375,84.86423149108887,84.4747791290283,84.20455818176269,84.18940963745119,84.15520401000977,86.16305236816406,86.20344670613605,86.25785013834637,86.37349624633791,86.5259541829427,89.38540331522623,89.40946515401205,89.4406884511312,89.49162890116374,89.5490884145101,1623080.0,1878440.0,2396580.0,2721040.0,2852240.0,2239660.0,2392410.0,2736820.0,2828270.0,2753920.0,2151790.0,2238410.0,2261160.0,2285655.0,2239670.0,1902036.666666667,1901406.666666667,1898786.666666667,1889463.333333333,1872880.0,1607958.333333333,1620066.666666667,1620681.666666667,1614813.333333333,1595056.666666667,1
2018-11-12,88.75776149177803,89.40277853452244,86.14839063228621,86.44157409667969,2074600,0,88.7870849609375,88.19875564575196,85.36216201782227,85.87312215169271,89.25389353434247,1317600.0,2019320.0,2163465.0,1929370.0,1622806.666666667,89.07050323486328,90.13575744628906,89.8425521850586,88.44503784179688,87.95639038085938,89.09004821777344,88.94540863037109,88.48021545410157,88.00525360107422,87.61042633056641,87.90654602050782,87.31821517944336,86.71424789428711,85.89723205566406,85.13689727783203,85.16279525756836,84.86423149108887,84.4747791290283,84.20455818176269,84.18940963745119,86.06923243204754,86.16305236816406,86.20344670613605,86.25785013834637,86.37349624633791,89.3414749145508,89.38540331522623,89.40946515401205,89.4406884511312,89.49162890116374,1301240.0,1623080.0,1878440.0,2396580.0,2721040.0,2076740.0,2239660.0,2392410.0,2736820.0,2828270.0,2115985.0,2151790.0,2238410.0,2261160.0,2285655.0,1891873.333333333,1902036.666666667,1901406.666666667,1898786.666666667,1889463.333333333,1606623.333333333,1607958.333333333,1620066.666666667,1620681.666666667,1614813.333333333,1
2018-11-13,86.78363843101023,87.39933045774684,85.58156452415646,85.83566284179688,1483400,0,88.2652099609375,88.13523178100586,85.43643684387206,85.67342885335286,89.1521509806315,1296180.0,1846380.0,2144195.0,1950230.0,1631031.666666667,86.44157409667969,89.07050323486328,90.13575744628906,89.8425521850586,88.44503784179688,88.7870849609375,89.09004821777344,88.94540863037109,88.48021545410157,88.00525360107422,88.19875564575196,87.90654602050782,87.31821517944336,86.71424789428711,85.89723205566406,85.36216201782227,85.16279525756836,84.86423149108887,84.4747791290283,84.20455818176269,85.87312215169271,86.06923243204754,86.16305236816406,86.20344670613605,86.25785013834637,89.25389353434247,89.3414749145508,89.38540331522623,89.40946515401205,89.4406884511312,1317600.0,1301240.0,1623080.0,1878440.0,2396580.0,2019320.0,2076740.0,2239660.0,2392410.0,2736820.0,2163465.0,2115985.0,2151790.0,2238410.0,2261160.0,1929370.0,1891873.333333333,1902036.666666667,1901406.666666667,1898786.666666667,1622806.666666667,1606623.333333333,1607958.333333333,1620066.666666667,1620681.666666667,1
2018-11-14,86.73477299997411,86.85205087021824,84.48699561863933,84.67268371582031,1156000,1,87.23123626708984,87.8557258605957,85.47601699829102,85.44962895711264,89.0334629058838,1308360.0,1593400.0,2122755.0,1958550.0,1635350.0,85.83566284179688,86.44157409667969,89.07050323486328,90.13575744628906,89.8425521850586,88.2652099609375,88.7870849609375,89.09004821777344,88.94540863037109,88.48021545410157,88.13523178100586,88.19875564575196,87.90654602050782,87.31821517944336,86.71424789428711,85.43643684387206,85.36216201782227,85.16279525756836,84.86423149108887,84.4747791290283,85.67342885335286,85.87312215169271,86.06923243204754,86.16305236816406,86.20344670613605,89.1521509806315,89.25389353434247,89.3414749145508,89.38540331522623,89.40946515401205,1296180.0,1317600.0,1301240.0,1623080.0,1878440.0,1846380.0,2019320.0,2076740.0,2239660.0,2392410.0,2144195.0,2163465.0,2115985.0,2151790.0,2238410.0,1950230.0,1929370.0,1891873.333333333,1902036.666666667,1901406.666666667,1631031.666666667,1622806.666666667,1606623.333333333,1607958.333333333,1620066.666666667,0
2018-11-15,84.55540504052928,86.2852181934219,84.37949196491572,85.78679656982422,1655600,1,86.36144409179687,87.65342636108399,85.67636184692383,85.32518717447917,88.94569320678711,1464240.0,1543660.0,2119045.0,1966370.0,1640725.0,84.67268371582031,85.83566284179688,86.44157409667969,89.07050323486328,90.13575744628906,87.23123626708984,88.2652099609375,88.7870849609375,89.09004821777344,88.94540863037109,87.8557258605957,88.13523178100586,88.19875564575196,87.90654602050782,87.31821517944336,85.47601699829102,85.43643684387206,85.36216201782227,85.16279525756836,84.86423149108887,85.44962895711264,85.67342885335286,85.87312215169271,86.06923243204754,86.16305236816406,89.0334629058838,89.1521509806315,89.25389353434247,89.3414749145508,89.38540331522623,1308360.0,1296180.0,1317600.0,1301240.0,1623080.0,1593400.0,1846380.0,2019320.0,2076740.0,2239660.0,2122755.0,2144195.0,2163465.0,2115985.0,2151790.0,1958550.0,1950230.0,1929370.0,1891873.333333333,1902036.666666667,1635350.0,1631031.666666667,1622806.666666667,1606623.333333333,1607958.333333333,0
2018-11-16,85.21018558684477,87.53614042090055,85.21018558684477,86.75430297851562,1367600,0,85.89820404052735,87.49412612915039,85.95977668762207,85.2681780497233,88.87226117451986,1547440.0,1424340.0,2089130.0,1967893.333333333,1635758.333333333,85.78679656982422,84.67268371582031,85.83566284179688,86.44157409667969,89.07050323486328,86.36144409179687,87.23123626708984,88.2652099609375,88.7870849609375,89.09004821777344,87.65342636108399,87.8557258605957,88.13523178100586,88.19875564575196,87.90654602050782,85.67636184692383,85.47601699829102,85.43643684387206,85.36216201782227,85.16279525756836,85.32518717447917,85.44962895711264,85.67342885335286,85.87312215169271,86.06923243204754,88.94569320678711,89.0334629058838,89.1521509806315,89.25389353434247,89.3414749145508,1464240.0,1308360.0,1296180.0,1317600.0,1301240.0,1543660.0,1593400.0,1846380.0,2019320.0,2076740.0,2119045.0,2122755.0,2144195.0,2163465.0,2115985.0,1966370.0,1958550.0,1950230.0,1929370.0,1891873.333333333,1640725.0,1635350.0,1631031.666666667,1622806.666666667,1606623.333333333,1
2018-11-19,86.3731751550502,86.59795588431084,83.84198920465786,84.2035903930664,1813900,0,85.45060729980469,87.1188461303711,86.12787170410157,85.16588846842448,88.75469207763672,1495300.0,1406450.0,2117360.0,1992586.666666667,1627931.666666667,86.75430297851562,85.78679656982422,84.67268371582031,85.83566284179688,86.44157409667969,85.89820404052735,86.36144409179687,87.23123626708984,88.2652099609375,88.7870849609375,87.49412612915039,87.65342636108399,87.8557258605957,88.13523178100586,88.19875564575196,85.95977668762207,85.67636184692383,85.47601699829102,85.43643684387206,85.36216201782227,85.2681780497233,85.32518717447917,85.44962895711264,85.67342885335286,85.87312215169271,88.87226117451986,88.94569320678711,89.0334629058838,89.1521509806315,89.25389353434247,1547440.0,1464240.0,1308360.0,1296180.0,1317600.0,1424340.0,1543660.0,1593400.0,1846380.0,2019320.0,2089130.0,2119045.0,2122755.0,2144195.0,2163465.0,1967893.333333333,1966370.0,1958550.0,1950230.0,1929370.0,1635758.333333333,1640725.0,1635350.0,1631031.666666667,1622806.666666667,1
2018-11-20,82.90378325993727,83.74425600147977,81.7994371811298,82.2587661743164,1919700,1,84.7352279663086,86.50021896362304,86.19872550964355,84.96977844238282,88.59089749654134,1582560.0,1439370.0,2088095.0,1987230.0,1629333.333333333,84.2035903930664,86.75430297851562,85.78679656982422,84.67268371582031,85.83566284179688,85.45060729980469,85.89820404052735,86.36144409179687,87.23123626708984,88.2652099609375,87.1188461303711,87.49412612915039,87.65342636108399,87.8557258605957,88.13523178100586,86.12787170410157,85.95977668762207,85.67636184692383,85.47601699829102,85.43643684387206,85.16588846842448,85.2681780497233,85.32518717447917,85.44962895711264,85.67342885335286,88.75469207763672,88.87226117451986,88.94569320678711,89.0334629058838,89.1521509806315,1495300.0,1547440.0,1464240.0,1308360.0,1296180.0,1406450.0,1424340.0,1543660.0,1593400.0,1846380.0,2117360.0,2089130.0,2119045.0,2122755.0,2144195.0,1992586.666666667,1967893.333333333,1966370.0,1958550.0,1950230.0,1627931.666666667,1635758.333333333,1640725.0,1635350.0,1631031.666666667,1
2018-11-21,82.96242130694391,83.9983497398885,82.64968777306504,82.94287872314453,1663500,1,84.38926696777344,85.81025161743166,86.26224975585937,84.91993662516276,88.4357421875,1684060.0,1496210.0,1944310.0,1991010.0,1625706.666666667,82.2587661743164,84.2035903930664,86.75430297851562,85.78679656982422,84.67268371582031,84.7352279663086,85.45060729980469,85.89820404052735,86.36144409179687,87.23123626708984,86.50021896362304,87.1188461303711,87.49412612915039,87.65342636108399,87.8557258605957,86.19872550964355,86.12787170410157,85.95977668762207,85.67636184692383,85.47601699829102,84.96977844238282,85.16588846842448,85.2681780497233,85.32518717447917,85.44962895711264,88.59089749654134,88.75469207763672,88.87226117451986,88.94569320678711,89.0334629058838,1582560.0,1495300.0,1547440.0,1464240.0,1308360.0,1439370.0,1406450.0,1424340.0,1543660.0,1593400.0,2088095.0,2117360.0,2089130.0,2119045.0,2122755.0,1987230.0,1992586.666666667,1967893.333333333,1966370.0,1958550.0,1629333.333333333,1627931.666666667,1635758.333333333,1640725.0,1635350.0,1
2018-11-23,82.20989661696186,83.48037314793595,82.1610289804744,83.05036926269531,791800,0,83.84198150634765,85.10171279907226,86.20996398925782,84.94339192708334,88.2757162729899,1511300.0,1487770.0,1863715.0,1930450.0,1624318.333333333,82.94287872314453,82.2587661743164,84.2035903930664,86.75430297851562,85.78679656982422,84.38926696777344,84.7352279663086,85.45060729980469,85.89820404052735,86.36144409179687,85.81025161743166,86.50021896362304,87.1188461303711,87.49412612915039,87.65342636108399,86.26224975585937,86.19872550964355,86.12787170410157,85.95977668762207,85.67636184692383,84.91993662516276,84.96977844238282,85.16588846842448,85.2681780497233,85.32518717447917,88.4357421875,88.59089749654134,88.75469207763672,88.87226117451986,88.94569320678711,1684060.0,1582560.0,1495300.0,1547440.0,1464240.0,1496210.0,1439370.0,1406450.0,1424340.0,1543660.0,1944310.0,2088095.0,2117360.0,2089130.0,2119045.0,1991010.0,1987230.0,1992586.666666667,1967893.333333333,1966370.0,1625706.666666667,1629333.333333333,1627931.666666667,1635758.333333333,1640725.0,1
2018-11-26,84.01789268062787,84.06675286407554,82.81581883425957,83.02104949951172,1427800,0,83.09533081054687,84.49676742553713,86.20165672302247,84.94078598022459,88.12576382954916,1523340.0,1535390.0,1806065.0,1922453.333333333,1635711.666666667,83.05036926269531,82.94287872314453,82.2587661743164,84.2035903930664,86.75430297851562,83.84198150634765,84.38926696777344,84.7352279663086,85.45060729980469,85.89820404052735,85.10171279907226,85.81025161743166,86.50021896362304,87.1188461303711,87.49412612915039,86.20996398925782,86.26224975585937,86.19872550964355,86.12787170410157,85.95977668762207,84.94339192708334,84.91993662516276,84.96977844238282,85.16588846842448,85.2681780497233,88.2757162729899,88.4357421875,88.59089749654134,88.75469207763672,88.87226117451986,1511300.0,1684060.0,1582560.0,1495300.0,1547440.0,1487770.0,1496210.0,1439370.0,1406450.0,1424340.0,1863715.0,1944310.0,2088095.0,2117360.0,2089130.0,1930450.0,1991010.0,1987230.0,1992586.666666667,1967893.333333333,1624318.333333333,1625706.666666667,1629333.333333333,1627931.666666667,1635758.333333333,1
2018-11-27,82.45421703309421,82.82558570661931,81.92647789314539,82.57148742675781,1414100,1,82.76891021728515,84.10975875854494,86.15425720214844,84.94469426472982,87.96506868998209,1443380.0,1469340.0,1744330.0,1932090.0,1641173.333333333,83.02104949951172,83.05036926269531,82.94287872314453,82.2587661743164,84.2035903930664,83.09533081054687,83.84198150634765,84.38926696777344,84.7352279663086,85.45060729980469,84.49676742553713,85.10171279907226,85.81025161743166,86.50021896362304,87.1188461303711,86.20165672302247,86.20996398925782,86.26224975585937,86.19872550964355,86.12787170410157,84.94078598022459,84.94339192708334,84.91993662516276,84.96977844238282,85.16588846842448,88.12576382954916,88.2757162729899,88.4357421875,88.59089749654134,88.75469207763672,1523340.0,1511300.0,1684060.0,1582560.0,1495300.0,1535390.0,1487770.0,1496210.0,1439370.0,1406450.0,1806065.0,1863715.0,1944310.0,2088095.0,2117360.0,1922453.333333333,1930450.0,1991010.0,1987230.0,1992586.666666667,1635711.666666667,1624318.333333333,1625706.666666667,1629333.333333333,1627931.666666667,1
2018-11-28,82.98196103127519,84.00811431667951,82.68877011764272,83.86151885986328,2127300,1,83.08946075439455,83.91234436035157,86.0237880706787,84.9284060160319,87.8266866048177,1484900.0,1533730.0,1690055.0,1940706.666666667,1658918.333333333,82.57148742675781,83.02104949951172,83.05036926269531,82.94287872314453,82.2587661743164,82.76891021728515,83.09533081054687,83.84198150634765,84.38926696777344,84.7352279663086,84.10975875854494,84.49676742553713,85.10171279907226,85.81025161743166,86.50021896362304,86.15425720214844,86.20165672302247,86.20996398925782,86.26224975585937,86.19872550964355,84.94469426472982,84.94078598022459,84.94339192708334,84.91993662516276,84.96977844238282,87.96506868998209,88.12576382954916,88.2757162729899,88.4357421875,88.59089749654134,1443380.0,1523340.0,1511300.0,1684060.0,1582560.0,1469340.0,1535390.0,1487770.0,1496210.0,1439370.0,1744330.0,1806065.0,1863715.0,1944310.0,2088095.0,1932090.0,1922453.333333333,1930450.0,1991010.0,1987230.0,1641173.333333333,1635711.666666667,1624318.333333333,1625706.666666667,1629333.333333333,1
2018-11-29,83.94947534711764,85.49360017142939,83.69537706378874,85.03427124023438,1291700,1,83.5077392578125,83.94850311279295,85.90211448669433,84.966845703125,87.69826304117838,1410540.0,1547300.0,1570350.0,1930936.666666667,1661766.666666667,83.86151885986328,82.57148742675781,83.02104949951172,83.05036926269531,82.94287872314453,83.08946075439455,82.76891021728515,83.09533081054687,83.84198150634765,84.38926696777344,83.91234436035157,84.10975875854494,84.49676742553713,85.10171279907226,85.81025161743166,86.0237880706787,86.15425720214844,86.20165672302247,86.20996398925782,86.26224975585937,84.9284060160319,84.94469426472982,84.94078598022459,84.94339192708334,84.91993662516276,87.8266866048177,87.96506868998209,88.12576382954916,88.2757162729899,88.4357421875,1484900.0,1443380.0,1523340.0,1511300.0,1684060.0,1533730.0,1469340.0,1535390.0,1487770.0,1496210.0,1690055.0,1744330.0,1806065.0,1863715.0,1944310.0,1940706.666666667,1932090.0,1922453.333333333,1930450.0,1991010.0,1658918.333333333,1641173.333333333,1635711.666666667,1624318.333333333,1625706.666666667,1
2018-11-30,85.25905133989956,86.01157123221095,84.72154458726065,85.94316101074219,1743100,1,84.08629760742187,83.96413955688476,85.80878295898438,85.10562108357747,87.57832527160645,1600800.0,1556050.0,1549855.0,1931380.0,1674708.333333333,85.03427124023438,83.86151885986328,82.57148742675781,83.02104949951172,83.05036926269531,83.5077392578125,83.08946075439455,82.76891021728515,83.09533081054687,83.84198150634765,83.94850311279295,83.91234436035157,84.10975875854494,84.49676742553713,85.10171279907226,85.90211448669433,86.0237880706787,86.15425720214844,86.20165672302247,86.20996398925782,84.966845703125,84.9284060160319,84.94469426472982,84.94078598022459,84.94339192708334,87.69826304117838,87.8266866048177,87.96506868998209,88.12576382954916,88.2757162729899,1410540.0,1484900.0,1443380.0,1523340.0,1511300.0,1547300.0,1533730.0,1469340.0,1535390.0,1487770.0,1570350.0,1690055.0,1744330.0,1806065.0,1863715.0,1930936.666666667,1940706.666666667,1932090.0,1922453.333333333,1930450.0,1661766.666666667,1658918.333333333,1641173.333333333,1635711.666666667,1624318.333333333,1
2018-12-03,87.37001006728924,87.93684189003395,86.6468152160162,87.74137878417969,1466400,0,85.03036346435547,84.06284713745117,85.7784866333008,85.3274668375651,87.4912826538086,1608520.0,1565930.0,1495135.0,1914730.0,1676815.0,85.94316101074219,85.03427124023438,83.86151885986328,82.57148742675781,83.02104949951172,84.08629760742187,83.5077392578125,83.08946075439455,82.76891021728515,83.09533081054687,83.96413955688476,83.94850311279295,83.91234436035157,84.10975875854494,84.49676742553713,85.80878295898438,85.90211448669433,86.0237880706787,86.15425720214844,86.20165672302247,85.10562108357747,84.966845703125,84.9284060160319,84.94469426472982,84.94078598022459,87.57832527160645,87.69826304117838,87.8266866048177,87.96506868998209,88.12576382954916,1600800.0,1410540.0,1484900.0,1443380.0,1523340.0,1556050.0,1547300.0,1533730.0,1469340.0,1535390.0,1549855.0,1570350.0,1690055.0,1744330.0,1806065.0,1931380.0,1930936.666666667,1940706.666666667,1932090.0,1922453.333333333,1674708.333333333,1661766.666666667,1658918.333333333,1641173.333333333,1635711.666666667,1
2018-12-04,87.29182621618412,87.73160516309387,83.52924897834488,83.70516204833984,2424400,0,85.25709838867188,84.01300430297852,85.5659252166748,85.42291590372722,87.32120768229169,1810580.0,1626980.0,1516715.0,1953900.0,1693071.666666667,87.74137878417969,85.94316101074219,85.03427124023438,83.86151885986328,82.57148742675781,85.03036346435547,84.08629760742187,83.5077392578125,83.08946075439455,82.76891021728515,84.06284713745117,83.96413955688476,83.94850311279295,83.91234436035157,84.10975875854494,85.7784866333008,85.80878295898438,85.90211448669433,86.0237880706787,86.15425720214844,85.3274668375651,85.10562108357747,84.966845703125,84.9284060160319,84.94469426472982,87.4912826538086,87.57832527160645,87.69826304117838,87.8266866048177,87.96506868998209,1608520.0,1600800.0,1410540.0,1484900.0,1443380.0,1565930.0,1556050.0,1547300.0,1533730.0,1469340.0,1495135.0,1549855.0,1570350.0,1690055.0,1744330.0,1914730.0,1931380.0,1930936.666666667,1940706.666666667,1932090.0,1676815.0,1674708.333333333,1661766.666666667,1658918.333333333,1641173.333333333,1
2018-12-06,81.69192630334473,82.38581096281598,79.99143840428493,82.01443481445312,3386700,0,84.88768157958984,83.98857116699219,85.24439506530761,85.46200739542644,87.11661694844564,2062460.0,1773680.0,1606525.0,1983290.0,1723830.0,83.70516204833984,87.74137878417969,85.94316101074219,85.03427124023438,83.86151885986328,85.25709838867188,85.03036346435547,84.08629760742187,83.5077392578125,83.08946075439455,84.01300430297852,84.06284713745117,83.96413955688476,83.94850311279295,83.91234436035157,85.5659252166748,85.7784866333008,85.80878295898438,85.90211448669433,86.0237880706787,85.42291590372722,85.3274668375651,85.10562108357747,84.966845703125,84.9284060160319,87.32120768229169,87.4912826538086,87.57832527160645,87.69826304117838,87.8266866048177,1810580.0,1608520.0,1600800.0,1410540.0,1484900.0,1626980.0,1565930.0,1556050.0,1547300.0,1533730.0,1516715.0,1495135.0,1549855.0,1570350.0,1690055.0,1953900.0,1914730.0,1931380.0,1930936.666666667,1940706.666666667,1693071.666666667,1676815.0,1674708.333333333,1661766.666666667,1658918.333333333,1
2018-12-07,81.91670768107065,82.66922009046131,81.07623501511738,81.68215942382812,2947700,1,84.21725921630859,83.86249923706055,84.8363754272461,85.46233291625977,86.92387504577637,2393660.0,1902100.0,1699155.0,1930240.0,1742108.333333333,82.01443481445312,83.70516204833984,87.74137878417969,85.94316101074219,85.03427124023438,84.88768157958984,85.25709838867188,85.03036346435547,84.08629760742187,83.5077392578125,83.98857116699219,84.01300430297852,84.06284713745117,83.96413955688476,83.94850311279295,85.24439506530761,85.5659252166748,85.7784866333008,85.80878295898438,85.90211448669433,85.46200739542644,85.42291590372722,85.3274668375651,85.10562108357747,84.966845703125,87.11661694844564,87.32120768229169,87.4912826538086,87.57832527160645,87.69826304117838,2062460.0,1810580.0,1608520.0,1600800.0,1410540.0,1773680.0,1626980.0,1565930.0,1556050.0,1547300.0,1606525.0,1516715.0,1495135.0,1549855.0,1570350.0,1983290.0,1953900.0,1914730.0,1931380.0,1930936.666666667,1723830.0,1693071.666666667,1676815.0,1674708.333333333,1661766.666666667,1
2018-12-10,81.6528384115664,83.55855690231537,81.2912372939724,83.30445861816406,2032800,0,83.68951873779297,83.88790817260742,84.49481048583985,85.43594538370769,86.73623453776041,2451600.0,2026200.0,1756985.0,1917876.666666667,1761648.333333333,81.68215942382812,82.01443481445312,83.70516204833984,87.74137878417969,85.94316101074219,84.21725921630859,84.88768157958984,85.25709838867188,85.03036346435547,84.08629760742187,83.86249923706055,83.98857116699219,84.01300430297852,84.06284713745117,83.96413955688476,84.8363754272461,85.24439506530761,85.5659252166748,85.7784866333008,85.80878295898438,85.46233291625977,85.46200739542644,85.42291590372722,85.3274668375651,85.10562108357747,86.92387504577637,87.11661694844564,87.32120768229169,87.4912826538086,87.57832527160645,2393660.0,2062460.0,1810580.0,1608520.0,1600800.0,1902100.0,1773680.0,1626980.0,1565930.0,1556050.0,1699155.0,1606525.0,1516715.0,1495135.0,1549855.0,1930240.0,1983290.0,1953900.0,1914730.0,1931380.0,1742108.333333333,1723830.0,1693071.666666667,1676815.0,1674708.333333333,1
2018-12-11,84.29153695194766,84.98541421646563,81.92648924086012,81.97534942626953,1412000,1,82.53631286621093,83.7833381652832,84.14005279541016,85.39555053710937,86.52530186971029,2440720.0,2024620.0,1780005.0,1878916.666666667,1762273.333333333,83.30445861816406,81.68215942382812,82.01443481445312,83.70516204833984,87.74137878417969,83.68951873779297,84.21725921630859,84.88768157958984,85.25709838867188,85.03036346435547,83.88790817260742,83.86249923706055,83.98857116699219,84.01300430297852,84.06284713745117,84.49481048583985,84.8363754272461,85.24439506530761,85.5659252166748,85.7784866333008,85.43594538370769,85.46233291625977,85.46200739542644,85.42291590372722,85.3274668375651,86.73623453776041,86.92387504577637,87.11661694844564,87.32120768229169,87.4912826538086,2451600.0,2393660.0,2062460.0,1810580.0,1608520.0,2026200.0,1902100.0,1773680.0,1626980.0,1565930.0,1756985.0,1699155.0,1606525.0,1516715.0,1495135.0,1917876.666666667,1930240.0,1983290.0,1953900.0,1914730.0,1761648.333333333,1742108.333333333,1723830.0,1693071.666666667,1676815.0,1
2018-12-12,83.1383269141567,83.86152174822924,82.45422470032523,82.77672576904297,1689100,1,82.35062561035156,83.80386199951172,83.95681037902833,85.37079213460287,86.33815002441406,2293660.0,2052120.0,1760730.0,1846926.666666667,1764873.333333333,81.97534942626953,83.30445861816406,81.68215942382812,82.01443481445312,83.70516204833984,82.53631286621093,83.68951873779297,84.21725921630859,84.88768157958984,85.25709838867188,83.7833381652832,83.88790817260742,83.86249923706055,83.98857116699219,84.01300430297852,84.14005279541016,84.49481048583985,84.8363754272461,85.24439506530761,85.5659252166748,85.39555053710937,85.43594538370769,85.46233291625977,85.46200739542644,85.42291590372722,86.52530186971029,86.73623453776041,86.92387504577637,87.11661694844564,87.32120768229169,2440720.0,2451600.0,2393660.0,2062460.0,1810580.0,2024620.0,2026200.0,1902100.0,1773680.0,1626980.0,1780005.0,1756985.0,1699155.0,1606525.0,1516715.0,1878916.666666667,1917876.666666667,1930240.0,1983290.0,1953900.0,1762273.333333333,1761648.333333333,1742108.333333333,1723830.0,1693071.666666667,1
2018-12-13,83.20673793358836,83.49015384093823,82.346722648501,82.85491180419922,860100,0,82.5187210083008,83.70320129394531,83.80777282714844,85.25025914510091,86.16565780639648,1788340.0,1925400.0,1729565.0,1768503.333333333,1762746.666666667,82.77672576904297,81.97534942626953,83.30445861816406,81.68215942382812,82.01443481445312,82.35062561035156,82.53631286621093,83.68951873779297,84.21725921630859,84.88768157958984,83.80386199951172,83.7833381652832,83.88790817260742,83.86249923706055,83.98857116699219,83.95681037902833,84.14005279541016,84.49481048583985,84.8363754272461,85.24439506530761,85.37079213460287,85.39555053710937,85.43594538370769,85.46233291625977,85.46200739542644,86.33815002441406,86.52530186971029,86.73623453776041,86.92387504577637,87.11661694844564,2293660.0,2440720.0,2451600.0,2393660.0,2062460.0,2052120.0,2024620.0,2026200.0,1902100.0,1773680.0,1760730.0,1780005.0,1756985.0,1699155.0,1606525.0,1846926.666666667,1878916.666666667,1917876.666666667,1930240.0,1983290.0,1764873.333333333,1762273.333333333,1761648.333333333,1742108.333333333,1723830.0,1
2018-12-14,82.24733597125308,82.78631232796292,81.34578231679043,81.5711669921875,866800,0,82.49652252197265,83.35689086914063,83.6526969909668,85.05370661417643,85.97176984151206,1372160.0,1882910.0,1715105.0,1674536.666666667,1760855.0,82.85491180419922,82.77672576904297,81.97534942626953,83.30445861816406,81.68215942382812,82.5187210083008,82.35062561035156,82.53631286621093,83.68951873779297,84.21725921630859,83.70320129394531,83.80386199951172,83.7833381652832,83.88790817260742,83.86249923706055,83.80777282714844,83.95681037902833,84.14005279541016,84.49481048583985,84.8363754272461,85.25025914510091,85.37079213460287,85.39555053710937,85.43594538370769,85.46233291625977,86.16565780639648,86.33815002441406,86.52530186971029,86.73623453776041,86.92387504577637,1788340.0,2293660.0,2440720.0,2451600.0,2393660.0,1925400.0,2052120.0,2024620.0,2026200.0,1902100.0,1729565.0,1760730.0,1780005.0,1756985.0,1699155.0,1768503.333333333,1846926.666666667,1878916.666666667,1917876.666666667,1930240.0,1762746.666666667,1764873.333333333,1762273.333333333,1761648.333333333,1742108.333333333,1
2018-12-17,81.56139253081899,82.2865547776597,80.38544587158755,80.88522338867188,1700300,0,82.01267547607422,82.8510971069336,83.40761833190919,84.82288767496745,85.75521036783854,1305660.0,1878630.0,1717340.0,1659446.666666667,1769578.333333333,81.5711669921875,82.85491180419922,82.77672576904297,81.97534942626953,83.30445861816406,82.49652252197265,82.5187210083008,82.35062561035156,82.53631286621093,83.68951873779297,83.35689086914063,83.70320129394531,83.80386199951172,83.7833381652832,83.88790817260742,83.6526969909668,83.80777282714844,83.95681037902833,84.14005279541016,84.49481048583985,85.05370661417643,85.25025914510091,85.37079213460287,85.39555053710937,85.43594538370769,85.97176984151206,86.16565780639648,86.33815002441406,86.52530186971029,86.73623453776041,1372160.0,1788340.0,2293660.0,2440720.0,2451600.0,1882910.0,1925400.0,2052120.0,2024620.0,2026200.0,1715105.0,1729565.0,1760730.0,1780005.0,1756985.0,1674536.666666667,1768503.333333333,1846926.666666667,1878916.666666667,1917876.666666667,1760855.0,1762746.666666667,1764873.333333333,1762273.333333333,1761648.333333333,1
2018-12-18,81.512388716124,81.98276885644458,79.40549091046483,79.84647369384766,1614800,0,81.58690032958984,82.06160659790041,83.06222686767578,84.53952662150066,85.53274040222169,1346220.0,1893470.0,1729700.0,1627913.333333333,1750396.666666667,80.88522338867188,81.5711669921875,82.85491180419922,82.77672576904297,81.97534942626953,82.01267547607422,82.49652252197265,82.5187210083008,82.35062561035156,82.53631286621093,82.8510971069336,83.35689086914063,83.70320129394531,83.80386199951172,83.7833381652832,83.40761833190919,83.6526969909668,83.80777282714844,83.95681037902833,84.14005279541016,84.82288767496745,85.05370661417643,85.25025914510091,85.37079213460287,85.39555053710937,85.75521036783854,85.97176984151206,86.16565780639648,86.33815002441406,86.52530186971029,1305660.0,1372160.0,1788340.0,2293660.0,2440720.0,1878630.0,1882910.0,1925400.0,2052120.0,2024620.0,1717340.0,1715105.0,1729565.0,1760730.0,1780005.0,1659446.666666667,1674536.666666667,1768503.333333333,1846926.666666667,1878916.666666667,1769578.333333333,1760855.0,1762746.666666667,1764873.333333333,1762273.333333333,1
2018-12-19,80.2188441183123,80.86560833126497,77.80816391287449,78.04335021972656,1893800,0,80.64022521972656,81.49542541503907,82.75421485900878,84.20909194946289,85.29129409790039,1387160.0,1840410.0,1733695.0,1624613.333333333,1757038.333333333,79.84647369384766,80.88522338867188,81.5711669921875,82.85491180419922,82.77672576904297,81.58690032958984,82.01267547607422,82.49652252197265,82.5187210083008,82.35062561035156,82.06160659790041,82.8510971069336,83.35689086914063,83.70320129394531,83.80386199951172,83.06222686767578,83.40761833190919,83.6526969909668,83.80777282714844,83.95681037902833,84.53952662150066,84.82288767496745,85.05370661417643,85.25025914510091,85.37079213460287,85.53274040222169,85.75521036783854,85.97176984151206,86.16565780639648,86.33815002441406,1346220.0,1305660.0,1372160.0,1788340.0,2293660.0,1893470.0,1878630.0,1882910.0,1925400.0,2052120.0,1729700.0,1717340.0,1715105.0,1729565.0,1760730.0,1627913.333333333,1659446.666666667,1674536.666666667,1768503.333333333,1846926.666666667,1750396.666666667,1769578.333333333,1760855.0,1762746.666666667,1764873.333333333,1
2018-12-20,77.98456858332722,78.5137434697692,76.17165918945173,76.33824920654297,1994100,0,79.33689270019529,80.92780685424805,82.45818901062013,83.80553232828775,85.03169123331706,1613960.0,1701150.0,1737415.0,1638066.666666667,1768426.666666667,78.04335021972656,79.84647369384766,80.88522338867188,81.5711669921875,82.85491180419922,80.64022521972656,81.58690032958984,82.01267547607422,82.49652252197265,82.5187210083008,81.49542541503907,82.06160659790041,82.8510971069336,83.35689086914063,83.70320129394531,82.75421485900878,83.06222686767578,83.40761833190919,83.6526969909668,83.80777282714844,84.20909194946289,84.53952662150066,84.82288767496745,85.05370661417643,85.25025914510091,85.29129409790039,85.53274040222169,85.75521036783854,85.97176984151206,86.16565780639648,1387160.0,1346220.0,1305660.0,1372160.0,1788340.0,1840410.0,1893470.0,1878630.0,1882910.0,1925400.0,1733695.0,1729700.0,1717340.0,1715105.0,1729565.0,1624613.333333333,1627913.333333333,1659446.666666667,1674536.666666667,1768503.333333333,1757038.333333333,1750396.666666667,1769578.333333333,1760855.0,1762746.666666667,1
2018-12-21,75.69148124085675,78.2491562499302,74.63313889083012,75.72087860107422,4137900,0,78.16683502197266,80.33167877197266,82.09708900451659,83.33480987548828,84.76912829081219,2268180.0,1820170.0,1861135.0,1739493.333333333,1820450.0,76.33824920654297,78.04335021972656,79.84647369384766,80.88522338867188,81.5711669921875,79.33689270019529,80.64022521972656,81.58690032958984,82.01267547607422,82.49652252197265,80.92780685424805,81.49542541503907,82.06160659790041,82.8510971069336,83.35689086914063,82.45818901062013,82.75421485900878,83.06222686767578,83.40761833190919,83.6526969909668,83.80553232828775,84.20909194946289,84.53952662150066,84.82288767496745,85.05370661417643,85.03169123331706,85.29129409790039,85.53274040222169,85.75521036783854,85.97176984151206,1613960.0,1387160.0,1346220.0,1305660.0,1372160.0,1701150.0,1840410.0,1893470.0,1878630.0,1882910.0,1737415.0,1733695.0,1729700.0,1717340.0,1715105.0,1638066.666666667,1624613.333333333,1627913.333333333,1659446.666666667,1674536.666666667,1768426.666666667,1757038.333333333,1750396.666666667,1769578.333333333,1760855.0,1
2018-12-24,75.06431311935405,75.74048231447924,74.13336181640625,74.13336181640625,822200,1,76.81646270751953,79.41456909179688,81.65123863220215,82.80139668782552,84.48222452799479,2092560.0,1699110.0,1862655.0,1737693.333333333,1819865.0,75.72087860107422,76.33824920654297,78.04335021972656,79.84647369384766,80.88522338867188,78.16683502197266,79.33689270019529,80.64022521972656,81.58690032958984,82.01267547607422,80.33167877197266,80.92780685424805,81.49542541503907,82.06160659790041,82.8510971069336,82.09708900451659,82.45818901062013,82.75421485900878,83.06222686767578,83.40761833190919,83.33480987548828,83.80553232828775,84.20909194946289,84.53952662150066,84.82288767496745,84.76912829081219,85.03169123331706,85.29129409790039,85.53274040222169,85.75521036783854,2268180.0,1613960.0,1387160.0,1346220.0,1305660.0,1820170.0,1701150.0,1840410.0,1893470.0,1878630.0,1861135.0,1737415.0,1733695.0,1729700.0,1717340.0,1739493.333333333,1638066.666666667,1624613.333333333,1627913.333333333,1659446.666666667,1820450.0,1768426.666666667,1757038.333333333,1750396.666666667,1769578.333333333,1
2018-12-26,74.44692244955614,77.308379258077,73.61396510496826,77.26918029785156,1308600,1,76.30100402832029,78.94395217895506,81.36364517211912,82.4080192565918,84.23862584431966,2031320.0,1688770.0,1856695.0,1749593.333333333,1820733.333333333,74.13336181640625,75.72087860107422,76.33824920654297,78.04335021972656,79.84647369384766,76.81646270751953,78.16683502197266,79.33689270019529,80.64022521972656,81.58690032958984,79.41456909179688,80.33167877197266,80.92780685424805,81.49542541503907,82.06160659790041,81.65123863220215,82.09708900451659,82.45818901062013,82.75421485900878,83.06222686767578,82.80139668782552,83.33480987548828,83.80553232828775,84.20909194946289,84.53952662150066,84.48222452799479,84.76912829081219,85.03169123331706,85.29129409790039,85.53274040222169,2092560.0,2268180.0,1613960.0,1387160.0,1346220.0,1699110.0,1820170.0,1701150.0,1840410.0,1893470.0,1862655.0,1861135.0,1737415.0,1733695.0,1729700.0,1737693.333333333,1739493.333333333,1638066.666666667,1624613.333333333,1627913.333333333,1819865.0,1820450.0,1768426.666666667,1757038.333333333,1750396.666666667,1
2018-12-27,76.09324599926778,78.80770874023438,75.75026442209693,78.80770874023438,1127900,1,76.45387573242188,78.54705047607422,81.17545623779297,82.15355707804362,84.01333961486816,1878140.0,1632650.0,1842385.0,1718036.666666667,1823703.333333333,77.26918029785156,74.13336181640625,75.72087860107422,76.33824920654297,78.04335021972656,76.30100402832029,76.81646270751953,78.16683502197266,79.33689270019529,80.64022521972656,78.94395217895506,79.41456909179688,80.33167877197266,80.92780685424805,81.49542541503907,81.36364517211912,81.65123863220215,82.09708900451659,82.45818901062013,82.75421485900878,82.4080192565918,82.80139668782552,83.33480987548828,83.80553232828775,84.20909194946289,84.23862584431966,84.48222452799479,84.76912829081219,85.03169123331706,85.29129409790039,2031320.0,2092560.0,2268180.0,1613960.0,1387160.0,1688770.0,1699110.0,1820170.0,1701150.0,1840410.0,1856695.0,1862655.0,1861135.0,1737415.0,1733695.0,1749593.333333333,1737693.333333333,1739493.333333333,1638066.666666667,1624613.333333333,1820733.333333333,1819865.0,1820450.0,1768426.666666667,1757038.333333333,1
2018-12-28,79.2780918598564,79.93465768657755,78.44513443289574,78.8567123413086,847500,1,76.957568359375,78.14723052978516,80.92521591186524,81.92092539469401,83.79717712402343,1648820.0,1631390.0,1778395.0,1696840.0,1823535.0,78.80770874023438,77.26918029785156,74.13336181640625,75.72087860107422,76.33824920654297,76.45387573242188,76.30100402832029,76.81646270751953,78.16683502197266,79.33689270019529,78.54705047607422,78.94395217895506,79.41456909179688,80.33167877197266,80.92780685424805,81.17545623779297,81.36364517211912,81.65123863220215,82.09708900451659,82.45818901062013,82.15355707804362,82.4080192565918,82.80139668782552,83.33480987548828,83.80553232828775,84.01333961486816,84.23862584431966,84.48222452799479,84.76912829081219,85.03169123331706,1878140.0,2031320.0,2092560.0,2268180.0,1613960.0,1632650.0,1688770.0,1699110.0,1820170.0,1701150.0,1842385.0,1856695.0,1862655.0,1861135.0,1737415.0,1718036.666666667,1749593.333333333,1737693.333333333,1739493.333333333,1638066.666666667,1823703.333333333,1820733.333333333,1819865.0,1820450.0,1768426.666666667,1
2018-12-31,79.14090123010962,79.44468386405333,78.3569368810727,79.39568328857422,1054300,0,77.692529296875,77.92968215942383,80.64328651428222,81.74502538045247,83.59732716878256,1032100.0,1650140.0,1766525.0,1693450.0,1826000.0,78.8567123413086,78.80770874023438,77.26918029785156,74.13336181640625,75.72087860107422,76.957568359375,76.45387573242188,76.30100402832029,76.81646270751953,78.16683502197266,78.14723052978516,78.54705047607422,78.94395217895506,79.41456909179688,80.33167877197266,80.92521591186524,81.17545623779297,81.36364517211912,81.65123863220215,82.09708900451659,81.92092539469401,82.15355707804362,82.4080192565918,82.80139668782552,83.33480987548828,83.79717712402343,84.01333961486816,84.23862584431966,84.48222452799479,84.76912829081219,1648820.0,1878140.0,2031320.0,2092560.0,2268180.0,1631390.0,1632650.0,1688770.0,1699110.0,1820170.0,1778395.0,1842385.0,1856695.0,1862655.0,1861135.0,1696840.0,1718036.666666667,1749593.333333333,1737693.333333333,1739493.333333333,1823535.0,1823703.333333333,1820733.333333333,1819865.0,1820450.0,1
2019-01-02,78.08255048080423,78.67051999592134,77.6415752135759,78.19034576416016,1390400,0,78.50392608642578,77.66019439697266,80.25564575195312,81.491810353597,83.4084987640381,1145740.0,1619150.0,1748890.0,1684610.0,1825490.0,79.39568328857422,78.8567123413086,78.80770874023438,77.26918029785156,74.13336181640625,77.692529296875,76.957568359375,76.45387573242188,76.30100402832029,76.81646270751953,77.92968215942383,78.14723052978516,78.54705047607422,78.94395217895506,79.41456909179688,80.64328651428222,80.92521591186524,81.17545623779297,81.36364517211912,81.65123863220215,81.74502538045247,81.92092539469401,82.15355707804362,82.4080192565918,82.80139668782552,83.59732716878256,83.79717712402343,84.01333961486816,84.23862584431966,84.48222452799479,1032100.0,1648820.0,1878140.0,2031320.0,2092560.0,1650140.0,1631390.0,1632650.0,1688770.0,1699110.0,1766525.0,1778395.0,1842385.0,1856695.0,1862655.0,1693450.0,1696840.0,1718036.666666667,1749593.333333333,1737693.333333333,1826000.0,1823535.0,1823703.333333333,1820733.333333333,1819865.0,1
2019-01-03,76.67140898685258,76.83800643637382,73.4473674141428,73.5649642944336,3681100,1,77.76308288574221,77.03204345703125,79.54682502746581,81.05216573079427,83.1601718902588,1620240.0,1825780.0,1859625.0,1761726.666666667,1864810.0,78.19034576416016,79.39568328857422,78.8567123413086,78.80770874023438,77.26918029785156,78.50392608642578,77.692529296875,76.957568359375,76.45387573242188,76.30100402832029,77.66019439697266,77.92968215942383,78.14723052978516,78.54705047607422,78.94395217895506,80.25564575195312,80.64328651428222,80.92521591186524,81.17545623779297,81.36364517211912,81.491810353597,81.74502538045247,81.92092539469401,82.15355707804362,82.4080192565918,83.4084987640381,83.59732716878256,83.79717712402343,84.01333961486816,84.23862584431966,1145740.0,1032100.0,1648820.0,1878140.0,2031320.0,1619150.0,1650140.0,1631390.0,1632650.0,1688770.0,1748890.0,1766525.0,1778395.0,1842385.0,1856695.0,1684610.0,1693450.0,1696840.0,1718036.666666667,1749593.333333333,1825490.0,1826000.0,1823535.0,1823703.333333333,1820733.333333333,1
2019-01-04,74.78991606195942,76.23044630759595,74.47633180604414,75.98545837402344,3347700,1,77.1986328125,76.82625427246094,79.16083984375,80.77822799682617,82.97205823262533,2064200.0,1971170.0,1905790.0,1812853.333333333,1902720.0,73.5649642944336,78.19034576416016,79.39568328857422,78.8567123413086,78.80770874023438,77.76308288574221,78.50392608642578,77.692529296875,76.957568359375,76.45387573242188,77.03204345703125,77.66019439697266,77.92968215942383,78.14723052978516,78.54705047607422,79.54682502746581,80.25564575195312,80.64328651428222,80.92521591186524,81.17545623779297,81.05216573079427,81.491810353597,81.74502538045247,81.92092539469401,82.15355707804362,83.1601718902588,83.4084987640381,83.59732716878256,83.79717712402343,84.01333961486816,1620240.0,1145740.0,1032100.0,1648820.0,1878140.0,1825780.0,1619150.0,1650140.0,1631390.0,1632650.0,1859625.0,1748890.0,1766525.0,1778395.0,1842385.0,1761726.666666667,1684610.0,1693450.0,1696840.0,1718036.666666667,1864810.0,1825490.0,1826000.0,1823535.0,1823703.333333333,1
2019-01-07,75.90704613757444,77.24958245209204,75.90704613757444,76.55381774902344,1181300,1,76.73805389404295,76.84781112670899,78.88780899047852,80.5880630493164,82.77892074584959,2130960.0,1889890.0,1795520.0,1788240.0,1887735.0,75.98545837402344,73.5649642944336,78.19034576416016,79.39568328857422,78.8567123413086,77.1986328125,77.76308288574221,78.50392608642578,77.692529296875,76.957568359375,76.82625427246094,77.03204345703125,77.66019439697266,77.92968215942383,78.14723052978516,79.16083984375,79.54682502746581,80.25564575195312,80.64328651428222,80.92521591186524,80.77822799682617,81.05216573079427,81.491810353597,81.74502538045247,81.92092539469401,82.97205823262533,83.1601718902588,83.4084987640381,83.59732716878256,83.79717712402343,2064200.0,1620240.0,1145740.0,1032100.0,1648820.0,1971170.0,1825780.0,1619150.0,1650140.0,1631390.0,1905790.0,1859625.0,1748890.0,1766525.0,1778395.0,1812853.333333333,1761726.666666667,1684610.0,1693450.0,1696840.0,1902720.0,1864810.0,1825490.0,1826000.0,1823535.0,1
2019-01-08,77.09280434306595,77.57298609584036,76.23044947260446,77.55338287353516,1831800,1,76.36959381103516,77.03106155395508,78.68137016296387,80.40841318766276,82.66417490641275,2286460.0,1659280.0,1739725.0,1793850.0,1892430.0,76.55381774902344,75.98545837402344,73.5649642944336,78.19034576416016,79.39568328857422,76.73805389404295,77.1986328125,77.76308288574221,78.50392608642578,77.692529296875,76.84781112670899,76.82625427246094,77.03204345703125,77.66019439697266,77.92968215942383,78.88780899047852,79.16083984375,79.54682502746581,80.25564575195312,80.64328651428222,80.5880630493164,80.77822799682617,81.05216573079427,81.491810353597,81.74502538045247,82.77892074584959,82.97205823262533,83.1601718902588,83.4084987640381,83.59732716878256,2130960.0,2064200.0,1620240.0,1145740.0,1032100.0,1889890.0,1971170.0,1825780.0,1619150.0,1650140.0,1795520.0,1905790.0,1859625.0,1748890.0,1766525.0,1788240.0,1812853.333333333,1761726.666666667,1684610.0,1693450.0,1887735.0,1902720.0,1864810.0,1825490.0,1826000.0,1
2019-01-09,78.55292426924936,78.95470053967344,77.92574836353725,78.86650848388672,1112100,1,76.50482635498047,77.50437622070312,78.45947265625,80.26895116170247,82.60617154439291,2230800.0,1688270.0,1693690.0,1804526.666666667,1867488.333333333,77.55338287353516,76.55381774902344,75.98545837402344,73.5649642944336,78.19034576416016,76.36959381103516,76.73805389404295,77.1986328125,77.76308288574221,78.50392608642578,77.03106155395508,76.84781112670899,76.82625427246094,77.03204345703125,77.66019439697266,78.68137016296387,78.88780899047852,79.16083984375,79.54682502746581,80.25564575195312,80.40841318766276,80.5880630493164,80.77822799682617,81.05216573079427,81.491810353597,82.66417490641275,82.77892074584959,82.97205823262533,83.1601718902588,83.4084987640381,2286460.0,2130960.0,2064200.0,1620240.0,1145740.0,1659280.0,1889890.0,1971170.0,1825780.0,1619150.0,1739725.0,1795520.0,1905790.0,1859625.0,1748890.0,1793850.0,1788240.0,1812853.333333333,1761726.666666667,1684610.0,1892430.0,1887735.0,1902720.0,1864810.0,1825490.0,1
2019-01-10,78.75871485680256,80.24823803838106,78.52352108357627,80.17964172363281,1184700,0,77.82776184082032,77.79542236328125,78.36968727111817,80.17423756917317,82.55751177469891,1731520.0,1675880.0,1682325.0,1796423.333333333,1859438.333333333,78.86650848388672,77.55338287353516,76.55381774902344,75.98545837402344,73.5649642944336,76.50482635498047,76.36959381103516,76.73805389404295,77.1986328125,77.76308288574221,77.50437622070312,77.03106155395508,76.84781112670899,76.82625427246094,77.03204345703125,78.45947265625,78.68137016296387,78.88780899047852,79.16083984375,79.54682502746581,80.26895116170247,80.40841318766276,80.5880630493164,80.77822799682617,81.05216573079427,82.60617154439291,82.66417490641275,82.77892074584959,82.97205823262533,83.1601718902588,2230800.0,2286460.0,2130960.0,2064200.0,1620240.0,1688270.0,1659280.0,1889890.0,1971170.0,1825780.0,1693690.0,1739725.0,1795520.0,1905790.0,1859625.0,1804526.666666667,1793850.0,1788240.0,1812853.333333333,1761726.666666667,1867488.333333333,1892430.0,1887735.0,1902720.0,1864810.0,1
2019-01-11,79.58187147794129,79.8954557024651,79.21928668103288,79.86605834960938,692000,0,78.6038818359375,77.90125732421875,78.22415390014649,80.0840565999349,82.51437543233236,1200380.0,1632290.0,1632470.0,1772353.333333333,1852221.666666667,80.17964172363281,78.86650848388672,77.55338287353516,76.55381774902344,75.98545837402344,77.82776184082032,76.50482635498047,76.36959381103516,76.73805389404295,77.1986328125,77.79542236328125,77.50437622070312,77.03106155395508,76.84781112670899,76.82625427246094,78.36968727111817,78.45947265625,78.68137016296387,78.88780899047852,79.16083984375,80.17423756917317,80.26895116170247,80.40841318766276,80.5880630493164,80.77822799682617,82.55751177469891,82.60617154439291,82.66417490641275,82.77892074584959,82.97205823262533,1731520.0,2230800.0,2286460.0,2130960.0,2064200.0,1675880.0,1688270.0,1659280.0,1889890.0,1971170.0,1682325.0,1693690.0,1739725.0,1795520.0,1905790.0,1796423.333333333,1804526.666666667,1793850.0,1788240.0,1812853.333333333,1859438.333333333,1867488.333333333,1892430.0,1887735.0,1902720.0,1
2019-01-14,79.22909329424627,79.75826810838048,78.5823290612632,79.39568328857422,925000,1,79.17225494384766,77.95515441894531,78.05119247436524,79.93519541422526,82.43180071512856,1149120.0,1640040.0,1635715.0,1732276.666666667,1836491.666666667,79.86605834960938,80.17964172363281,78.86650848388672,77.55338287353516,76.55381774902344,78.6038818359375,77.82776184082032,76.50482635498047,76.36959381103516,76.73805389404295,77.90125732421875,77.79542236328125,77.50437622070312,77.03106155395508,76.84781112670899,78.22415390014649,78.36968727111817,78.45947265625,78.68137016296387,78.88780899047852,80.0840565999349,80.17423756917317,80.26895116170247,80.40841318766276,80.5880630493164,82.51437543233236,82.55751177469891,82.60617154439291,82.66417490641275,82.77892074584959,1200380.0,1731520.0,2230800.0,2286460.0,2130960.0,1632290.0,1675880.0,1688270.0,1659280.0,1889890.0,1632470.0,1682325.0,1693690.0,1739725.0,1795520.0,1772353.333333333,1796423.333333333,1804526.666666667,1793850.0,1788240.0,1852221.666666667,1859438.333333333,1867488.333333333,1892430.0,1887735.0,1
2019-01-15,79.71906539242556,80.09145180509412,79.24869278628539,79.48387908935547,834200,1,79.55835418701172,77.96397399902344,77.94682807922364,79.7501823425293,82.35851402282715,949600.0,1618030.0,1634085.0,1717026.666666667,1823981.666666667,79.39568328857422,79.86605834960938,80.17964172363281,78.86650848388672,77.55338287353516,79.17225494384766,78.6038818359375,77.82776184082032,76.50482635498047,76.36959381103516,77.95515441894531,77.90125732421875,77.79542236328125,77.50437622070312,77.03106155395508,78.05119247436524,78.22415390014649,78.36968727111817,78.45947265625,78.68137016296387,79.93519541422526,80.0840565999349,80.17423756917317,80.26895116170247,80.40841318766276,82.43180071512856,82.51437543233236,82.55751177469891,82.60617154439291,82.66417490641275,1149120.0,1200380.0,1731520.0,2230800.0,2286460.0,1640040.0,1632290.0,1675880.0,1688270.0,1659280.0,1635715.0,1632470.0,1682325.0,1693690.0,1739725.0,1732276.666666667,1772353.333333333,1796423.333333333,1804526.666666667,1793850.0,1836491.666666667,1852221.666666667,1859438.333333333,1867488.333333333,1892430.0,1
2019-01-16,79.36628721943313,80.30703996765286,79.26829354332575,79.71907043457031,871300,1,79.72886657714844,78.11684646606446,77.88852043151856,79.5427126566569,82.32416687011718,901440.0,1566120.0,1592635.0,1687966.666666667,1809673.333333333,79.48387908935547,79.39568328857422,79.86605834960938,80.17964172363281,78.86650848388672,79.55835418701172,79.17225494384766,78.6038818359375,77.82776184082032,76.50482635498047,77.96397399902344,77.95515441894531,77.90125732421875,77.79542236328125,77.50437622070312,77.94682807922364,78.05119247436524,78.22415390014649,78.36968727111817,78.45947265625,79.7501823425293,79.93519541422526,80.0840565999349,80.17423756917317,80.26895116170247,82.35851402282715,82.43180071512856,82.51437543233236,82.55751177469891,82.60617154439291,949600.0,1149120.0,1200380.0,1731520.0,2230800.0,1618030.0,1640040.0,1632290.0,1675880.0,1688270.0,1634085.0,1635715.0,1632470.0,1682325.0,1693690.0,1717026.666666667,1732276.666666667,1772353.333333333,1796423.333333333,1804526.666666667,1823981.666666667,1836491.666666667,1852221.666666667,1859438.333333333,1867488.333333333,1
2019-01-17,79.33688486665542,80.53242707859532,79.20949384338428,80.18944549560547,791000,1,79.73082733154297,78.77929458618162,77.90566902160644,79.29098154703776,82.30922419230143,822700.0,1277110.0,1551445.0,1665453.333333333,1790091.666666667,79.71907043457031,79.48387908935547,79.39568328857422,79.86605834960938,80.17964172363281,79.72886657714844,79.55835418701172,79.17225494384766,78.6038818359375,77.82776184082032,78.11684646606446,77.96397399902344,77.95515441894531,77.90125732421875,77.79542236328125,77.88852043151856,77.94682807922364,78.05119247436524,78.22415390014649,78.36968727111817,79.5427126566569,79.7501823425293,79.93519541422526,80.0840565999349,80.17423756917317,82.32416687011718,82.35851402282715,82.43180071512856,82.51437543233236,82.55751177469891,901440.0,949600.0,1149120.0,1200380.0,1731520.0,1566120.0,1618030.0,1640040.0,1632290.0,1675880.0,1592635.0,1634085.0,1635715.0,1632470.0,1682325.0,1687966.666666667,1717026.666666667,1732276.666666667,1772353.333333333,1796423.333333333,1809673.333333333,1823981.666666667,1836491.666666667,1852221.666666667,1859438.333333333,1
2019-01-18,80.36583953762847,81.49278546726384,80.16984471535737,80.83621215820312,1863300,0,79.92485809326172,79.26436996459961,78.04531211853028,79.1953498840332,82.3091328938802,1056960.0,1128670.0,1549920.0,1646750.0,1800325.0,80.18944549560547,79.71907043457031,79.48387908935547,79.39568328857422,79.86605834960938,79.73082733154297,79.72886657714844,79.55835418701172,79.17225494384766,78.6038818359375,78.77929458618162,78.11684646606446,77.96397399902344,77.95515441894531,77.90125732421875,77.90566902160644,77.88852043151856,77.94682807922364,78.05119247436524,78.22415390014649,79.29098154703776,79.5427126566569,79.7501823425293,79.93519541422526,80.0840565999349,82.30922419230143,82.32416687011718,82.35851402282715,82.43180071512856,82.51437543233236,822700.0,901440.0,949600.0,1149120.0,1200380.0,1277110.0,1566120.0,1618030.0,1640040.0,1632290.0,1551445.0,1592635.0,1634085.0,1635715.0,1632470.0,1665453.333333333,1687966.666666667,1717026.666666667,1732276.666666667,1772353.333333333,1790091.666666667,1809673.333333333,1823981.666666667,1836491.666666667,1852221.666666667,1
2019-01-22,80.15025158722067,80.54223376811802,79.1311009074628,79.54267883300781,1725200,1,79.95425720214844,79.56325607299804,78.20553359985351,79.11295801798502,82.28748270670573,1217000.0,1183060.0,1536475.0,1591366.666666667,1787328.333333333,80.83621215820312,80.18944549560547,79.71907043457031,79.48387908935547,79.39568328857422,79.92485809326172,79.73082733154297,79.72886657714844,79.55835418701172,79.17225494384766,79.26436996459961,78.77929458618162,78.11684646606446,77.96397399902344,77.95515441894531,78.04531211853028,77.90566902160644,77.88852043151856,77.94682807922364,78.05119247436524,79.1953498840332,79.29098154703776,79.5427126566569,79.7501823425293,79.93519541422526,82.3091328938802,82.30922419230143,82.32416687011718,82.35851402282715,82.43180071512856,1056960.0,822700.0,901440.0,949600.0,1149120.0,1128670.0,1277110.0,1566120.0,1618030.0,1640040.0,1549920.0,1551445.0,1592635.0,1634085.0,1635715.0,1646750.0,1665453.333333333,1687966.666666667,1717026.666666667,1732276.666666667,1800325.0,1790091.666666667,1809673.333333333,1823981.666666667,1836491.666666667,1
2019-01-23,78.82732054818919,81.95336152235095,78.24914513244666,81.77696990966797,2814600,1,80.41287536621094,79.98561477661133,78.5083381652832,79.11611836751302,82.28922564188639,1613080.0,1281340.0,1470310.0,1586930.0,1758585.0,79.54267883300781,80.83621215820312,80.18944549560547,79.71907043457031,79.48387908935547,79.95425720214844,79.92485809326172,79.73082733154297,79.72886657714844,79.55835418701172,79.56325607299804,79.26436996459961,78.77929458618162,78.11684646606446,77.96397399902344,78.20553359985351,78.04531211853028,77.90566902160644,77.88852043151856,77.94682807922364,79.11295801798502,79.1953498840332,79.29098154703776,79.5427126566569,79.7501823425293,82.28748270670573,82.3091328938802,82.30922419230143,82.32416687011718,82.35851402282715,1217000.0,1056960.0,822700.0,901440.0,949600.0,1183060.0,1128670.0,1277110.0,1566120.0,1618030.0,1536475.0,1549920.0,1551445.0,1592635.0,1634085.0,1591366.666666667,1646750.0,1665453.333333333,1687966.666666667,1717026.666666667,1787328.333333333,1800325.0,1790091.666666667,1809673.333333333,1823981.666666667,1
2019-01-24,82.13954840999739,83.6192775202298,81.25759041461258,83.51148223876953,2242000,1,81.17135772705078,80.45011215209959,78.97724418640136,79.12301915486654,82.27948226928713,1887220.0,1394330.0,1541300.0,1593903.333333333,1755890.0,81.77696990966797,79.54267883300781,80.83621215820312,80.18944549560547,79.71907043457031,80.41287536621094,79.95425720214844,79.92485809326172,79.73082733154297,79.72886657714844,79.98561477661133,79.56325607299804,79.26436996459961,78.77929458618162,78.11684646606446,78.5083381652832,78.20553359985351,78.04531211853028,77.90566902160644,77.88852043151856,79.11611836751302,79.11295801798502,79.1953498840332,79.29098154703776,79.5427126566569,82.28922564188639,82.28748270670573,82.3091328938802,82.30922419230143,82.32416687011718,1613080.0,1217000.0,1056960.0,822700.0,901440.0,1281340.0,1183060.0,1128670.0,1277110.0,1566120.0,1470310.0,1536475.0,1549920.0,1551445.0,1592635.0,1586930.0,1591366.666666667,1646750.0,1665453.333333333,1687966.666666667,1758585.0,1787328.333333333,1800325.0,1790091.666666667,1809673.333333333,1
2019-01-25,84.31504232133557,85.40278926976231,84.00145808696988,84.56983184814453,1816400,0,82.0474349975586,80.88913116455078,79.34227676391602,79.20950190226237,82.30252621968587,2092300.0,1457500.0,1566690.0,1607383.333333333,1743150.0,83.51148223876953,81.77696990966797,79.54267883300781,80.83621215820312,80.18944549560547,81.17135772705078,80.41287536621094,79.95425720214844,79.92485809326172,79.73082733154297,80.45011215209959,79.98561477661133,79.56325607299804,79.26436996459961,78.77929458618162,78.97724418640136,78.5083381652832,78.20553359985351,78.04531211853028,77.90566902160644,79.12301915486654,79.11611836751302,79.11295801798502,79.1953498840332,79.29098154703776,82.27948226928713,82.28922564188639,82.28748270670573,82.3091328938802,82.30922419230143,1887220.0,1613080.0,1217000.0,1056960.0,822700.0,1394330.0,1281340.0,1183060.0,1128670.0,1277110.0,1541300.0,1470310.0,1536475.0,1549920.0,1551445.0,1593903.333333333,1586930.0,1591366.666666667,1646750.0,1665453.333333333,1755890.0,1758585.0,1787328.333333333,1800325.0,1790091.666666667,1
2019-01-28,83.86426328674892,84.19744325621981,83.23709483420798,84.03085327148438,1208000,1,82.68636322021484,81.30561065673828,79.60343399047852,79.25130615234373,82.31104914347331,1961240.0,1509100.0,1570695.0,1591346.666666667,1719136.666666667,84.56983184814453,83.51148223876953,81.77696990966797,79.54267883300781,80.83621215820312,82.0474349975586,81.17135772705078,80.41287536621094,79.95425720214844,79.92485809326172,80.88913116455078,80.45011215209959,79.98561477661133,79.56325607299804,79.26436996459961,79.34227676391602,78.97724418640136,78.5083381652832,78.20553359985351,78.04531211853028,79.20950190226237,79.12301915486654,79.11611836751302,79.11295801798502,79.1953498840332,82.30252621968587,82.27948226928713,82.28922564188639,82.28748270670573,82.3091328938802,2092300.0,1887220.0,1613080.0,1217000.0,1056960.0,1457500.0,1394330.0,1281340.0,1183060.0,1128670.0,1566690.0,1541300.0,1470310.0,1536475.0,1549920.0,1607383.333333333,1593903.333333333,1586930.0,1591366.666666667,1646750.0,1743150.0,1755890.0,1758585.0,1787328.333333333,1800325.0,1
2019-01-29,84.61882190616728,84.98140670143165,84.1092503472908,84.34443664550781,1188300,1,83.64671478271484,81.80048599243166,79.87782020568848,79.30095698038737,82.27560806274414,1853860.0,1535430.0,1587735.0,1602286.666666667,1685395.0,84.03085327148438,84.56983184814453,83.51148223876953,81.77696990966797,79.54267883300781,82.68636322021484,82.0474349975586,81.17135772705078,80.41287536621094,79.95425720214844,81.30561065673828,80.88913116455078,80.45011215209959,79.98561477661133,79.56325607299804,79.60343399047852,79.34227676391602,78.97724418640136,78.5083381652832,78.20553359985351,79.25130615234373,79.20950190226237,79.12301915486654,79.11611836751302,79.11295801798502,82.31104914347331,82.30252621968587,82.27948226928713,82.28922564188639,82.28748270670573,1961240.0,2092300.0,1887220.0,1613080.0,1217000.0,1509100.0,1457500.0,1394330.0,1281340.0,1183060.0,1570695.0,1566690.0,1541300.0,1470310.0,1536475.0,1591346.666666667,1607383.333333333,1593903.333333333,1586930.0,1591366.666666667,1719136.666666667,1743150.0,1755890.0,1758585.0,1787328.333333333,1
2019-01-30,84.96180683398508,86.45133755981371,84.49143421899343,86.44153594970703,1586500,0,84.57962799072266,82.49625167846679,80.23011283874511,79.46330261230469,82.25850461324056,1608240.0,1610660.0,1614345.0,1626276.666666667,1650406.666666667,84.34443664550781,84.03085327148438,84.56983184814453,83.51148223876953,81.77696990966797,83.64671478271484,82.68636322021484,82.0474349975586,81.17135772705078,80.41287536621094,81.80048599243166,81.30561065673828,80.88913116455078,80.45011215209959,79.98561477661133,79.87782020568848,79.60343399047852,79.34227676391602,78.97724418640136,78.5083381652832,79.30095698038737,79.25130615234373,79.20950190226237,79.12301915486654,79.11611836751302,82.27560806274414,82.31104914347331,82.30252621968587,82.27948226928713,82.28922564188639,1853860.0,1961240.0,2092300.0,1887220.0,1613080.0,1535430.0,1509100.0,1457500.0,1394330.0,1281340.0,1587735.0,1570695.0,1566690.0,1541300.0,1470310.0,1602286.666666667,1591346.666666667,1607383.333333333,1593903.333333333,1586930.0,1685395.0,1719136.666666667,1743150.0,1755890.0,1758585.0,1
2019-01-31,86.19654759660341,86.5983313681318,85.6771744101402,86.1573486328125,1298100,1,85.10880126953127,83.14007949829102,80.62846298217774,79.6390401204427,82.23096389770508,1419460.0,1653340.0,1609730.0,1612870.0,1636158.333333333,86.44153594970703,84.34443664550781,84.03085327148438,84.56983184814453,83.51148223876953,84.57962799072266,83.64671478271484,82.68636322021484,82.0474349975586,81.17135772705078,82.49625167846679,81.80048599243166,81.30561065673828,80.88913116455078,80.45011215209959,80.23011283874511,79.87782020568848,79.60343399047852,79.34227676391602,78.97724418640136,79.46330261230469,79.30095698038737,79.25130615234373,79.20950190226237,79.12301915486654,82.25850461324056,82.27560806274414,82.31104914347331,82.30252621968587,82.27948226928713,1608240.0,1853860.0,1961240.0,2092300.0,1887220.0,1610660.0,1535430.0,1509100.0,1457500.0,1394330.0,1614345.0,1587735.0,1570695.0,1566690.0,1541300.0,1626276.666666667,1602286.666666667,1591346.666666667,1607383.333333333,1593903.333333333,1650406.666666667,1685395.0,1719136.666666667,1743150.0,1755890.0,1
2019-02-01,86.22594668076172,87.05890411783052,85.71637509412936,86.23574829101562,1202400,1,85.44198455810547,83.74470977783203,81.26200218200684,79.85201594034831,82.19577128092448,1296660.0,1694480.0,1485795.0,1599123.333333333,1613518.333333333,86.1573486328125,86.44153594970703,84.34443664550781,84.03085327148438,84.56983184814453,85.10880126953127,84.57962799072266,83.64671478271484,82.68636322021484,82.0474349975586,83.14007949829102,82.49625167846679,81.80048599243166,81.30561065673828,80.88913116455078,80.62846298217774,80.23011283874511,79.87782020568848,79.60343399047852,79.34227676391602,79.6390401204427,79.46330261230469,79.30095698038737,79.25130615234373,79.20950190226237,82.23096389770508,82.25850461324056,82.27560806274414,82.31104914347331,82.30252621968587,1419460.0,1608240.0,1853860.0,1961240.0,2092300.0,1653340.0,1610660.0,1535430.0,1509100.0,1457500.0,1609730.0,1614345.0,1587735.0,1570695.0,1566690.0,1612870.0,1626276.666666667,1602286.666666667,1591346.666666667,1607383.333333333,1636158.333333333,1650406.666666667,1685395.0,1719136.666666667,1743150.0,1
2019-02-04,86.16714567897263,86.74531354228027,85.76536192872499,86.73551940917969,1168100,1,85.98291778564453,84.33464050292969,81.79950523376466,80.14175491333008,82.17542343139648,1288680.0,1624960.0,1376815.0,1574933.333333333,1599773.333333333,86.23574829101562,86.1573486328125,86.44153594970703,84.34443664550781,84.03085327148438,85.44198455810547,85.10880126953127,84.57962799072266,83.64671478271484,82.68636322021484,83.74470977783203,83.14007949829102,82.49625167846679,81.80048599243166,81.30561065673828,81.26200218200684,80.62846298217774,80.23011283874511,79.87782020568848,79.60343399047852,79.85201594034831,79.6390401204427,79.46330261230469,79.30095698038737,79.25130615234373,82.19577128092448,82.23096389770508,82.25850461324056,82.27560806274414,82.31104914347331,1296660.0,1419460.0,1608240.0,1853860.0,1961240.0,1694480.0,1653340.0,1610660.0,1535430.0,1509100.0,1485795.0,1609730.0,1614345.0,1587735.0,1570695.0,1599123.333333333,1612870.0,1626276.666666667,1602286.666666667,1591346.666666667,1613518.333333333,1636158.333333333,1650406.666666667,1685395.0,1719136.666666667,1
2019-02-05,86.92170052191109,88.01924896240236,86.8531042116577,88.01924896240234,1292700,0,86.71788024902344,85.18229751586914,82.37277679443359,80.53112157185872,82.16832695007324,1309560.0,1581710.0,1382385.0,1551553.333333333,1594810.0,86.73551940917969,86.23574829101562,86.1573486328125,86.44153594970703,84.34443664550781,85.98291778564453,85.44198455810547,85.10880126953127,84.57962799072266,83.64671478271484,84.33464050292969,83.74470977783203,83.14007949829102,82.49625167846679,81.80048599243166,81.79950523376466,81.26200218200684,80.62846298217774,80.23011283874511,79.87782020568848,80.14175491333008,79.85201594034831,79.6390401204427,79.46330261230469,79.30095698038737,82.17542343139648,82.19577128092448,82.23096389770508,82.25850461324056,82.27560806274414,1288680.0,1296660.0,1419460.0,1608240.0,1853860.0,1624960.0,1694480.0,1653340.0,1610660.0,1535430.0,1376815.0,1485795.0,1609730.0,1614345.0,1587735.0,1574933.333333333,1599123.333333333,1612870.0,1626276.666666667,1602286.666666667,1599773.333333333,1613518.333333333,1636158.333333333,1650406.666666667,1685395.0,1
2019-02-06,87.86245844095419,88.75421045233216,87.76445730605465,88.00944519042969,1113500,1,87.03146209716797,85.80554504394532,82.89557991027831,80.94074045817057,82.13777516682943,1214960.0,1411600.0,1346470.0,1450740.0,1595116.666666667,88.01924896240234,86.73551940917969,86.23574829101562,86.1573486328125,86.44153594970703,86.71788024902344,85.98291778564453,85.44198455810547,85.10880126953127,84.57962799072266,85.18229751586914,84.33464050292969,83.74470977783203,83.14007949829102,82.49625167846679,82.37277679443359,81.79950523376466,81.26200218200684,80.62846298217774,80.23011283874511,80.53112157185872,80.14175491333008,79.85201594034831,79.6390401204427,79.46330261230469,82.16832695007324,82.17542343139648,82.19577128092448,82.23096389770508,82.25850461324056,1309560.0,1288680.0,1296660.0,1419460.0,1608240.0,1581710.0,1624960.0,1694480.0,1653340.0,1610660.0,1382385.0,1376815.0,1485795.0,1609730.0,1614345.0,1551553.333333333,1574933.333333333,1599123.333333333,1612870.0,1626276.666666667,1594810.0,1599773.333333333,1613518.333333333,1636158.333333333,1650406.666666667,1
2019-02-07,87.45088370255993,88.4602327121775,87.21569739848343,88.05845642089844,927100,1,87.41168365478515,86.2602424621582,83.35517730712891,81.40491027832032,82.10315348307292,1140760.0,1280110.0,1337220.0,1454236.666666667,1595965.0,88.00944519042969,88.01924896240234,86.73551940917969,86.23574829101562,86.1573486328125,87.03146209716797,86.71788024902344,85.98291778564453,85.44198455810547,85.10880126953127,85.80554504394532,85.18229751586914,84.33464050292969,83.74470977783203,83.14007949829102,82.89557991027831,82.37277679443359,81.79950523376466,81.26200218200684,80.62846298217774,80.94074045817057,80.53112157185872,80.14175491333008,79.85201594034831,79.6390401204427,82.13777516682943,82.16832695007324,82.17542343139648,82.19577128092448,82.23096389770508,1214960.0,1309560.0,1288680.0,1296660.0,1419460.0,1411600.0,1581710.0,1624960.0,1694480.0,1653340.0,1346470.0,1382385.0,1376815.0,1485795.0,1609730.0,1450740.0,1551553.333333333,1574933.333333333,1599123.333333333,1612870.0,1595116.666666667,1594810.0,1599773.333333333,1613518.333333333,1636158.333333333,1
2019-02-08,87.40190099275759,88.46024322509766,87.40190099275759,88.46024322509766,959300,0,87.85658264160156,86.64928359985352,83.76920738220215,81.77794570922852,82.09298248291016,1092140.0,1194400.0,1325950.0,1442593.333333333,1596093.333333333,88.05845642089844,88.00944519042969,88.01924896240234,86.73551940917969,86.23574829101562,87.41168365478515,87.03146209716797,86.71788024902344,85.98291778564453,85.44198455810547,86.2602424621582,85.80554504394532,85.18229751586914,84.33464050292969,83.74470977783203,83.35517730712891,82.89557991027831,82.37277679443359,81.79950523376466,81.26200218200684,81.40491027832032,80.94074045817057,80.53112157185872,80.14175491333008,79.85201594034831,82.10315348307292,82.13777516682943,82.16832695007324,82.17542343139648,82.19577128092448,1140760.0,1214960.0,1309560.0,1288680.0,1296660.0,1280110.0,1411600.0,1581710.0,1624960.0,1694480.0,1337220.0,1346470.0,1382385.0,1376815.0,1485795.0,1454236.666666667,1450740.0,1551553.333333333,1574933.333333333,1599123.333333333,1595965.0,1595116.666666667,1594810.0,1599773.333333333,1613518.333333333,1
2019-02-11,88.65623606554377,89.0090192938451,88.12706122309172,88.27405548095703,829200,1,88.16428985595705,87.07360382080078,84.18960723876953,82.09349060058594,82.1235238393148,1024360.0,1156520.0,1332810.0,1432636.666666667,1575336.666666667,88.46024322509766,88.05845642089844,88.00944519042969,88.01924896240234,86.73551940917969,87.85658264160156,87.41168365478515,87.03146209716797,86.71788024902344,85.98291778564453,86.64928359985352,86.2602424621582,85.80554504394532,85.18229751586914,84.33464050292969,83.76920738220215,83.35517730712891,82.89557991027831,82.37277679443359,81.79950523376466,81.77794570922852,81.40491027832032,80.94074045817057,80.53112157185872,80.14175491333008,82.09298248291016,82.10315348307292,82.13777516682943,82.16832695007324,82.17542343139648,1092140.0,1140760.0,1214960.0,1309560.0,1288680.0,1194400.0,1280110.0,1411600.0,1581710.0,1624960.0,1325950.0,1337220.0,1346470.0,1382385.0,1376815.0,1442593.333333333,1454236.666666667,1450740.0,1551553.333333333,1574933.333333333,1596093.333333333,1595965.0,1595116.666666667,1594810.0,1599773.333333333,1
2019-02-12,88.7150281100415,89.93016615073549,88.47984179039324,89.74398040771484,1083700,1,88.50923614501953,87.61355819702149,84.70702209472657,82.45639953613279,82.18866246541342,982560.0,1146060.0,1340745.0,1440510.0,1568675.0,88.27405548095703,88.46024322509766,88.05845642089844,88.00944519042969,88.01924896240234,88.16428985595705,87.85658264160156,87.41168365478515,87.03146209716797,86.71788024902344,87.07360382080078,86.64928359985352,86.2602424621582,85.80554504394532,85.18229751586914,84.18960723876953,83.76920738220215,83.35517730712891,82.89557991027831,82.37277679443359,82.09349060058594,81.77794570922852,81.40491027832032,80.94074045817057,80.53112157185872,82.1235238393148,82.09298248291016,82.10315348307292,82.13777516682943,82.16832695007324,1024360.0,1092140.0,1140760.0,1214960.0,1309560.0,1156520.0,1194400.0,1280110.0,1411600.0,1581710.0,1332810.0,1325950.0,1337220.0,1346470.0,1382385.0,1432636.666666667,1442593.333333333,1454236.666666667,1450740.0,1551553.333333333,1575336.666666667,1596093.333333333,1595965.0,1595116.666666667,1594810.0,1
2019-02-13,89.88117893022529,90.42994953744913,89.4206003949744,90.01837158203125,797900,0,88.91102142333985,87.9712417602539,85.23374671936034,82.81048914591472,82.27775726318359,919440.0,1067200.0,1338930.0,1431963.333333333,1562706.666666667,89.74398040771484,88.27405548095703,88.46024322509766,88.05845642089844,88.00944519042969,88.50923614501953,88.16428985595705,87.85658264160156,87.41168365478515,87.03146209716797,87.61355819702149,87.07360382080078,86.64928359985352,86.2602424621582,85.80554504394532,84.70702209472657,84.18960723876953,83.76920738220215,83.35517730712891,82.89557991027831,82.45639953613279,82.09349060058594,81.77794570922852,81.40491027832032,80.94074045817057,82.18866246541342,82.1235238393148,82.09298248291016,82.10315348307292,82.13777516682943,982560.0,1024360.0,1092140.0,1140760.0,1214960.0,1146060.0,1156520.0,1194400.0,1280110.0,1411600.0,1340745.0,1332810.0,1325950.0,1337220.0,1346470.0,1440510.0,1432636.666666667,1442593.333333333,1454236.666666667,1450740.0,1568675.0,1575336.666666667,1596093.333333333,1595965.0,1595116.666666667,1
2019-02-14,89.80276022987059,89.84195918938612,89.25398974952739,89.32258605957031,1198400,1,89.16384735107422,88.28776550292969,85.71392250061034,83.18156382242839,82.33668708801271,973700.0,1057230.0,1355285.0,1425563.333333333,1555086.666666667,90.01837158203125,89.74398040771484,88.27405548095703,88.46024322509766,88.05845642089844,88.91102142333985,88.50923614501953,88.16428985595705,87.85658264160156,87.41168365478515,87.9712417602539,87.61355819702149,87.07360382080078,86.64928359985352,86.2602424621582,85.23374671936034,84.70702209472657,84.18960723876953,83.76920738220215,83.35517730712891,82.81048914591472,82.45639953613279,82.09349060058594,81.77794570922852,81.40491027832032,82.27775726318359,82.18866246541342,82.1235238393148,82.09298248291016,82.10315348307292,919440.0,982560.0,1024360.0,1092140.0,1140760.0,1067200.0,1146060.0,1156520.0,1194400.0,1280110.0,1338930.0,1340745.0,1332810.0,1325950.0,1337220.0,1431963.333333333,1440510.0,1432636.666666667,1442593.333333333,1454236.666666667,1562706.666666667,1568675.0,1575336.666666667,1596093.333333333,1595965.0,0
2019-02-15,90.07715907335623,90.97871284905334,89.90076746711651,90.83172607421876,1227800,0,89.63814392089844,88.74736328125,86.24603652954102,83.75712254842122,82.40464413960775,1027400.0,1059770.0,1377125.0,1343786.666666667,1552756.666666667,89.32258605957031,90.01837158203125,89.74398040771484,88.27405548095703,88.46024322509766,89.16384735107422,88.91102142333985,88.50923614501953,88.16428985595705,87.85658264160156,88.28776550292969,87.9712417602539,87.61355819702149,87.07360382080078,86.64928359985352,85.71392250061034,85.23374671936034,84.70702209472657,84.18960723876953,83.76920738220215,83.18156382242839,82.81048914591472,82.45639953613279,82.09349060058594,81.77794570922852,82.33668708801271,82.27775726318359,82.18866246541342,82.1235238393148,82.09298248291016,973700.0,919440.0,982560.0,1024360.0,1092140.0,1057230.0,1067200.0,1146060.0,1156520.0,1194400.0,1355285.0,1338930.0,1340745.0,1332810.0,1325950.0,1425563.333333333,1431963.333333333,1440510.0,1432636.666666667,1442593.333333333,1555086.666666667,1562706.666666667,1568675.0,1575336.666666667,1596093.333333333,0
2019-02-19,90.57693567849098,90.97871198662727,89.97916454503617,90.61613464355469,936000,1,90.10655975341795,89.1354248046875,86.73503265380859,84.2448117574056,82.51151987711589,1048760.0,1036560.0,1330760.0,1263396.666666667,1538125.0,90.83172607421876,89.32258605957031,90.01837158203125,89.74398040771484,88.27405548095703,89.63814392089844,89.16384735107422,88.91102142333985,88.50923614501953,88.16428985595705,88.74736328125,88.28776550292969,87.9712417602539,87.61355819702149,87.07360382080078,86.24603652954102,85.71392250061034,85.23374671936034,84.70702209472657,84.18960723876953,83.75712254842122,83.18156382242839,82.81048914591472,82.45639953613279,82.09349060058594,82.40464413960775,82.33668708801271,82.27775726318359,82.18866246541342,82.1235238393148,1027400.0,973700.0,919440.0,982560.0,1024360.0,1059770.0,1057230.0,1067200.0,1146060.0,1156520.0,1377125.0,1355285.0,1338930.0,1340745.0,1332810.0,1343786.666666667,1425563.333333333,1431963.333333333,1440510.0,1432636.666666667,1552756.666666667,1555086.666666667,1562706.666666667,1568675.0,1575336.666666667,0
2019-02-20,90.79251909827022,91.89006012787092,90.69452543154699,91.60588073730469,1145000,0,90.47893981933592,89.49408798217773,87.33819274902343,84.74654719034831,82.66730511983236,1061020.0,1021790.0,1301750.0,1262186.666666667,1525213.333333333,90.61613464355469,90.83172607421876,89.32258605957031,90.01837158203125,89.74398040771484,90.10655975341795,89.63814392089844,89.16384735107422,88.91102142333985,88.50923614501953,89.1354248046875,88.74736328125,88.28776550292969,87.9712417602539,87.61355819702149,86.73503265380859,86.24603652954102,85.71392250061034,85.23374671936034,84.70702209472657,84.2448117574056,83.75712254842122,83.18156382242839,82.81048914591472,82.45639953613279,82.51151987711589,82.40464413960775,82.33668708801271,82.27775726318359,82.18866246541342,1048760.0,1027400.0,973700.0,919440.0,982560.0,1036560.0,1059770.0,1057230.0,1067200.0,1146060.0,1330760.0,1377125.0,1355285.0,1338930.0,1340745.0,1263396.666666667,1343786.666666667,1425563.333333333,1431963.333333333,1440510.0,1538125.0,1552756.666666667,1555086.666666667,1562706.666666667,1568675.0,0
2019-02-21,91.42948784091769,91.89986042504695,91.13549936850882,91.4588851928711,1173900,1,90.76704254150393,89.83903198242187,87.8222885131836,85.21006393432617,82.80923856099447,1136220.0,1027830.0,1219715.0,1240256.666666667,1517053.333333333,91.60588073730469,90.61613464355469,90.83172607421876,89.32258605957031,90.01837158203125,90.47893981933592,90.10655975341795,89.63814392089844,89.16384735107422,88.91102142333985,89.49408798217773,89.1354248046875,88.74736328125,88.28776550292969,87.9712417602539,87.33819274902343,86.73503265380859,86.24603652954102,85.71392250061034,85.23374671936034,84.74654719034831,84.2448117574056,83.75712254842122,83.18156382242839,82.81048914591472,82.66730511983236,82.51151987711589,82.40464413960775,82.33668708801271,82.27775726318359,1061020.0,1048760.0,1027400.0,973700.0,919440.0,1021790.0,1036560.0,1059770.0,1057230.0,1067200.0,1301750.0,1330760.0,1377125.0,1355285.0,1338930.0,1262186.666666667,1263396.666666667,1343786.666666667,1425563.333333333,1431963.333333333,1525213.333333333,1538125.0,1552756.666666667,1555086.666666667,1562706.666666667,0
2019-02-22,91.9978544432525,92.87001077792348,91.76266815028576,92.4486312866211,948300,1,91.39225158691406,90.27804946899414,88.26914596557617,85.66280136108398,82.96587626139323,1086200.0,1029950.0,1155030.0,1234796.666666667,1519661.666666667,91.4588851928711,91.60588073730469,90.61613464355469,90.83172607421876,89.32258605957031,90.76704254150393,90.47893981933592,90.10655975341795,89.63814392089844,89.16384735107422,89.83903198242187,89.49408798217773,89.1354248046875,88.74736328125,88.28776550292969,87.8222885131836,87.33819274902343,86.73503265380859,86.24603652954102,85.71392250061034,85.21006393432617,84.74654719034831,84.2448117574056,83.75712254842122,83.18156382242839,82.80923856099447,82.66730511983236,82.51151987711589,82.40464413960775,82.33668708801271,1136220.0,1061020.0,1048760.0,1027400.0,973700.0,1027830.0,1021790.0,1036560.0,1059770.0,1057230.0,1219715.0,1301750.0,1330760.0,1377125.0,1355285.0,1240256.666666667,1262186.666666667,1263396.666666667,1343786.666666667,1425563.333333333,1517053.333333333,1525213.333333333,1538125.0,1552756.666666667,1555086.666666667,0
2019-02-25,92.87981201231906,93.46778148058011,92.79161995647677,93.22279357910156,1128700,0,91.87046508789062,90.75430450439451,88.70179405212403,86.09757308959959,83.13590532938639,1066380.0,1046890.0,1120645.0,1232930.0,1514676.666666667,92.4486312866211,91.4588851928711,91.60588073730469,90.61613464355469,90.83172607421876,91.39225158691406,90.76704254150393,90.47893981933592,90.10655975341795,89.63814392089844,90.27804946899414,89.83903198242187,89.49408798217773,89.1354248046875,88.74736328125,88.26914596557617,87.8222885131836,87.33819274902343,86.73503265380859,86.24603652954102,85.66280136108398,85.21006393432617,84.74654719034831,84.2448117574056,83.75712254842122,82.96587626139323,82.80923856099447,82.66730511983236,82.51151987711589,82.40464413960775,1086200.0,1136220.0,1061020.0,1048760.0,1027400.0,1029950.0,1027830.0,1021790.0,1036560.0,1059770.0,1155030.0,1219715.0,1301750.0,1330760.0,1377125.0,1234796.666666667,1240256.666666667,1262186.666666667,1263396.666666667,1343786.666666667,1519661.666666667,1517053.333333333,1525213.333333333,1538125.0,1552756.666666667,0
2019-02-26,92.83081465521946,93.39918087845864,92.1056451171068,92.32123565673828,1318200,0,92.21148529052736,91.15902252197266,89.11631317138672,86.5127456665039,83.2984011332194,1142820.0,1095790.0,1126155.0,1253803.333333333,1513078.333333333,93.22279357910156,92.4486312866211,91.4588851928711,91.60588073730469,90.61613464355469,91.87046508789062,91.39225158691406,90.76704254150393,90.47893981933592,90.10655975341795,90.75430450439451,90.27804946899414,89.83903198242187,89.49408798217773,89.1354248046875,88.70179405212403,88.26914596557617,87.8222885131836,87.33819274902343,86.73503265380859,86.09757308959959,85.66280136108398,85.21006393432617,84.74654719034831,84.2448117574056,83.13590532938639,82.96587626139323,82.80923856099447,82.66730511983236,82.51151987711589,1066380.0,1086200.0,1136220.0,1061020.0,1048760.0,1046890.0,1029950.0,1027830.0,1021790.0,1036560.0,1120645.0,1155030.0,1219715.0,1301750.0,1330760.0,1232930.0,1234796.666666667,1240256.666666667,1262186.666666667,1263396.666666667,1514676.666666667,1519661.666666667,1517053.333333333,1525213.333333333,1538125.0,0
2019-02-27,91.87046427620936,92.41923479035923,91.33148789521393,92.31143951416016,691700,0,92.35259704589843,91.41576843261718,89.51466331481933,86.94327087402344,83.43923314412434,1052160.0,1056590.0,1101325.0,1246026.666666667,1489151.666666667,92.32123565673828,93.22279357910156,92.4486312866211,91.4588851928711,91.60588073730469,92.21148529052736,91.87046508789062,91.39225158691406,90.76704254150393,90.47893981933592,91.15902252197266,90.75430450439451,90.27804946899414,89.83903198242187,89.49408798217773,89.11631317138672,88.70179405212403,88.26914596557617,87.8222885131836,87.33819274902343,86.5127456665039,86.09757308959959,85.66280136108398,85.21006393432617,84.74654719034831,83.2984011332194,83.13590532938639,82.96587626139323,82.80923856099447,82.66730511983236,1142820.0,1066380.0,1086200.0,1136220.0,1061020.0,1095790.0,1046890.0,1029950.0,1027830.0,1021790.0,1126155.0,1120645.0,1155030.0,1219715.0,1301750.0,1253803.333333333,1232930.0,1234796.666666667,1240256.666666667,1262186.666666667,1513078.333333333,1514676.666666667,1519661.666666667,1517053.333333333,1525213.333333333,0
2019-02-28,92.14486191228242,92.46824778432428,91.89007236372478,92.08606719970705,1044000,1,92.47803344726564,91.62253799438477,89.79688987731933,87.36334381103515,83.55676307678223,1026180.0,1081200.0,1074200.0,1253020.0,1485023.333333333,92.31143951416016,92.32123565673828,93.22279357910156,92.4486312866211,91.4588851928711,92.35259704589843,92.21148529052736,91.87046508789062,91.39225158691406,90.76704254150393,91.41576843261718,91.15902252197266,90.75430450439451,90.27804946899414,89.83903198242187,89.51466331481933,89.11631317138672,88.70179405212403,88.26914596557617,87.8222885131836,86.94327087402344,86.5127456665039,86.09757308959959,85.66280136108398,85.21006393432617,83.43923314412434,83.2984011332194,83.13590532938639,82.96587626139323,82.80923856099447,1052160.0,1142820.0,1066380.0,1086200.0,1136220.0,1056590.0,1095790.0,1046890.0,1029950.0,1027830.0,1101325.0,1126155.0,1120645.0,1155030.0,1219715.0,1246026.666666667,1253803.333333333,1232930.0,1234796.666666667,1240256.666666667,1489151.666666667,1513078.333333333,1514676.666666667,1519661.666666667,1517053.333333333,0
2019-03-01,92.76222604550112,93.44818920451158,92.1644549456044,93.20320129394531,1047700,0,92.62894744873049,92.01059951782229,90.14918251037598,87.812814839681,83.67776374816894,1046060.0,1066130.0,1061680.0,1258900.0,1473433.333333333,92.08606719970705,92.31143951416016,92.32123565673828,93.22279357910156,92.4486312866211,92.47803344726564,92.35259704589843,92.21148529052736,91.87046508789062,91.39225158691406,91.62253799438477,91.41576843261718,91.15902252197266,90.75430450439451,90.27804946899414,89.79688987731933,89.51466331481933,89.11631317138672,88.70179405212403,88.26914596557617,87.36334381103515,86.94327087402344,86.5127456665039,86.09757308959959,85.66280136108398,83.55676307678223,83.43923314412434,83.2984011332194,83.13590532938639,82.96587626139323,1026180.0,1052160.0,1142820.0,1066380.0,1086200.0,1081200.0,1056590.0,1095790.0,1046890.0,1029950.0,1074200.0,1101325.0,1126155.0,1120645.0,1155030.0,1253020.0,1246026.666666667,1253803.333333333,1232930.0,1234796.666666667,1485023.333333333,1489151.666666667,1513078.333333333,1514676.666666667,1519661.666666667,0
2019-03-04,93.49719149905177,93.62458252337468,91.79207022707376,92.57603454589844,837100,1,92.49959564208984,92.18503036499024,90.46619682312011,88.22570114135742,83.7583413441976,987740.0,1027060.0,1043415.0,1260436.666666667,1462945.0,93.20320129394531,92.08606719970705,92.31143951416016,92.32123565673828,93.22279357910156,92.62894744873049,92.47803344726564,92.35259704589843,92.21148529052736,91.87046508789062,92.01059951782229,91.62253799438477,91.41576843261718,91.15902252197266,90.75430450439451,90.14918251037598,89.79688987731933,89.51466331481933,89.11631317138672,88.70179405212403,87.812814839681,87.36334381103515,86.94327087402344,86.5127456665039,86.09757308959959,83.67776374816894,83.55676307678223,83.43923314412434,83.2984011332194,83.13590532938639,1046060.0,1026180.0,1052160.0,1142820.0,1066380.0,1066130.0,1081200.0,1056590.0,1095790.0,1046890.0,1061680.0,1074200.0,1101325.0,1126155.0,1120645.0,1258900.0,1253020.0,1246026.666666667,1253803.333333333,1232930.0,1473433.333333333,1485023.333333333,1489151.666666667,1513078.333333333,1514676.666666667,0
2019-03-05,93.03661547410694,93.37959706896656,92.63483169410135,92.8700180053711,853500,0,92.6093521118164,92.41041870117188,90.77292175292969,88.62682800292968,83.91108894348146,894800.0,1018810.0,1027685.0,1226776.666666667,1436763.333333333,92.57603454589844,93.20320129394531,92.08606719970705,92.31143951416016,92.32123565673828,92.49959564208984,92.62894744873049,92.47803344726564,92.35259704589843,92.21148529052736,92.18503036499024,92.01059951782229,91.62253799438477,91.41576843261718,91.15902252197266,90.46619682312011,90.14918251037598,89.79688987731933,89.51466331481933,89.11631317138672,88.22570114135742,87.812814839681,87.36334381103515,86.94327087402344,86.5127456665039,83.7583413441976,83.67776374816894,83.55676307678223,83.43923314412434,83.2984011332194,987740.0,1046060.0,1026180.0,1052160.0,1142820.0,1027060.0,1066130.0,1081200.0,1056590.0,1095790.0,1043415.0,1061680.0,1074200.0,1101325.0,1126155.0,1260436.666666667,1258900.0,1253020.0,1246026.666666667,1253803.333333333,1462945.0,1473433.333333333,1485023.333333333,1489151.666666667,1513078.333333333,0
2019-03-06,92.97780575057564,92.97780575057564,92.07625206677216,92.1644515991211,635100,0,92.5799545288086,92.46627578735351,90.98018188476564,89.04755376180012,84.08025588989258,883480.0,967820.0,994805.0,1190440.0,1390903.333333333,92.8700180053711,92.57603454589844,93.20320129394531,92.08606719970705,92.31143951416016,92.6093521118164,92.49959564208984,92.62894744873049,92.47803344726564,92.35259704589843,92.41041870117188,92.18503036499024,92.01059951782229,91.62253799438477,91.41576843261718,90.77292175292969,90.46619682312011,90.14918251037598,89.79688987731933,89.51466331481933,88.62682800292968,88.22570114135742,87.812814839681,87.36334381103515,86.94327087402344,83.91108894348146,83.7583413441976,83.67776374816894,83.55676307678223,83.43923314412434,894800.0,987740.0,1046060.0,1026180.0,1052160.0,1018810.0,1027060.0,1066130.0,1081200.0,1056590.0,1027685.0,1043415.0,1061680.0,1074200.0,1101325.0,1226776.666666667,1260436.666666667,1258900.0,1253020.0,1246026.666666667,1436763.333333333,1462945.0,1473433.333333333,1485023.333333333,1489151.666666667,0
2019-03-07,91.95865802036384,91.99785698301336,90.70432112132973,91.50788116455078,792800,0,92.46431732177734,92.47117538452149,91.15510368347168,89.37191747029621,84.24401791890463,833240.0,929710.0,978770.0,1123046.666666667,1354988.333333333,92.1644515991211,92.8700180053711,92.57603454589844,93.20320129394531,92.08606719970705,92.5799545288086,92.6093521118164,92.49959564208984,92.62894744873049,92.47803344726564,92.46627578735351,92.41041870117188,92.18503036499024,92.01059951782229,91.62253799438477,90.98018188476564,90.77292175292969,90.46619682312011,90.14918251037598,89.79688987731933,89.04755376180012,88.62682800292968,88.22570114135742,87.812814839681,87.36334381103515,84.08025588989258,83.91108894348146,83.7583413441976,83.67776374816894,83.55676307678223,883480.0,894800.0,987740.0,1046060.0,1026180.0,967820.0,1018810.0,1027060.0,1066130.0,1081200.0,994805.0,1027685.0,1043415.0,1061680.0,1074200.0,1190440.0,1226776.666666667,1260436.666666667,1258900.0,1253020.0,1390903.333333333,1436763.333333333,1462945.0,1473433.333333333,1485023.333333333,0
2019-03-08,90.85131203896455,91.30208887828891,90.508330473874,90.99830627441406,936900,1,92.0233383178711,92.32614288330078,91.30209617614746,89.62147827148438,84.37224871317545,811080.0,928570.0,979260.0,1079543.333333333,1336723.333333333,91.50788116455078,92.1644515991211,92.8700180053711,92.57603454589844,93.20320129394531,92.46431732177734,92.5799545288086,92.6093521118164,92.49959564208984,92.62894744873049,92.47117538452149,92.46627578735351,92.41041870117188,92.18503036499024,92.01059951782229,91.15510368347168,90.98018188476564,90.77292175292969,90.46619682312011,90.14918251037598,89.37191747029621,89.04755376180012,88.62682800292968,88.22570114135742,87.812814839681,84.24401791890463,84.08025588989258,83.91108894348146,83.7583413441976,83.67776374816894,833240.0,883480.0,894800.0,987740.0,1046060.0,929710.0,967820.0,1018810.0,1027060.0,1066130.0,978770.0,994805.0,1027685.0,1043415.0,1061680.0,1123046.666666667,1190440.0,1226776.666666667,1260436.666666667,1258900.0,1354988.333333333,1390903.333333333,1436763.333333333,1462945.0,1473433.333333333,0
2019-03-11,91.23350648517092,92.31145191553848,91.18451338350424,92.08606719970705,596000,1,91.92534484863282,92.2124702453613,91.48338737487794,89.87201944986981,84.5407606760661,762860.0,875300.0,961095.0,1038863.3333333335,1323123.333333333,90.99830627441406,91.50788116455078,92.1644515991211,92.8700180053711,92.57603454589844,92.0233383178711,92.46431732177734,92.5799545288086,92.6093521118164,92.49959564208984,92.32614288330078,92.47117538452149,92.46627578735351,92.41041870117188,92.18503036499024,91.30209617614746,91.15510368347168,90.98018188476564,90.77292175292969,90.46619682312011,89.62147827148438,89.37191747029621,89.04755376180012,88.62682800292968,88.22570114135742,84.37224871317545,84.24401791890463,84.08025588989258,83.91108894348146,83.7583413441976,811080.0,833240.0,883480.0,894800.0,987740.0,928570.0,929710.0,967820.0,1018810.0,1027060.0,979260.0,978770.0,994805.0,1027685.0,1043415.0,1079543.333333333,1123046.666666667,1190440.0,1226776.666666667,1260436.666666667,1336723.333333333,1354988.333333333,1390903.333333333,1436763.333333333,1462945.0,0
2019-03-12,92.21345693522578,92.69363119284266,91.81168061089605,92.11546325683594,626700,1,91.77443389892578,92.1918930053711,91.67545776367187,90.14150644938152,84.69640630086263,717500.0,806150.0,950970.0,1019486.6666666665,1305416.666666667,92.08606719970705,90.99830627441406,91.50788116455078,92.1644515991211,92.8700180053711,91.92534484863282,92.0233383178711,92.46431732177734,92.5799545288086,92.6093521118164,92.2124702453613,92.32614288330078,92.47117538452149,92.46627578735351,92.41041870117188,91.48338737487794,91.30209617614746,91.15510368347168,90.98018188476564,90.77292175292969,89.87201944986981,89.62147827148438,89.37191747029621,89.04755376180012,88.62682800292968,84.5407606760661,84.37224871317545,84.24401791890463,84.08025588989258,83.91108894348146,762860.0,811080.0,833240.0,883480.0,894800.0,875300.0,928570.0,929710.0,967820.0,1018810.0,961095.0,979260.0,978770.0,994805.0,1027685.0,1038863.3333333335,1079543.333333333,1123046.666666667,1190440.0,1226776.666666667,1323123.333333333,1336723.333333333,1354988.333333333,1390903.333333333,1436763.333333333,0
2019-03-13,92.60544083099323,93.29140406879554,92.1840612773608,92.54664611816406,867200,0,91.85087280273436,92.21541366577148,91.81559104919434,90.41491343180338,84.85793520609538,763920.0,823700.0,940145.0,1008783.3333333335,1305535.0,92.11546325683594,92.08606719970705,90.99830627441406,91.50788116455078,92.1644515991211,91.77443389892578,91.92534484863282,92.0233383178711,92.46431732177734,92.5799545288086,92.1918930053711,92.2124702453613,92.32614288330078,92.47117538452149,92.46627578735351,91.67545776367187,91.48338737487794,91.30209617614746,91.15510368347168,90.98018188476564,90.14150644938152,89.87201944986981,89.62147827148438,89.37191747029621,89.04755376180012,84.69640630086263,84.5407606760661,84.37224871317545,84.24401791890463,84.08025588989258,717500.0,762860.0,811080.0,833240.0,883480.0,806150.0,875300.0,928570.0,929710.0,967820.0,950970.0,961095.0,979260.0,978770.0,994805.0,1019486.6666666665,1038863.3333333335,1079543.333333333,1123046.666666667,1190440.0,1305416.666666667,1323123.333333333,1336723.333333333,1354988.333333333,1390903.333333333,0
2019-03-14,92.73282161942845,92.8210211553636,92.1154547736334,92.42903900146484,1023700,1,92.03510437011718,92.24971084594726,91.936124420166,90.614496866862,85.03889973958333,810100.0,821670.0,951435.0,990023.3333333335,1308150.0,92.54664611816406,92.11546325683594,92.08606719970705,90.99830627441406,91.50788116455078,91.85087280273436,91.77443389892578,91.92534484863282,92.0233383178711,92.46431732177734,92.21541366577148,92.1918930053711,92.2124702453613,92.32614288330078,92.47117538452149,91.81559104919434,91.67545776367187,91.48338737487794,91.30209617614746,91.15510368347168,90.41491343180338,90.14150644938152,89.87201944986981,89.62147827148438,89.37191747029621,84.85793520609538,84.69640630086263,84.5407606760661,84.37224871317545,84.24401791890463,763920.0,717500.0,762860.0,811080.0,833240.0,823700.0,806150.0,875300.0,928570.0,929710.0,940145.0,950970.0,961095.0,979260.0,978770.0,1008783.3333333335,1019486.6666666665,1038863.3333333335,1079543.333333333,1123046.666666667,1305535.0,1305416.666666667,1323123.333333333,1336723.333333333,1354988.333333333,0
2019-03-15,92.83082694283509,93.92836805141823,92.48783786996479,93.50698852539062,1834900,1,92.5368408203125,92.2800895690918,92.14534454345706,90.85948486328122,85.24926249186198,989700.0,900390.0,983260.0,1007916.6666666665,1310393.333333333,92.42903900146484,92.54664611816406,92.11546325683594,92.08606719970705,90.99830627441406,92.03510437011718,91.85087280273436,91.77443389892578,91.92534484863282,92.0233383178711,92.24971084594726,92.21541366577148,92.1918930053711,92.2124702453613,92.32614288330078,91.936124420166,91.81559104919434,91.67545776367187,91.48338737487794,91.30209617614746,90.614496866862,90.41491343180338,90.14150644938152,89.87201944986981,89.62147827148438,85.03889973958333,84.85793520609538,84.69640630086263,84.5407606760661,84.37224871317545,810100.0,763920.0,717500.0,762860.0,811080.0,821670.0,823700.0,806150.0,875300.0,928570.0,951435.0,940145.0,950970.0,961095.0,979260.0,990023.3333333335,1008783.3333333335,1019486.6666666665,1038863.3333333335,1079543.333333333,1308150.0,1305535.0,1305416.666666667,1323123.333333333,1336723.333333333,0
2019-03-18,93.56593426184948,93.97850666148868,93.35964806202988,93.74275207519531,817200,1,92.86817779541016,92.39676132202149,92.29089584350588,91.1097183227539,85.48086713155111,1033940.0,898400.0,962730.0,995076.6666666665,1297100.0,93.50698852539062,92.42903900146484,92.54664611816406,92.11546325683594,92.08606719970705,92.5368408203125,92.03510437011718,91.85087280273436,91.77443389892578,91.92534484863282,92.2800895690918,92.24971084594726,92.21541366577148,92.1918930053711,92.2124702453613,92.14534454345706,91.936124420166,91.81559104919434,91.67545776367187,91.48338737487794,90.85948486328122,90.614496866862,90.41491343180338,90.14150644938152,89.87201944986981,85.24926249186198,85.03889973958333,84.85793520609538,84.69640630086263,84.5407606760661,989700.0,810100.0,763920.0,717500.0,762860.0,900390.0,821670.0,823700.0,806150.0,875300.0,983260.0,951435.0,940145.0,950970.0,961095.0,1007916.6666666665,990023.3333333335,1008783.3333333335,1019486.6666666665,1038863.3333333335,1310393.333333333,1308150.0,1305535.0,1305416.666666667,1323123.333333333,0
2019-03-19,93.93920439496452,94.5286020485796,93.68380673920065,94.01779174804688,1258700,0,93.24864349365234,92.51153869628908,92.46097869873049,91.35246073404949,85.74710782368976,1160340.0,938920.0,978865.0,998096.6666666665,1286515.0,93.74275207519531,93.50698852539062,92.42903900146484,92.54664611816406,92.11546325683594,92.86817779541016,92.5368408203125,92.03510437011718,91.85087280273436,91.77443389892578,92.39676132202149,92.2800895690918,92.24971084594726,92.21541366577148,92.1918930053711,92.29089584350588,92.14534454345706,91.936124420166,91.81559104919434,91.67545776367187,91.1097183227539,90.85948486328122,90.614496866862,90.41491343180338,90.14150644938152,85.48086713155111,85.24926249186198,85.03889973958333,84.85793520609538,84.69640630086263,1033940.0,989700.0,810100.0,763920.0,717500.0,898400.0,900390.0,821670.0,823700.0,806150.0,962730.0,983260.0,951435.0,940145.0,950970.0,995076.6666666665,1007916.6666666665,990023.3333333335,1008783.3333333335,1019486.6666666665,1297100.0,1310393.333333333,1308150.0,1305535.0,1305416.666666667,0
2019-03-20,94.0963889735733,94.17497633490092,92.77025910280894,93.52664184570312,1236000,1,93.44464263916015,92.64775772094728,92.55701675415041,91.53604049682615,86.03358103434246,1234100.0,999010.0,983415.0,996206.6666666665,1273880.0,94.01779174804688,93.74275207519531,93.50698852539062,92.42903900146484,92.54664611816406,93.24864349365234,92.86817779541016,92.5368408203125,92.03510437011718,91.85087280273436,92.51153869628908,92.39676132202149,92.2800895690918,92.24971084594726,92.21541366577148,92.46097869873049,92.29089584350588,92.14534454345706,91.936124420166,91.81559104919434,91.35246073404949,91.1097183227539,90.85948486328122,90.614496866862,90.41491343180338,85.74710782368976,85.48086713155111,85.24926249186198,85.03889973958333,84.85793520609538,1160340.0,1033940.0,989700.0,810100.0,763920.0,938920.0,898400.0,900390.0,821670.0,823700.0,978865.0,962730.0,983260.0,951435.0,940145.0,998096.6666666665,995076.6666666665,1007916.6666666665,990023.3333333335,1008783.3333333335,1286515.0,1297100.0,1310393.333333333,1308150.0,1305535.0,0
2019-03-21,93.42840767580805,95.2849909199457,93.23194677480521,94.85276794433594,747100,0,93.92938842773438,92.98224639892578,92.72671089172363,91.76415125528973,86.35244585673014,1178780.0,994440.0,962075.0,983993.3333333335,1217366.666666667,93.52664184570312,94.01779174804688,93.74275207519531,93.50698852539062,92.42903900146484,93.44464263916015,93.24864349365234,92.86817779541016,92.5368408203125,92.03510437011718,92.64775772094728,92.51153869628908,92.39676132202149,92.2800895690918,92.24971084594726,92.55701675415041,92.46097869873049,92.29089584350588,92.14534454345706,91.936124420166,91.53604049682615,91.35246073404949,91.1097183227539,90.85948486328122,90.614496866862,86.03358103434246,85.74710782368976,85.48086713155111,85.24926249186198,85.03889973958333,1234100.0,1160340.0,1033940.0,989700.0,810100.0,999010.0,938920.0,898400.0,900390.0,821670.0,983415.0,978865.0,962730.0,983260.0,951435.0,996206.6666666665,998096.6666666665,995076.6666666665,1007916.6666666665,990023.3333333335,1273880.0,1286515.0,1297100.0,1310393.333333333,1308150.0,0
2019-03-22,94.10620140870148,94.45001169940245,92.81935789993182,92.86847686767578,894200,0,93.8016860961914,93.16926345825195,92.74770317077636,91.92448527018229,86.66469777425131,990640.0,990170.0,959370.0,982896.6666666665,1218566.666666667,94.85276794433594,93.52664184570312,94.01779174804688,93.74275207519531,93.50698852539062,93.92938842773438,93.44464263916015,93.24864349365234,92.86817779541016,92.5368408203125,92.98224639892578,92.64775772094728,92.51153869628908,92.39676132202149,92.2800895690918,92.72671089172363,92.55701675415041,92.46097869873049,92.29089584350588,92.14534454345706,91.76415125528973,91.53604049682615,91.35246073404949,91.1097183227539,90.85948486328122,86.35244585673014,86.03358103434246,85.74710782368976,85.48086713155111,85.24926249186198,1178780.0,1234100.0,1160340.0,1033940.0,989700.0,994440.0,999010.0,938920.0,898400.0,900390.0,962075.0,983415.0,978865.0,962730.0,983260.0,983993.3333333335,996206.6666666665,998096.6666666665,995076.6666666665,1007916.6666666665,1217366.666666667,1273880.0,1286515.0,1297100.0,1310393.333333333,0
2019-03-25,92.72112534207425,93.25157870468901,92.19067197945944,92.51483917236328,692100,1,93.556103515625,93.21214065551756,92.71230545043946,92.0596384684245,86.91879208882648,965620.0,999780.0,937540.0,973990.0,1208291.666666667,92.86847686767578,94.85276794433594,93.52664184570312,94.01779174804688,93.74275207519531,93.8016860961914,93.92938842773438,93.44464263916015,93.24864349365234,92.86817779541016,93.16926345825195,92.98224639892578,92.64775772094728,92.51153869628908,92.39676132202149,92.74770317077636,92.72671089172363,92.55701675415041,92.46097869873049,92.29089584350588,91.92448527018229,91.76415125528973,91.53604049682615,91.35246073404949,91.1097183227539,86.66469777425131,86.35244585673014,86.03358103434246,85.74710782368976,85.48086713155111,990640.0,1178780.0,1234100.0,1160340.0,1033940.0,990170.0,994440.0,999010.0,938920.0,898400.0,959370.0,962075.0,983415.0,978865.0,962730.0,982896.6666666665,983993.3333333335,996206.6666666665,998096.6666666665,995076.6666666665,1218566.666666667,1217366.666666667,1273880.0,1286515.0,1297100.0,0
2019-03-26,93.33998828828669,93.34981358097866,92.36749415784807,92.82918548583984,595000,0,93.3183822631836,93.28351287841795,92.73770294189451,92.2114761352539,87.15248336791994,832880.0,996610.0,901380.0,966183.3333333335,1199410.0,92.51483917236328,92.86847686767578,94.85276794433594,93.52664184570312,94.01779174804688,93.556103515625,93.8016860961914,93.92938842773438,93.44464263916015,93.24864349365234,93.21214065551756,93.16926345825195,92.98224639892578,92.64775772094728,92.51153869628908,92.71230545043946,92.74770317077636,92.72671089172363,92.55701675415041,92.46097869873049,92.0596384684245,91.92448527018229,91.76415125528973,91.53604049682615,91.35246073404949,86.91879208882648,86.66469777425131,86.35244585673014,86.03358103434246,85.74710782368976,965620.0,990640.0,1178780.0,1234100.0,1160340.0,999780.0,990170.0,994440.0,999010.0,938920.0,937540.0,959370.0,962075.0,983415.0,978865.0,973990.0,982896.6666666665,983993.3333333335,996206.6666666665,998096.6666666665,1208291.666666667,1218566.666666667,1217366.666666667,1273880.0,1286515.0,0
2019-03-27,93.04530010824399,93.12388746343572,91.56199563063656,92.06298065185548,1121800,1,93.02565002441406,93.23514633178709,92.7252799987793,92.28877614339191,87.37258783976239,810040.0,1022070.0,922885.0,967453.3333333335,1203981.666666667,92.82918548583984,92.51483917236328,92.86847686767578,94.85276794433594,93.52664184570312,93.3183822631836,93.556103515625,93.8016860961914,93.92938842773438,93.44464263916015,93.28351287841795,93.21214065551756,93.16926345825195,92.98224639892578,92.64775772094728,92.73770294189451,92.71230545043946,92.74770317077636,92.72671089172363,92.55701675415041,92.2114761352539,92.0596384684245,91.92448527018229,91.76415125528973,91.53604049682615,87.15248336791994,86.91879208882648,86.66469777425131,86.35244585673014,86.03358103434246,832880.0,965620.0,990640.0,1178780.0,1234100.0,996610.0,999780.0,990170.0,994440.0,999010.0,901380.0,937540.0,959370.0,962075.0,983415.0,966183.3333333335,973990.0,982896.6666666665,983993.3333333335,996206.6666666665,1199410.0,1208291.666666667,1218566.666666667,1217366.666666667,1273880.0,0
2019-03-28,92.74079279585243,92.83902325246332,91.61112380856848,92.35768127441406,1046700,1,92.52663269042971,93.22801055908205,92.73886070251464,92.366753133138,87.58862113952637,869960.0,1024370.0,923020.0,975746.6666666665,1203855.0,92.06298065185548,92.82918548583984,92.51483917236328,92.86847686767578,94.85276794433594,93.02565002441406,93.3183822631836,93.556103515625,93.8016860961914,93.92938842773438,93.23514633178709,93.28351287841795,93.21214065551756,93.16926345825195,92.98224639892578,92.7252799987793,92.73770294189451,92.71230545043946,92.74770317077636,92.72671089172363,92.28877614339191,92.2114761352539,92.0596384684245,91.92448527018229,91.76415125528973,87.37258783976239,87.15248336791994,86.91879208882648,86.66469777425131,86.35244585673014,810040.0,832880.0,965620.0,990640.0,1178780.0,1022070.0,996610.0,999780.0,990170.0,994440.0,922885.0,901380.0,937540.0,959370.0,962075.0,967453.3333333335,966183.3333333335,973990.0,982896.6666666665,983993.3333333335,1203981.666666667,1199410.0,1208291.666666667,1218566.666666667,1217366.666666667,0
2019-03-29,92.99618533071524,93.08459798291805,92.33803306394022,92.77025604248048,1234800,1,92.50698852539062,93.15433731079102,92.7172134399414,92.48167546590167,87.83161964416504,938080.0,964360.0,932375.0,976960.0,1201261.666666667,92.35768127441406,92.06298065185548,92.82918548583984,92.51483917236328,92.86847686767578,92.52663269042971,93.02565002441406,93.3183822631836,93.556103515625,93.8016860961914,93.22801055908205,93.23514633178709,93.28351287841795,93.21214065551756,93.16926345825195,92.73886070251464,92.7252799987793,92.73770294189451,92.71230545043946,92.74770317077636,92.366753133138,92.28877614339191,92.2114761352539,92.0596384684245,91.92448527018229,87.58862113952637,87.37258783976239,87.15248336791994,86.91879208882648,86.66469777425131,869960.0,810040.0,832880.0,965620.0,990640.0,1024370.0,1022070.0,996610.0,999780.0,990170.0,923020.0,922885.0,901380.0,937540.0,959370.0,975746.6666666665,967453.3333333335,966183.3333333335,973990.0,982896.6666666665,1203855.0,1203981.666666667,1199410.0,1208291.666666667,1218566.666666667,0
2019-04-01,93.97850997091442,96.18872896831788,93.64452491977954,96.08067321777344,1784200,1,93.22015533447264,93.38812942504885,92.89244537353515,92.65664037068683,88.20688145955404,1156500.0,1061060.0,979730.0,995506.6666666665,1169646.666666667,92.77025604248048,92.35768127441406,92.06298065185548,92.82918548583984,92.51483917236328,92.50698852539062,92.52663269042971,93.02565002441406,93.3183822631836,93.556103515625,93.15433731079102,93.22801055908205,93.23514633178709,93.28351287841795,93.21214065551756,92.7172134399414,92.73886070251464,92.7252799987793,92.73770294189451,92.71230545043946,92.48167546590167,92.366753133138,92.28877614339191,92.2114761352539,92.0596384684245,87.83161964416504,87.58862113952637,87.37258783976239,87.15248336791994,86.91879208882648,938080.0,869960.0,810040.0,832880.0,965620.0,964360.0,1024370.0,1022070.0,996610.0,999780.0,932375.0,923020.0,922885.0,901380.0,937540.0,976960.0,975746.6666666665,967453.3333333335,966183.3333333335,973990.0,1201261.666666667,1203855.0,1203981.666666667,1199410.0,1208291.666666667,0
2019-04-02,96.26730106273884,98.11405883408486,96.26730106273884,97.99618530273438,2139800,1,94.25355529785156,93.78596878051758,93.14875373840331,92.90264205932615,88.57372690836588,1465460.0,1149170.0,1044045.0,1035633.3333333335,1149515.0,96.08067321777344,92.77025604248048,92.35768127441406,92.06298065185548,92.82918548583984,93.22015533447264,92.50698852539062,92.52663269042971,93.02565002441406,93.3183822631836,93.38812942504885,93.15433731079102,93.22801055908205,93.23514633178709,93.28351287841795,92.89244537353515,92.7172134399414,92.73886070251464,92.7252799987793,92.73770294189451,92.65664037068683,92.48167546590167,92.366753133138,92.28877614339191,92.2114761352539,88.20688145955404,87.83161964416504,87.58862113952637,87.37258783976239,87.15248336791994,1156500.0,938080.0,869960.0,810040.0,832880.0,1061060.0,964360.0,1024370.0,1022070.0,996610.0,979730.0,932375.0,923020.0,922885.0,901380.0,995506.6666666665,976960.0,975746.6666666665,967453.3333333335,966183.3333333335,1169646.666666667,1201261.666666667,1203855.0,1203981.666666667,1199410.0,0
2019-04-03,98.2319565798842,99.48932442498615,98.2319565798842,99.13568878173828,1771100,1,95.66809692382813,94.3468734741211,93.49731559753418,93.15363566080731,88.9500914255778,1595320.0,1202680.0,1100845.0,1056503.333333333,1159345.0,97.99618530273438,96.08067321777344,92.77025604248048,92.35768127441406,92.06298065185548,94.25355529785156,93.22015533447264,92.50698852539062,92.52663269042971,93.02565002441406,93.78596878051758,93.38812942504885,93.15433731079102,93.22801055908205,93.23514633178709,93.14875373840331,92.89244537353515,92.7172134399414,92.73886070251464,92.7252799987793,92.90264205932615,92.65664037068683,92.48167546590167,92.366753133138,92.28877614339191,88.57372690836588,88.20688145955404,87.83161964416504,87.58862113952637,87.37258783976239,1465460.0,1156500.0,938080.0,869960.0,810040.0,1149170.0,1061060.0,964360.0,1024370.0,1022070.0,1044045.0,979730.0,932375.0,923020.0,922885.0,1035633.3333333335,995506.6666666665,976960.0,975746.6666666665,967453.3333333335,1149515.0,1169646.666666667,1201261.666666667,1203855.0,1203981.666666667,0
2019-04-04,99.13567936388573,100.72703960732252,99.0079805304845,99.91171264648438,1463500,1,97.17890319824218,94.85276794433594,93.91750717163086,93.43539657592774,89.32273025512696,1678680.0,1274320.0,1134380.0,1066156.666666667,1153206.666666667,99.13568878173828,97.99618530273438,96.08067321777344,92.77025604248048,92.35768127441406,95.66809692382813,94.25355529785156,93.22015533447264,92.50698852539062,92.52663269042971,94.3468734741211,93.78596878051758,93.38812942504885,93.15433731079102,93.22801055908205,93.49731559753418,93.14875373840331,92.89244537353515,92.7172134399414,92.73886070251464,93.15363566080731,92.90264205932615,92.65664037068683,92.48167546590167,92.366753133138,88.9500914255778,88.57372690836588,88.20688145955404,87.83161964416504,87.58862113952637,1595320.0,1465460.0,1156500.0,938080.0,869960.0,1202680.0,1149170.0,1061060.0,964360.0,1024370.0,1100845.0,1044045.0,979730.0,932375.0,923020.0,1056503.333333333,1035633.3333333335,995506.6666666665,976960.0,975746.6666666665,1159345.0,1149515.0,1169646.666666667,1201261.666666667,1203855.0,0
2019-04-05,100.26534251559582,100.89402634242771,100.08852472089295,100.88420104980469,1007600,1,98.80169219970705,95.65434036254881,94.41180191040037,93.71658223470051,89.68969179789225,1633240.0,1285660.0,1137915.0,1068133.333333333,1151465.0,99.91171264648438,99.13568878173828,97.99618530273438,96.08067321777344,92.77025604248048,97.17890319824218,95.66809692382813,94.25355529785156,93.22015533447264,92.50698852539062,94.85276794433594,94.3468734741211,93.78596878051758,93.38812942504885,93.15433731079102,93.91750717163086,93.49731559753418,93.14875373840331,92.89244537353515,92.7172134399414,93.43539657592774,93.15363566080731,92.90264205932615,92.65664037068683,92.48167546590167,89.32273025512696,88.9500914255778,88.57372690836588,88.20688145955404,87.83161964416504,1678680.0,1595320.0,1465460.0,1156500.0,938080.0,1274320.0,1202680.0,1149170.0,1061060.0,964360.0,1134380.0,1100845.0,1044045.0,979730.0,932375.0,1066156.666666667,1056503.333333333,1035633.3333333335,995506.6666666665,976960.0,1153206.666666667,1159345.0,1149515.0,1169646.666666667,1201261.666666667,0
2019-04-08,100.71721294519352,100.9922611946287,99.8822429038359,100.97261810302734,759400,0,99.78008117675782,96.50011825561523,94.8561294555664,93.97490971883137,90.03624140421549,1428280.0,1292390.0,1146085.0,1055823.333333333,1144376.666666667,100.88420104980469,99.91171264648438,99.13568878173828,97.99618530273438,96.08067321777344,98.80169219970705,97.17890319824218,95.66809692382813,94.25355529785156,93.22015533447264,95.65434036254881,94.85276794433594,94.3468734741211,93.78596878051758,93.38812942504885,94.41180191040037,93.91750717163086,93.49731559753418,93.14875373840331,92.89244537353515,93.71658223470051,93.43539657592774,93.15363566080731,92.90264205932615,92.65664037068683,89.68969179789225,89.32273025512696,88.9500914255778,88.57372690836588,88.20688145955404,1633240.0,1678680.0,1595320.0,1465460.0,1156500.0,1285660.0,1274320.0,1202680.0,1149170.0,1061060.0,1137915.0,1134380.0,1100845.0,1044045.0,979730.0,1068133.333333333,1066156.666666667,1056503.333333333,1035633.3333333335,995506.6666666665,1151465.0,1153206.666666667,1159345.0,1149515.0,1169646.666666667,0
2019-04-09,100.45199231285784,100.61898482609236,99.46967283100378,99.63666534423828,798500,1,100.1081771850586,97.18086624145508,95.23218955993653,94.21875737508137,90.36575152079264,1160020.0,1312740.0,1154675.0,1038500.0,1146151.666666667,100.97261810302734,100.88420104980469,99.91171264648438,99.13568878173828,97.99618530273438,99.78008117675782,98.80169219970705,97.17890319824218,95.66809692382813,94.25355529785156,96.50011825561523,95.65434036254881,94.85276794433594,94.3468734741211,93.78596878051758,94.8561294555664,94.41180191040037,93.91750717163086,93.49731559753418,93.14875373840331,93.97490971883137,93.71658223470051,93.43539657592774,93.15363566080731,92.90264205932615,90.03624140421549,89.68969179789225,89.32273025512696,88.9500914255778,88.57372690836588,1428280.0,1633240.0,1678680.0,1595320.0,1465460.0,1292390.0,1285660.0,1274320.0,1202680.0,1149170.0,1146085.0,1137915.0,1134380.0,1100845.0,1044045.0,1055823.333333333,1068133.333333333,1066156.666666667,1056503.333333333,1035633.3333333335,1144376.666666667,1151465.0,1153206.666666667,1159345.0,1149515.0,0
2019-04-10,99.79383005982372,100.08852889478551,99.39108297951219,100.06888580322266,606400,1,100.29481658935545,97.9814567565918,95.60830154418946,94.47733891805014,90.7103048960368,927080.0,1261200.0,1141635.0,1035656.6666666665,1140841.666666667,99.63666534423828,100.97261810302734,100.88420104980469,99.91171264648438,99.13568878173828,100.1081771850586,99.78008117675782,98.80169219970705,97.17890319824218,95.66809692382813,97.18086624145508,96.50011825561523,95.65434036254881,94.85276794433594,94.3468734741211,95.23218955993653,94.8561294555664,94.41180191040037,93.91750717163086,93.49731559753418,94.21875737508137,93.97490971883137,93.71658223470051,93.43539657592774,93.15363566080731,90.36575152079264,90.03624140421549,89.68969179789225,89.32273025512696,88.9500914255778,1160020.0,1428280.0,1633240.0,1678680.0,1595320.0,1312740.0,1292390.0,1285660.0,1274320.0,1202680.0,1154675.0,1146085.0,1137915.0,1134380.0,1100845.0,1038500.0,1055823.333333333,1068133.333333333,1066156.666666667,1056503.333333333,1146151.666666667,1144376.666666667,1151465.0,1153206.666666667,1159345.0,0
2019-04-11,100.19658678732952,101.14943788040793,99.53843453554441,101.1003189086914,686800,1,100.53253784179688,98.85572052001952,96.04186553955078,94.77781397501629,91.07057889302573,771740.0,1225210.0,1124790.0,1023750.0,1138385.0,100.06888580322266,99.63666534423828,100.97261810302734,100.88420104980469,99.91171264648438,100.29481658935545,100.1081771850586,99.78008117675782,98.80169219970705,97.17890319824218,97.9814567565918,97.18086624145508,96.50011825561523,95.65434036254881,94.85276794433594,95.60830154418946,95.23218955993653,94.8561294555664,94.41180191040037,93.91750717163086,94.47733891805014,94.21875737508137,93.97490971883137,93.71658223470051,93.43539657592774,90.7103048960368,90.36575152079264,90.03624140421549,89.68969179789225,89.32273025512696,927080.0,1160020.0,1428280.0,1633240.0,1678680.0,1261200.0,1312740.0,1292390.0,1285660.0,1274320.0,1141635.0,1154675.0,1146085.0,1137915.0,1134380.0,1035656.6666666665,1038500.0,1055823.333333333,1068133.333333333,1066156.666666667,1140841.666666667,1146151.666666667,1144376.666666667,1151465.0,1153206.666666667,0
2019-04-12,101.19855059145823,102.00405227371084,101.19855059145823,101.95494079589844,541300,1,100.74668579101562,99.77418899536131,96.46426315307615,95.06953862508136,91.4411767323812,678480.0,1155860.0,1060110.0,1006870.0,1132885.0,101.1003189086914,100.06888580322266,99.63666534423828,100.97261810302734,100.88420104980469,100.53253784179688,100.29481658935545,100.1081771850586,99.78008117675782,98.80169219970705,98.85572052001952,97.9814567565918,97.18086624145508,96.50011825561523,95.65434036254881,96.04186553955078,95.60830154418946,95.23218955993653,94.8561294555664,94.41180191040037,94.77781397501629,94.47733891805014,94.21875737508137,93.97490971883137,93.71658223470051,91.07057889302573,90.7103048960368,90.36575152079264,90.03624140421549,89.68969179789225,771740.0,927080.0,1160020.0,1428280.0,1633240.0,1225210.0,1261200.0,1312740.0,1292390.0,1285660.0,1124790.0,1141635.0,1154675.0,1146085.0,1137915.0,1023750.0,1035656.6666666665,1038500.0,1055823.333333333,1068133.333333333,1138385.0,1140841.666666667,1146151.666666667,1144376.666666667,1151465.0,0
2019-04-15,101.95494642433219,102.3576935404407,101.30661192759209,102.0531768798828,869000,0,100.96279754638672,100.37143936157229,96.87978439331054,95.38544336954752,91.80557225545247,700400.0,1064340.0,1062700.0,1007933.3333333335,1134185.0,101.95494079589844,101.1003189086914,100.06888580322266,99.63666534423828,100.97261810302734,100.74668579101562,100.53253784179688,100.29481658935545,100.1081771850586,99.78008117675782,99.77418899536131,98.85572052001952,97.9814567565918,97.18086624145508,96.50011825561523,96.46426315307615,96.04186553955078,95.60830154418946,95.23218955993653,94.8561294555664,95.06953862508136,94.77781397501629,94.47733891805014,94.21875737508137,93.97490971883137,91.4411767323812,91.07057889302573,90.7103048960368,90.36575152079264,90.03624140421549,678480.0,771740.0,927080.0,1160020.0,1428280.0,1155860.0,1225210.0,1261200.0,1312740.0,1292390.0,1060110.0,1124790.0,1141635.0,1154675.0,1146085.0,1006870.0,1023750.0,1035656.6666666665,1038500.0,1055823.333333333,1132885.0,1138385.0,1140841.666666667,1146151.666666667,1144376.666666667,0
2019-04-16,102.2594524094074,102.67202477635107,101.56200650495424,101.74864959716795,1043200,1,101.38519439697264,100.74668579101562,97.26632728576661,95.68139775594076,92.15411287943522,749340.0,954680.0,1051925.0,1014256.6666666665,1120516.666666667,102.0531768798828,101.95494079589844,101.1003189086914,100.06888580322266,99.63666534423828,100.96279754638672,100.74668579101562,100.53253784179688,100.29481658935545,100.1081771850586,100.37143936157229,99.77418899536131,98.85572052001952,97.9814567565918,97.18086624145508,96.87978439331054,96.46426315307615,96.04186553955078,95.60830154418946,95.23218955993653,95.38544336954752,95.06953862508136,94.77781397501629,94.47733891805014,94.21875737508137,91.80557225545247,91.4411767323812,91.07057889302573,90.7103048960368,90.36575152079264,700400.0,678480.0,771740.0,927080.0,1160020.0,1064340.0,1155860.0,1225210.0,1261200.0,1312740.0,1062700.0,1060110.0,1124790.0,1141635.0,1154675.0,1007933.3333333335,1006870.0,1023750.0,1035656.6666666665,1038500.0,1134185.0,1132885.0,1138385.0,1140841.666666667,1146151.666666667,0
2019-04-17,102.43628026626315,103.14355153303879,101.90582681618143,102.1612319946289,1111700,1,101.80366363525393,101.04924011230469,97.69805679321287,96.01462376912436,92.53108876546223,850400.0,888740.0,1045710.0,1030143.3333333335,1110291.666666667,101.74864959716795,102.0531768798828,101.95494079589844,101.1003189086914,100.06888580322266,101.38519439697264,100.96279754638672,100.74668579101562,100.53253784179688,100.29481658935545,100.74668579101562,100.37143936157229,99.77418899536131,98.85572052001952,97.9814567565918,97.26632728576661,96.87978439331054,96.46426315307615,96.04186553955078,95.60830154418946,95.68139775594076,95.38544336954752,95.06953862508136,94.77781397501629,94.47733891805014,92.15411287943522,91.80557225545247,91.4411767323812,91.07057889302573,90.7103048960368,749340.0,700400.0,678480.0,771740.0,927080.0,954680.0,1064340.0,1155860.0,1225210.0,1261200.0,1051925.0,1062700.0,1060110.0,1124790.0,1141635.0,1014256.6666666665,1007933.3333333335,1006870.0,1023750.0,1035656.6666666665,1120516.666666667,1134185.0,1132885.0,1138385.0,1140841.666666667,0
2019-04-18,102.36751002473132,102.81937607697985,102.10228706811908,102.7211456298828,935100,0,102.12782897949221,101.33018341064455,98.09147567749024,96.38839925130208,92.88015836079916,900060.0,835900.0,1055110.0,1034886.6666666665,1078966.666666667,102.1612319946289,101.74864959716795,102.0531768798828,101.95494079589844,101.1003189086914,101.80366363525393,101.38519439697264,100.96279754638672,100.74668579101562,100.53253784179688,101.04924011230469,100.74668579101562,100.37143936157229,99.77418899536131,98.85572052001952,97.69805679321287,97.26632728576661,96.87978439331054,96.46426315307615,96.04186553955078,96.01462376912436,95.68139775594076,95.38544336954752,95.06953862508136,94.77781397501629,92.53108876546223,92.15411287943522,91.80557225545247,91.4411767323812,91.07057889302573,850400.0,749340.0,700400.0,678480.0,771740.0,888740.0,954680.0,1064340.0,1155860.0,1225210.0,1045710.0,1051925.0,1062700.0,1060110.0,1124790.0,1030143.3333333335,1014256.6666666665,1007933.3333333335,1006870.0,1023750.0,1110291.666666667,1120516.666666667,1134185.0,1132885.0,1138385.0,0
2019-04-22,102.22998979324107,102.67203056926384,101.9156478538575,102.07282257080078,741900,1,102.15140533447266,101.44904556274416,98.55169296264648,96.75754979451496,93.18951403299968,940180.0,809330.0,1047495.0,1028386.6666666665,1053965.0,102.7211456298828,102.1612319946289,101.74864959716795,102.0531768798828,101.95494079589844,102.12782897949221,101.80366363525393,101.38519439697264,100.96279754638672,100.74668579101562,101.33018341064455,101.04924011230469,100.74668579101562,100.37143936157229,99.77418899536131,98.09147567749024,97.69805679321287,97.26632728576661,96.87978439331054,96.46426315307615,96.38839925130208,96.01462376912436,95.68139775594076,95.38544336954752,95.06953862508136,92.88015836079916,92.53108876546223,92.15411287943522,91.80557225545247,91.4411767323812,900060.0,850400.0,749340.0,700400.0,678480.0,835900.0,888740.0,954680.0,1064340.0,1155860.0,1055110.0,1045710.0,1051925.0,1062700.0,1060110.0,1034886.6666666665,1030143.3333333335,1014256.6666666665,1007933.3333333335,1006870.0,1078966.666666667,1110291.666666667,1120516.666666667,1134185.0,1132885.0,0
2019-04-23,102.23981953882627,103.64453678103922,102.06300172181685,103.51683044433594,1250300,0,102.44413604736329,101.703466796875,99.10179252624512,97.1385752360026,93.50529734293622,1016440.0,858420.0,1075405.0,1050196.666666667,1044530.0,102.07282257080078,102.7211456298828,102.1612319946289,101.74864959716795,102.0531768798828,102.15140533447266,102.12782897949221,101.80366363525393,101.38519439697264,100.96279754638672,101.44904556274416,101.33018341064455,101.04924011230469,100.74668579101562,100.37143936157229,98.55169296264648,98.09147567749024,97.69805679321287,97.26632728576661,96.87978439331054,96.75754979451496,96.38839925130208,96.01462376912436,95.68139775594076,95.38544336954752,93.18951403299968,92.88015836079916,92.53108876546223,92.15411287943522,91.80557225545247,940180.0,900060.0,850400.0,749340.0,700400.0,809330.0,835900.0,888740.0,954680.0,1064340.0,1047495.0,1055110.0,1045710.0,1051925.0,1062700.0,1028386.6666666665,1034886.6666666665,1030143.3333333335,1014256.6666666665,1007933.3333333335,1053965.0,1078966.666666667,1110291.666666667,1120516.666666667,1134185.0,0
2019-04-24,93.41858108576305,101.89600299797199,92.82919089643231,100.70738983154295,3577900,0,102.23588409423829,101.81053924560548,99.49570274353027,97.42497278849285,93.78323961893715,1523380.0,1136360.0,1224550.0,1148570.0,1084028.333333333,103.51683044433594,102.07282257080078,102.7211456298828,102.1612319946289,101.74864959716795,102.44413604736329,102.15140533447266,102.12782897949221,101.80366363525393,101.38519439697264,101.703466796875,101.44904556274416,101.33018341064455,101.04924011230469,100.74668579101562,99.10179252624512,98.55169296264648,98.09147567749024,97.69805679321287,97.26632728576661,97.1385752360026,96.75754979451496,96.38839925130208,96.01462376912436,95.68139775594076,93.50529734293622,93.18951403299968,92.88015836079916,92.53108876546223,92.15411287943522,1016440.0,940180.0,900060.0,850400.0,749340.0,858420.0,809330.0,835900.0,888740.0,954680.0,1075405.0,1047495.0,1055110.0,1045710.0,1051925.0,1050196.666666667,1028386.6666666665,1034886.6666666665,1030143.3333333335,1014256.6666666665,1044530.0,1053965.0,1078966.666666667,1110291.666666667,1120516.666666667,0
2019-04-25,100.50110422639824,100.50110422639824,98.18282963960169,98.8508071899414,1558700,0,101.57379913330078,101.68873138427736,99.83509407043456,97.63511149088544,94.02501246134442,1612780.0,1231590.0,1246395.0,1171620.0,1090201.666666667,100.70738983154295,103.51683044433594,102.07282257080078,102.7211456298828,102.1612319946289,102.23588409423829,102.44413604736329,102.15140533447266,102.12782897949221,101.80366363525393,101.81053924560548,101.703466796875,101.44904556274416,101.33018341064455,101.04924011230469,99.49570274353027,99.10179252624512,98.55169296264648,98.09147567749024,97.69805679321287,97.42497278849285,97.1385752360026,96.75754979451496,96.38839925130208,96.01462376912436,93.78323961893715,93.50529734293622,93.18951403299968,92.88015836079916,92.53108876546223,1523380.0,1016440.0,940180.0,900060.0,850400.0,1136360.0,858420.0,809330.0,835900.0,888740.0,1224550.0,1075405.0,1047495.0,1055110.0,1045710.0,1148570.0,1050196.666666667,1028386.6666666665,1034886.6666666665,1030143.3333333335,1084028.333333333,1044530.0,1053965.0,1078966.666666667,1110291.666666667,0
2019-04-26,98.74274770163521,98.74274770163521,97.56396736080654,98.20247650146484,2012000,0,100.67006530761721,101.39894714355471,100.12733383178713,97.82755940755207,94.22102813720706,1828160.0,1364110.0,1294660.0,1204563.333333333,1097293.333333333,98.8508071899414,100.70738983154295,103.51683044433594,102.07282257080078,102.7211456298828,101.57379913330078,102.23588409423829,102.44413604736329,102.15140533447266,102.12782897949221,101.68873138427736,101.81053924560548,101.703466796875,101.44904556274416,101.33018341064455,99.83509407043456,99.49570274353027,99.10179252624512,98.55169296264648,98.09147567749024,97.63511149088544,97.42497278849285,97.1385752360026,96.75754979451496,96.38839925130208,94.02501246134442,93.78323961893715,93.50529734293622,93.18951403299968,92.88015836079916,1612780.0,1523380.0,1016440.0,940180.0,900060.0,1231590.0,1136360.0,858420.0,809330.0,835900.0,1246395.0,1224550.0,1075405.0,1047495.0,1055110.0,1171620.0,1148570.0,1050196.666666667,1028386.6666666665,1034886.6666666665,1090201.666666667,1084028.333333333,1044530.0,1053965.0,1078966.666666667,0
2019-04-29,98.20248187150058,98.69364162278791,97.05316985216908,97.1710433959961,1694200,1,99.68970947265623,100.92055740356446,100.34737319946291,97.94969456990559,94.40458971659342,2018620.0,1479400.0,1317630.0,1199873.333333333,1103895.0,98.20247650146484,98.8508071899414,100.70738983154295,103.51683044433594,102.07282257080078,100.67006530761721,101.57379913330078,102.23588409423829,102.44413604736329,102.15140533447266,101.39894714355471,101.68873138427736,101.81053924560548,101.703466796875,101.44904556274416,100.12733383178713,99.83509407043456,99.49570274353027,99.10179252624512,98.55169296264648,97.82755940755207,97.63511149088544,97.42497278849285,97.1385752360026,96.75754979451496,94.22102813720706,94.02501246134442,93.78323961893715,93.50529734293622,93.18951403299968,1828160.0,1612780.0,1523380.0,1016440.0,940180.0,1364110.0,1231590.0,1136360.0,858420.0,809330.0,1294660.0,1246395.0,1224550.0,1075405.0,1047495.0,1204563.333333333,1171620.0,1148570.0,1050196.666666667,1028386.6666666665,1097293.333333333,1090201.666666667,1084028.333333333,1044530.0,1053965.0,0
2019-04-30,96.8370594669734,97.9470778195221,96.45395545616002,97.79972839355469,1724000,1,98.5462890625,100.49521255493164,100.43332595825196,98.08492711385092,94.59732271830241,2113360.0,1564900.0,1314620.0,1230100.0,1112588.333333333,97.1710433959961,98.20247650146484,98.8508071899414,100.70738983154295,103.51683044433594,99.68970947265623,100.67006530761721,101.57379913330078,102.23588409423829,102.44413604736329,100.92055740356446,101.39894714355471,101.68873138427736,101.81053924560548,101.703466796875,100.34737319946291,100.12733383178713,99.83509407043456,99.49570274353027,99.10179252624512,97.94969456990559,97.82755940755207,97.63511149088544,97.42497278849285,97.1385752360026,94.40458971659342,94.22102813720706,94.02501246134442,93.78323961893715,93.50529734293622,2018620.0,1828160.0,1612780.0,1523380.0,1016440.0,1479400.0,1364110.0,1231590.0,1136360.0,858420.0,1317630.0,1294660.0,1246395.0,1224550.0,1075405.0,1199873.333333333,1204563.333333333,1171620.0,1148570.0,1050196.666666667,1103895.0,1097293.333333333,1090201.666666667,1084028.333333333,1044530.0,0
2019-05-01,98.74274863546093,98.96868540841619,97.74078608573113,98.15335845947266,1837400,0,98.03548278808594,100.13568344116213,100.44118461608886,98.2227793375651,94.78762003580731,1765260.0,1644320.0,1299500.0,1249390.0,1123743.333333333,97.79972839355469,97.1710433959961,98.20247650146484,98.8508071899414,100.70738983154295,98.5462890625,99.68970947265623,100.67006530761721,101.57379913330078,102.23588409423829,100.49521255493164,100.92055740356446,101.39894714355471,101.68873138427736,101.81053924560548,100.43332595825196,100.34737319946291,100.12733383178713,99.83509407043456,99.49570274353027,98.08492711385092,97.94969456990559,97.82755940755207,97.63511149088544,97.42497278849285,94.59732271830241,94.40458971659342,94.22102813720706,94.02501246134442,93.78323961893715,2113360.0,2018620.0,1828160.0,1612780.0,1523380.0,1564900.0,1479400.0,1364110.0,1231590.0,1136360.0,1314620.0,1317630.0,1294660.0,1246395.0,1224550.0,1230100.0,1199873.333333333,1204563.333333333,1171620.0,1148570.0,1112588.333333333,1103895.0,1097293.333333333,1090201.666666667,1084028.333333333,0
2019-05-02,98.33017943641673,98.37929840871105,97.22998640425169,97.38715362548828,1050300,1,97.74275207519531,99.65827560424805,100.35375785827637,98.35146306355793,94.94375178019207,1663580.0,1638180.0,1263460.0,1243200.0,1119703.333333333,98.15335845947266,97.79972839355469,97.1710433959961,98.20247650146484,98.8508071899414,98.03548278808594,98.5462890625,99.68970947265623,100.67006530761721,101.57379913330078,100.13568344116213,100.49521255493164,100.92055740356446,101.39894714355471,101.68873138427736,100.44118461608886,100.43332595825196,100.34737319946291,100.12733383178713,99.83509407043456,98.2227793375651,98.08492711385092,97.94969456990559,97.82755940755207,97.63511149088544,94.78762003580731,94.59732271830241,94.40458971659342,94.22102813720706,94.02501246134442,1765260.0,2113360.0,2018620.0,1828160.0,1612780.0,1644320.0,1564900.0,1479400.0,1364110.0,1231590.0,1299500.0,1314620.0,1317630.0,1294660.0,1246395.0,1249390.0,1230100.0,1199873.333333333,1204563.333333333,1171620.0,1123743.333333333,1112588.333333333,1103895.0,1097293.333333333,1090201.666666667,0
2019-05-03,98.00601343612702,98.50699848070585,97.82919562595232,98.24177551269531,1138400,0,97.7506118774414,99.2103385925293,100.27026100158692,98.46442998250326,95.11429061889649,1488860.0,1658510.0,1247205.0,1256243.333333333,1120118.333333333,97.38715362548828,98.15335845947266,97.79972839355469,97.1710433959961,98.20247650146484,97.74275207519531,98.03548278808594,98.5462890625,99.68970947265623,100.67006530761721,99.65827560424805,100.13568344116213,100.49521255493164,100.92055740356446,101.39894714355471,100.35375785827637,100.44118461608886,100.43332595825196,100.34737319946291,100.12733383178713,98.35146306355793,98.2227793375651,98.08492711385092,97.94969456990559,97.82755940755207,94.94375178019207,94.78762003580731,94.59732271830241,94.40458971659342,94.22102813720706,1663580.0,1765260.0,2113360.0,2018620.0,1828160.0,1638180.0,1644320.0,1564900.0,1479400.0,1364110.0,1263460.0,1299500.0,1314620.0,1317630.0,1294660.0,1243200.0,1249390.0,1230100.0,1199873.333333333,1204563.333333333,1119703.333333333,1123743.333333333,1112588.333333333,1103895.0,1097293.333333333,0
2019-05-06,96.11996767955486,97.13175562968121,94.8036630633332,96.65042114257812,2288300,0,97.64648742675782,98.66809844970705,100.05857200622559,98.59049479166669,95.25749003092449,1607680.0,1813150.0,1311240.0,1302713.333333333,1142805.0,98.24177551269531,97.38715362548828,98.15335845947266,97.79972839355469,97.1710433959961,97.7506118774414,97.74275207519531,98.03548278808594,98.5462890625,99.68970947265623,99.2103385925293,99.65827560424805,100.13568344116213,100.49521255493164,100.92055740356446,100.27026100158692,100.35375785827637,100.44118461608886,100.43332595825196,100.34737319946291,98.46442998250326,98.35146306355793,98.2227793375651,98.08492711385092,97.94969456990559,95.11429061889649,94.94375178019207,94.78762003580731,94.59732271830241,94.40458971659342,1488860.0,1663580.0,1765260.0,2113360.0,2018620.0,1658510.0,1638180.0,1644320.0,1564900.0,1479400.0,1247205.0,1263460.0,1299500.0,1314620.0,1317630.0,1256243.333333333,1243200.0,1249390.0,1230100.0,1199873.333333333,1120118.333333333,1119703.333333333,1123743.333333333,1112588.333333333,1103895.0,0
2019-05-07,95.44216522276564,96.11996057444037,94.01779746590708,94.5678939819336,2597300,0,97.0001205444336,97.7732048034668,99.7383358001709,98.65892995198568,95.35928421020508,1782340.0,1947850.0,1403135.0,1366220.0,1170105.0,96.65042114257812,98.24177551269531,97.38715362548828,98.15335845947266,97.79972839355469,97.64648742675782,97.7506118774414,97.74275207519531,98.03548278808594,98.5462890625,98.66809844970705,99.2103385925293,99.65827560424805,100.13568344116213,100.49521255493164,100.05857200622559,100.27026100158692,100.35375785827637,100.44118461608886,100.43332595825196,98.59049479166669,98.46442998250326,98.35146306355793,98.2227793375651,98.08492711385092,95.25749003092449,95.11429061889649,94.94375178019207,94.78762003580731,94.59732271830241,1607680.0,1488860.0,1663580.0,1765260.0,2113360.0,1813150.0,1658510.0,1638180.0,1644320.0,1564900.0,1311240.0,1247205.0,1263460.0,1299500.0,1314620.0,1302713.333333333,1256243.333333333,1243200.0,1249390.0,1230100.0,1142805.0,1120118.333333333,1119703.333333333,1123743.333333333,1112588.333333333,0
2019-05-08,94.40091226974022,94.5973806868767,92.81937711068448,92.89796447753906,3425500,0,95.94904174804688,96.99226226806641,99.40140075683594,98.66122258504231,95.43634936014813,2099960.0,1932610.0,1534485.0,1460570.0,1213376.666666667,94.5678939819336,96.65042114257812,98.24177551269531,97.38715362548828,98.15335845947266,97.0001205444336,97.64648742675782,97.7506118774414,97.74275207519531,98.03548278808594,97.7732048034668,98.66809844970705,99.2103385925293,99.65827560424805,100.13568344116213,99.7383358001709,100.05857200622559,100.27026100158692,100.35375785827637,100.44118461608886,98.65892995198568,98.59049479166669,98.46442998250326,98.35146306355793,98.2227793375651,95.35928421020508,95.25749003092449,95.11429061889649,94.94375178019207,94.78762003580731,1782340.0,1607680.0,1488860.0,1663580.0,1765260.0,1947850.0,1813150.0,1658510.0,1638180.0,1644320.0,1403135.0,1311240.0,1247205.0,1263460.0,1299500.0,1366220.0,1302713.333333333,1256243.333333333,1243200.0,1249390.0,1170105.0,1142805.0,1120118.333333333,1119703.333333333,1123743.333333333,0
2019-05-09,91.84685714845357,93.14351836135755,91.18870499751404,92.59342193603516,1703600,1,94.99029541015624,96.36652374267578,99.02762756347656,98.67890396118165,95.48384005228678,2230620.0,1947100.0,1589345.0,1479963.333333333,1223708.333333333,92.89796447753906,94.5678939819336,96.65042114257812,98.24177551269531,97.38715362548828,95.94904174804688,97.0001205444336,97.64648742675782,97.7506118774414,97.74275207519531,96.99226226806641,97.7732048034668,98.66809844970705,99.2103385925293,99.65827560424805,99.40140075683594,99.7383358001709,100.05857200622559,100.27026100158692,100.35375785827637,98.66122258504231,98.65892995198568,98.59049479166669,98.46442998250326,98.35146306355793,95.43634936014813,95.35928421020508,95.25749003092449,95.11429061889649,94.94375178019207,2099960.0,1782340.0,1607680.0,1488860.0,1663580.0,1932610.0,1947850.0,1813150.0,1658510.0,1638180.0,1534485.0,1403135.0,1311240.0,1247205.0,1263460.0,1460570.0,1366220.0,1302713.333333333,1256243.333333333,1243200.0,1213376.666666667,1170105.0,1142805.0,1120118.333333333,1119703.333333333,0
2019-05-10,92.07280914753548,93.42840734648377,91.12977584143768,93.04530334472656,1586200,0,93.9510009765625,95.85080642700196,98.62487678527832,98.70182469685871,95.53428891499836,2320180.0,1904520.0,1634315.0,1497946.666666667,1236846.666666667,92.59342193603516,92.89796447753906,94.5678939819336,96.65042114257812,98.24177551269531,94.99029541015624,95.94904174804688,97.0001205444336,97.64648742675782,97.7506118774414,96.36652374267578,96.99226226806641,97.7732048034668,98.66809844970705,99.2103385925293,99.02762756347656,99.40140075683594,99.7383358001709,100.05857200622559,100.27026100158692,98.67890396118165,98.66122258504231,98.65892995198568,98.59049479166669,98.46442998250326,95.48384005228678,95.43634936014813,95.35928421020508,95.25749003092449,95.11429061889649,2230620.0,2099960.0,1782340.0,1607680.0,1488860.0,1947100.0,1932610.0,1947850.0,1813150.0,1658510.0,1589345.0,1534485.0,1403135.0,1311240.0,1247205.0,1479963.333333333,1460570.0,1366220.0,1302713.333333333,1256243.333333333,1223708.333333333,1213376.666666667,1170105.0,1142805.0,1120118.333333333,0
2019-05-13,90.60914321401495,91.52270059467756,90.00010995657496,90.5305633544922,2098600,1,92.72702941894529,95.18675842285157,98.05365791320801,98.62716827392578,95.55442186991372,2282240.0,1944960.0,1712180.0,1526740.0,1251850.0,93.04530334472656,92.59342193603516,92.89796447753906,94.5678939819336,96.65042114257812,93.9510009765625,94.99029541015624,95.94904174804688,97.0001205444336,97.64648742675782,95.85080642700196,96.36652374267578,96.99226226806641,97.7732048034668,98.66809844970705,98.62487678527832,99.02762756347656,99.40140075683594,99.7383358001709,100.05857200622559,98.70182469685871,98.67890396118165,98.66122258504231,98.65892995198568,98.59049479166669,95.53428891499836,95.48384005228678,95.43634936014813,95.35928421020508,95.25749003092449,2320180.0,2230620.0,2099960.0,1782340.0,1607680.0,1904520.0,1947100.0,1932610.0,1947850.0,1813150.0,1634315.0,1589345.0,1534485.0,1403135.0,1311240.0,1497946.666666667,1479963.333333333,1460570.0,1366220.0,1302713.333333333,1236846.666666667,1223708.333333333,1213376.666666667,1170105.0,1142805.0,0
2019-05-14,90.89402010333865,91.68969648230505,90.59932875663023,90.6680908203125,1290000,1,91.94706878662107,94.47359466552734,97.48440361022949,98.44674886067708,95.55169461568195,2020780.0,1901560.0,1733230.0,1510266.666666667,1252886.666666667,90.5305633544922,93.04530334472656,92.59342193603516,92.89796447753906,94.5678939819336,92.72702941894529,93.9510009765625,94.99029541015624,95.94904174804688,97.0001205444336,95.18675842285157,95.85080642700196,96.36652374267578,96.99226226806641,97.7732048034668,98.05365791320801,98.62487678527832,99.02762756347656,99.40140075683594,99.7383358001709,98.62716827392578,98.70182469685871,98.67890396118165,98.66122258504231,98.65892995198568,95.55442186991372,95.53428891499836,95.48384005228678,95.43634936014813,95.35928421020508,2282240.0,2320180.0,2230620.0,2099960.0,1782340.0,1944960.0,1904520.0,1947100.0,1932610.0,1947850.0,1712180.0,1634315.0,1589345.0,1534485.0,1403135.0,1526740.0,1497946.666666667,1479963.333333333,1460570.0,1366220.0,1251850.0,1236846.666666667,1223708.333333333,1213376.666666667,1170105.0,0
2019-05-15,90.09834029670334,91.92545505589621,90.0197529427697,91.60128784179688,1114000,0,91.68773345947264,93.81838760375976,96.97703552246094,98.23358561197917,95.5681138356527,1558480.0,1829220.0,1736770.0,1476073.333333333,1255853.333333333,90.6680908203125,90.5305633544922,93.04530334472656,92.59342193603516,92.89796447753906,91.94706878662107,92.72702941894529,93.9510009765625,94.99029541015624,95.94904174804688,94.47359466552734,95.18675842285157,95.85080642700196,96.36652374267578,96.99226226806641,97.48440361022949,98.05365791320801,98.62487678527832,99.02762756347656,99.40140075683594,98.44674886067708,98.62716827392578,98.70182469685871,98.67890396118165,98.66122258504231,95.55169461568195,95.55442186991372,95.53428891499836,95.48384005228678,95.43634936014813,2020780.0,2282240.0,2320180.0,2230620.0,2099960.0,1901560.0,1944960.0,1904520.0,1947100.0,1932610.0,1733230.0,1712180.0,1634315.0,1589345.0,1534485.0,1510266.666666667,1526740.0,1497946.666666667,1479963.333333333,1460570.0,1252886.666666667,1251850.0,1236846.666666667,1223708.333333333,1213376.666666667,0
2019-05-16,91.53252609980505,92.6621949594056,91.24765256167952,91.43429565429688,1416400,0,91.455908203125,93.22310180664064,96.44068870544432,97.97687250773113,95.5652540842692,1501040.0,1865830.0,1752005.0,1464250.0,1260376.666666667,91.60128784179688,90.6680908203125,90.5305633544922,93.04530334472656,92.59342193603516,91.68773345947264,91.94706878662107,92.72702941894529,93.9510009765625,94.99029541015624,93.81838760375976,94.47359466552734,95.18675842285157,95.85080642700196,96.36652374267578,96.97703552246094,97.48440361022949,98.05365791320801,98.62487678527832,99.02762756347656,98.23358561197917,98.44674886067708,98.62716827392578,98.70182469685871,98.67890396118165,95.5681138356527,95.55169461568195,95.55442186991372,95.53428891499836,95.48384005228678,1558480.0,2020780.0,2282240.0,2320180.0,2230620.0,1829220.0,1901560.0,1944960.0,1904520.0,1947100.0,1736770.0,1733230.0,1712180.0,1634315.0,1589345.0,1476073.333333333,1510266.666666667,1526740.0,1497946.666666667,1479963.333333333,1255853.333333333,1252886.666666667,1251850.0,1236846.666666667,1223708.333333333,0
2019-05-17,90.40286153498563,90.78596553681952,89.81347133943373,90.00011444091797,2580500,0,90.84687042236328,92.39893569946291,95.8046371459961,97.6464859008789,95.54094123840332,1699900.0,2010040.0,1834275.0,1501483.333333333,1283820.0,91.43429565429688,91.60128784179688,90.6680908203125,90.5305633544922,93.04530334472656,91.455908203125,91.68773345947264,91.94706878662107,92.72702941894529,93.9510009765625,93.22310180664064,93.81838760375976,94.47359466552734,95.18675842285157,95.85080642700196,96.44068870544432,96.97703552246094,97.48440361022949,98.05365791320801,98.62487678527832,97.97687250773113,98.23358561197917,98.44674886067708,98.62716827392578,98.70182469685871,95.5652540842692,95.5681138356527,95.55169461568195,95.55442186991372,95.53428891499836,1501040.0,1558480.0,2020780.0,2282240.0,2320180.0,1865830.0,1829220.0,1901560.0,1944960.0,1904520.0,1752005.0,1736770.0,1733230.0,1712180.0,1634315.0,1464250.0,1476073.333333333,1510266.666666667,1526740.0,1497946.666666667,1260376.666666667,1255853.333333333,1252886.666666667,1251850.0,1236846.666666667,0
2019-05-20,88.81150660255699,89.09637265280443,88.04529112296879,88.1238784790039,1297600,1,90.36553344726562,91.54628143310545,95.10718994140623,97.22114181518556,95.46886202494305,1539700.0,1910970.0,1862060.0,1511150.0,1289641.666666667,90.00011444091797,91.43429565429688,91.60128784179688,90.6680908203125,90.5305633544922,90.84687042236328,91.455908203125,91.68773345947264,91.94706878662107,92.72702941894529,92.39893569946291,93.22310180664064,93.81838760375976,94.47359466552734,95.18675842285157,95.8046371459961,96.44068870544432,96.97703552246094,97.48440361022949,98.05365791320801,97.6464859008789,97.97687250773113,98.23358561197917,98.44674886067708,98.62716827392578,95.54094123840332,95.5652540842692,95.5681138356527,95.55169461568195,95.55442186991372,1699900.0,1501040.0,1558480.0,2020780.0,2282240.0,2010040.0,1865830.0,1829220.0,1901560.0,1944960.0,1834275.0,1752005.0,1736770.0,1733230.0,1712180.0,1501483.333333333,1464250.0,1476073.333333333,1510266.666666667,1526740.0,1283820.0,1260376.666666667,1255853.333333333,1252886.666666667,1251850.0,0
2019-05-21,88.96867513713792,89.87240726141148,88.68380158817072,89.65629577636719,1066900,0,90.16317443847656,91.05512161254885,94.41416320800779,96.84393107096355,95.40942039489748,1495080.0,1757930.0,1852890.0,1521400.0,1288611.666666667,88.1238784790039,90.00011444091797,91.43429565429688,91.60128784179688,90.6680908203125,90.36553344726562,90.84687042236328,91.455908203125,91.68773345947264,91.94706878662107,91.54628143310545,92.39893569946291,93.22310180664064,93.81838760375976,94.47359466552734,95.10718994140623,95.8046371459961,96.44068870544432,96.97703552246094,97.48440361022949,97.22114181518556,97.6464859008789,97.97687250773113,98.23358561197917,98.44674886067708,95.46886202494305,95.54094123840332,95.5652540842692,95.5681138356527,95.55169461568195,1539700.0,1699900.0,1501040.0,1558480.0,2020780.0,1910970.0,2010040.0,1865830.0,1829220.0,1901560.0,1862060.0,1834275.0,1752005.0,1736770.0,1733230.0,1511150.0,1501483.333333333,1464250.0,1476073.333333333,1510266.666666667,1289641.666666667,1283820.0,1260376.666666667,1255853.333333333,1252886.666666667,0
2019-05-22,89.55805758341096,89.81346272497069,88.93919906161474,88.9784927368164,789500,0,89.63861541748047,90.66317443847656,93.82771835327148,96.48865865071615,95.35370801289876,1430180.0,1494330.0,1713470.0,1521100.0,1279800.0,89.65629577636719,88.1238784790039,90.00011444091797,91.43429565429688,91.60128784179688,90.16317443847656,90.36553344726562,90.84687042236328,91.455908203125,91.68773345947264,91.05512161254885,91.54628143310545,92.39893569946291,93.22310180664064,93.81838760375976,94.41416320800779,95.10718994140623,95.8046371459961,96.44068870544432,96.97703552246094,96.84393107096355,97.22114181518556,97.6464859008789,97.97687250773113,98.23358561197917,95.40942039489748,95.46886202494305,95.54094123840332,95.5652540842692,95.5681138356527,1495080.0,1539700.0,1699900.0,1501040.0,1558480.0,1757930.0,1910970.0,2010040.0,1865830.0,1829220.0,1852890.0,1862060.0,1834275.0,1752005.0,1736770.0,1521400.0,1511150.0,1501483.333333333,1464250.0,1476073.333333333,1288611.666666667,1289641.666666667,1283820.0,1260376.666666667,1255853.333333333,0
2019-05-23,87.92742646715179,88.46769773184818,87.36750461420986,87.90777587890625,970600,1,88.93331146240234,90.19460983276369,93.28056678771972,96.08328831990559,95.28031361897787,1341020.0,1421030.0,1684065.0,1533240.0,1284448.333333333,88.9784927368164,89.65629577636719,88.1238784790039,90.00011444091797,91.43429565429688,89.63861541748047,90.16317443847656,90.36553344726562,90.84687042236328,91.455908203125,90.66317443847656,91.05512161254885,91.54628143310545,92.39893569946291,93.22310180664064,93.82771835327148,94.41416320800779,95.10718994140623,95.8046371459961,96.44068870544432,96.48865865071615,96.84393107096355,97.22114181518556,97.6464859008789,97.97687250773113,95.35370801289876,95.40942039489748,95.46886202494305,95.54094123840332,95.5652540842692,1430180.0,1495080.0,1539700.0,1699900.0,1501040.0,1494330.0,1757930.0,1910970.0,2010040.0,1865830.0,1713470.0,1852890.0,1862060.0,1834275.0,1752005.0,1521100.0,1521400.0,1511150.0,1501483.333333333,1464250.0,1279800.0,1288611.666666667,1289641.666666667,1283820.0,1260376.666666667,0
2019-05-24,88.36946235218288,88.62486752362503,87.42643652051544,87.92742156982422,1480200,0,88.51877288818359,89.68282165527344,92.76681404113769,95.64419174194336,95.2110028584798,1120960.0,1410430.0,1657475.0,1559686.666666667,1291718.333333333,87.90777587890625,88.9784927368164,89.65629577636719,88.1238784790039,90.00011444091797,88.93331146240234,89.63861541748047,90.16317443847656,90.36553344726562,90.84687042236328,90.19460983276369,90.66317443847656,91.05512161254885,91.54628143310545,92.39893569946291,93.28056678771972,93.82771835327148,94.41416320800779,95.10718994140623,95.8046371459961,96.08328831990559,96.48865865071615,96.84393107096355,97.22114181518556,97.6464859008789,95.28031361897787,95.35370801289876,95.40942039489748,95.46886202494305,95.54094123840332,1341020.0,1430180.0,1495080.0,1539700.0,1699900.0,1421030.0,1494330.0,1757930.0,1910970.0,2010040.0,1684065.0,1713470.0,1852890.0,1862060.0,1834275.0,1533240.0,1521100.0,1521400.0,1511150.0,1501483.333333333,1284448.333333333,1279800.0,1288611.666666667,1289641.666666667,1283820.0,0
2019-05-28,88.43821480687654,89.04725553581726,86.7977431996922,87.18084716796875,1841300,0,88.33016662597656,89.3478500366211,92.26730422973631,95.1517219543457,95.11063028971355,1229700.0,1384700.0,1664830.0,1603020.0,1304945.0,87.92742156982422,87.90777587890625,88.9784927368164,89.65629577636719,88.1238784790039,88.51877288818359,88.93331146240234,89.63861541748047,90.16317443847656,90.36553344726562,89.68282165527344,90.19460983276369,90.66317443847656,91.05512161254885,91.54628143310545,92.76681404113769,93.28056678771972,93.82771835327148,94.41416320800779,95.10718994140623,95.64419174194336,96.08328831990559,96.48865865071615,96.84393107096355,97.22114181518556,95.2110028584798,95.28031361897787,95.35370801289876,95.40942039489748,95.46886202494305,1120960.0,1341020.0,1430180.0,1495080.0,1539700.0,1410430.0,1421030.0,1494330.0,1757930.0,1910970.0,1657475.0,1684065.0,1713470.0,1852890.0,1862060.0,1559686.666666667,1533240.0,1521100.0,1521400.0,1511150.0,1291718.333333333,1284448.333333333,1279800.0,1288611.666666667,1289641.666666667,0
2019-05-29,86.9647444122578,87.48537254979189,85.86455136524326,86.0610122680664,2343700,1,87.61110992431641,88.88714218139648,91.68036842346191,94.61864980061847,95.00204658508301,1485060.0,1490070.0,1695815.0,1652176.666666667,1330055.0,87.18084716796875,87.92742156982422,87.90777587890625,88.9784927368164,89.65629577636719,88.33016662597656,88.51877288818359,88.93331146240234,89.63861541748047,90.16317443847656,89.3478500366211,89.68282165527344,90.19460983276369,90.66317443847656,91.05512161254885,92.26730422973631,92.76681404113769,93.28056678771972,93.82771835327148,94.41416320800779,95.1517219543457,95.64419174194336,96.08328831990559,96.48865865071615,96.84393107096355,95.11063028971355,95.2110028584798,95.28031361897787,95.35370801289876,95.40942039489748,1229700.0,1120960.0,1341020.0,1430180.0,1495080.0,1384700.0,1410430.0,1421030.0,1494330.0,1757930.0,1664830.0,1657475.0,1684065.0,1713470.0,1852890.0,1603020.0,1559686.666666667,1533240.0,1521100.0,1521400.0,1304945.0,1291718.333333333,1284448.333333333,1279800.0,1288611.666666667,0
2019-05-30,86.31641365496947,87.00403427922217,86.12977055931403,86.93527221679688,1291400,0,87.2024658203125,88.42054061889648,91.11946411132813,94.12487055460613,94.90313415527343,1585440.0,1507810.0,1668515.0,1660450.0,1337353.333333333,86.0610122680664,87.18084716796875,87.92742156982422,87.90777587890625,88.9784927368164,87.61110992431641,88.33016662597656,88.51877288818359,88.93331146240234,89.63861541748047,88.88714218139648,89.3478500366211,89.68282165527344,90.19460983276369,90.66317443847656,91.68036842346191,92.26730422973631,92.76681404113769,93.28056678771972,93.82771835327148,94.61864980061847,95.1517219543457,95.64419174194336,96.08328831990559,96.48865865071615,95.00204658508301,95.11063028971355,95.2110028584798,95.28031361897787,95.35370801289876,1485060.0,1229700.0,1120960.0,1341020.0,1430180.0,1490070.0,1384700.0,1410430.0,1421030.0,1494330.0,1695815.0,1664830.0,1657475.0,1684065.0,1713470.0,1652176.666666667,1603020.0,1559686.666666667,1533240.0,1521100.0,1330055.0,1304945.0,1291718.333333333,1284448.333333333,1279800.0,0
2019-05-31,86.18871397967251,86.57181799910553,85.3046248984796,85.46179962158203,1534100,1,86.71327056884766,87.823291015625,90.52319641113282,93.56822280883787,94.79142328898114,1698140.0,1519580.0,1692705.0,1674530.0,1352336.666666667,86.93527221679688,86.0610122680664,87.18084716796875,87.92742156982422,87.90777587890625,87.2024658203125,87.61110992431641,88.33016662597656,88.51877288818359,88.93331146240234,88.42054061889648,88.88714218139648,89.3478500366211,89.68282165527344,90.19460983276369,91.11946411132813,91.68036842346191,92.26730422973631,92.76681404113769,93.28056678771972,94.12487055460613,94.61864980061847,95.1517219543457,95.64419174194336,96.08328831990559,94.90313415527343,95.00204658508301,95.11063028971355,95.2110028584798,95.28031361897787,1585440.0,1485060.0,1229700.0,1120960.0,1341020.0,1507810.0,1490070.0,1384700.0,1410430.0,1421030.0,1668515.0,1695815.0,1664830.0,1657475.0,1684065.0,1660450.0,1652176.666666667,1603020.0,1559686.666666667,1533240.0,1337353.333333333,1330055.0,1304945.0,1291718.333333333,1284448.333333333,0
2019-06-03,85.65825622895959,86.32623377959061,85.04922294378329,85.59931945800781,1326400,1,86.24765014648438,87.38321151733399,89.89107360839844,92.99749526977537,94.69294726053872,1667380.0,1394170.0,1702105.0,1687573.333333333,1361230.0,85.46179962158203,86.93527221679688,86.0610122680664,87.18084716796875,87.92742156982422,86.71327056884766,87.2024658203125,87.61110992431641,88.33016662597656,88.51877288818359,87.823291015625,88.42054061889648,88.88714218139648,89.3478500366211,89.68282165527344,90.52319641113282,91.11946411132813,91.68036842346191,92.26730422973631,92.76681404113769,93.56822280883787,94.12487055460613,94.61864980061847,95.1517219543457,95.64419174194336,94.79142328898114,94.90313415527343,95.00204658508301,95.11063028971355,95.2110028584798,1698140.0,1585440.0,1485060.0,1229700.0,1120960.0,1519580.0,1507810.0,1490070.0,1384700.0,1410430.0,1692705.0,1668515.0,1695815.0,1664830.0,1657475.0,1674530.0,1660450.0,1652176.666666667,1603020.0,1559686.666666667,1352336.666666667,1337353.333333333,1330055.0,1304945.0,1291718.333333333,0
2019-06-04,86.76827701888918,88.153343517542,86.15923627449074,87.9863510131836,2255100,1,86.40875091552735,87.36945877075195,89.4578701019287,92.5279462178548,94.6427480061849,1750140.0,1489920.0,1700445.0,1738013.333333333,1383200.0,85.59931945800781,85.46179962158203,86.93527221679688,86.0610122680664,87.18084716796875,86.24765014648438,86.71327056884766,87.2024658203125,87.61110992431641,88.33016662597656,87.38321151733399,87.823291015625,88.42054061889648,88.88714218139648,89.3478500366211,89.89107360839844,90.52319641113282,91.11946411132813,91.68036842346191,92.26730422973631,92.99749526977537,93.56822280883787,94.12487055460613,94.61864980061847,95.1517219543457,94.69294726053872,94.79142328898114,94.90313415527343,95.00204658508301,95.11063028971355,1667380.0,1698140.0,1585440.0,1485060.0,1229700.0,1394170.0,1519580.0,1507810.0,1490070.0,1384700.0,1702105.0,1692705.0,1668515.0,1695815.0,1664830.0,1687573.333333333,1674530.0,1660450.0,1652176.666666667,1603020.0,1361230.0,1352336.666666667,1337353.333333333,1330055.0,1304945.0,0
2019-06-05,88.84095842632341,89.27317381494036,87.56394035956545,89.18476867675781,1017900,1,87.03350219726562,87.32230606079102,89.18871383666992,92.0502108256022,94.59439303080241,1484980.0,1485020.0,1621475.0,1730266.666666667,1390231.666666667,87.9863510131836,85.59931945800781,85.46179962158203,86.93527221679688,86.0610122680664,86.40875091552735,86.24765014648438,86.71327056884766,87.2024658203125,87.61110992431641,87.36945877075195,87.38321151733399,87.823291015625,88.42054061889648,88.88714218139648,89.4578701019287,89.89107360839844,90.52319641113282,91.11946411132813,91.68036842346191,92.5279462178548,92.99749526977537,93.56822280883787,94.12487055460613,94.61864980061847,94.6427480061849,94.69294726053872,94.79142328898114,94.90313415527343,95.00204658508301,1750140.0,1667380.0,1698140.0,1585440.0,1485060.0,1489920.0,1394170.0,1519580.0,1507810.0,1490070.0,1700445.0,1702105.0,1692705.0,1668515.0,1695815.0,1738013.333333333,1687573.333333333,1674530.0,1660450.0,1652176.666666667,1383200.0,1361230.0,1352336.666666667,1337353.333333333,1330055.0,0
2019-06-06,89.66611732961896,90.65826206298357,88.90973465801594,90.30462646484376,1185700,1,87.707373046875,87.45491943359373,89.05904693603516,91.70345204671223,94.56421241760252,1463840.0,1524640.0,1509485.0,1650526.666666667,1399548.333333333,89.18476867675781,87.9863510131836,85.59931945800781,85.46179962158203,86.93527221679688,87.03350219726562,86.40875091552735,86.24765014648438,86.71327056884766,87.2024658203125,87.32230606079102,87.36945877075195,87.38321151733399,87.823291015625,88.42054061889648,89.18871383666992,89.4578701019287,89.89107360839844,90.52319641113282,91.11946411132813,92.0502108256022,92.5279462178548,92.99749526977537,93.56822280883787,94.12487055460613,94.59439303080241,94.6427480061849,94.69294726053872,94.79142328898114,94.90313415527343,1484980.0,1750140.0,1667380.0,1698140.0,1585440.0,1485020.0,1489920.0,1394170.0,1519580.0,1507810.0,1621475.0,1700445.0,1702105.0,1692705.0,1668515.0,1730266.666666667,1738013.333333333,1687573.333333333,1674530.0,1660450.0,1390231.666666667,1383200.0,1361230.0,1352336.666666667,1337353.333333333,0
2019-06-07,90.91366692867062,91.71916856755408,90.3537451491358,91.54235076904295,1092900,1,88.92348327636721,87.81837692260744,89.00649337768554,91.45983683268229,94.54747416178385,1375600.0,1536870.0,1478950.0,1635000.0,1403310.0,90.30462646484376,89.18476867675781,87.9863510131836,85.59931945800781,85.46179962158203,87.707373046875,87.03350219726562,86.40875091552735,86.24765014648438,86.71327056884766,87.45491943359373,87.32230606079102,87.36945877075195,87.38321151733399,87.823291015625,89.05904693603516,89.18871383666992,89.4578701019287,89.89107360839844,90.52319641113282,91.70345204671223,92.0502108256022,92.5279462178548,92.99749526977537,93.56822280883787,94.56421241760252,94.59439303080241,94.6427480061849,94.69294726053872,94.79142328898114,1463840.0,1484980.0,1750140.0,1667380.0,1698140.0,1524640.0,1485020.0,1489920.0,1394170.0,1519580.0,1509485.0,1621475.0,1700445.0,1702105.0,1692705.0,1650526.666666667,1730266.666666667,1738013.333333333,1687573.333333333,1674530.0,1399548.333333333,1390231.666666667,1383200.0,1361230.0,1352336.666666667,0
2019-06-10,92.0629843968683,93.5266383479662,92.0629843968683,92.48538208007812,1213500,1,90.30069580078127,88.27417297363282,88.97849731445312,91.26926701863607,94.54841321309408,1353020.0,1510200.0,1460315.0,1608383.333333333,1406473.333333333,91.54235076904295,90.30462646484376,89.18476867675781,87.9863510131836,85.59931945800781,88.92348327636721,87.707373046875,87.03350219726562,86.40875091552735,86.24765014648438,87.81837692260744,87.45491943359373,87.32230606079102,87.36945877075195,87.38321151733399,89.00649337768554,89.05904693603516,89.18871383666992,89.4578701019287,89.89107360839844,91.45983683268229,91.70345204671223,92.0502108256022,92.5279462178548,92.99749526977537,94.54747416178385,94.56421241760252,94.59439303080241,94.6427480061849,94.69294726053872,1375600.0,1463840.0,1484980.0,1750140.0,1667380.0,1536870.0,1524640.0,1485020.0,1489920.0,1394170.0,1478950.0,1509485.0,1621475.0,1700445.0,1702105.0,1635000.0,1650526.666666667,1730266.666666667,1738013.333333333,1687573.333333333,1403310.0,1399548.333333333,1390231.666666667,1383200.0,1361230.0,0
2019-06-11,94.03745029568935,95.29481807345779,93.51681465831363,93.8508071899414,1598600,0,91.4735870361328,88.94116897583008,89.14450950622559,91.15859247843424,94.55414352416992,1221720.0,1485930.0,1435315.0,1605196.666666667,1402535.0,92.48538208007812,91.54235076904295,90.30462646484376,89.18476867675781,87.9863510131836,90.30069580078127,88.92348327636721,87.707373046875,87.03350219726562,86.40875091552735,88.27417297363282,87.81837692260744,87.45491943359373,87.32230606079102,87.36945877075195,88.97849731445312,89.00649337768554,89.05904693603516,89.18871383666992,89.4578701019287,91.26926701863607,91.45983683268229,91.70345204671223,92.0502108256022,92.5279462178548,94.54841321309408,94.54747416178385,94.56421241760252,94.59439303080241,94.6427480061849,1353020.0,1375600.0,1463840.0,1484980.0,1750140.0,1510200.0,1536870.0,1524640.0,1485020.0,1489920.0,1460315.0,1478950.0,1509485.0,1621475.0,1700445.0,1608383.333333333,1635000.0,1650526.666666667,1730266.666666667,1738013.333333333,1406473.333333333,1403310.0,1399548.333333333,1390231.666666667,1383200.0,0
2019-06-12,93.69362943968085,94.26337653758429,92.50502376650472,93.772216796875,1091100,1,92.39107666015623,89.71228942871093,89.29971580505371,91.02434209187824,94.55463460286457,1236360.0,1360670.0,1425370.0,1584100.0,1407100.0,93.8508071899414,92.48538208007812,91.54235076904295,90.30462646484376,89.18476867675781,91.4735870361328,90.30069580078127,88.92348327636721,87.707373046875,87.03350219726562,88.94116897583008,88.27417297363282,87.81837692260744,87.45491943359373,87.32230606079102,89.14450950622559,88.97849731445312,89.00649337768554,89.05904693603516,89.18871383666992,91.15859247843424,91.26926701863607,91.45983683268229,91.70345204671223,92.0502108256022,94.55414352416992,94.54841321309408,94.54747416178385,94.56421241760252,94.59439303080241,1221720.0,1353020.0,1375600.0,1463840.0,1484980.0,1485930.0,1510200.0,1536870.0,1524640.0,1485020.0,1435315.0,1460315.0,1478950.0,1509485.0,1621475.0,1605196.666666667,1608383.333333333,1635000.0,1650526.666666667,1730266.666666667,1402535.0,1406473.333333333,1403310.0,1399548.333333333,1390231.666666667,0
2019-06-13,94.01779600883744,95.32428270865572,93.8999149738717,95.17693328857422,1410300,0,93.36553802490236,90.53645553588869,89.47849807739256,90.92512791951498,94.57395362854004,1281280.0,1372560.0,1440185.0,1569863.333333333,1409626.666666667,93.772216796875,93.8508071899414,92.48538208007812,91.54235076904295,90.30462646484376,92.39107666015623,91.4735870361328,90.30069580078127,88.92348327636721,87.707373046875,89.71228942871093,88.94116897583008,88.27417297363282,87.81837692260744,87.45491943359373,89.29971580505371,89.14450950622559,88.97849731445312,89.00649337768554,89.05904693603516,91.02434209187824,91.15859247843424,91.26926701863607,91.45983683268229,91.70345204671223,94.55463460286457,94.55414352416992,94.54841321309408,94.54747416178385,94.56421241760252,1236360.0,1221720.0,1353020.0,1375600.0,1463840.0,1360670.0,1485930.0,1510200.0,1536870.0,1524640.0,1425370.0,1435315.0,1460315.0,1478950.0,1509485.0,1584100.0,1605196.666666667,1608383.333333333,1635000.0,1650526.666666667,1407100.0,1402535.0,1406473.333333333,1403310.0,1399548.333333333,0
2019-06-14,93.85081034490273,94.47949425492122,91.46377354781548,92.63273620605469,1689900,0,93.58361511230468,91.25354919433592,89.53842010498047,90.7666473388672,94.55905520121256,1400680.0,1388140.0,1453860.0,1591183.333333333,1417191.666666667,95.17693328857422,93.772216796875,93.8508071899414,92.48538208007812,91.54235076904295,93.36553802490236,92.39107666015623,91.4735870361328,90.30069580078127,88.92348327636721,90.53645553588869,89.71228942871093,88.94116897583008,88.27417297363282,87.81837692260744,89.47849807739256,89.29971580505371,89.14450950622559,88.97849731445312,89.00649337768554,90.92512791951498,91.02434209187824,91.15859247843424,91.26926701863607,91.45983683268229,94.57395362854004,94.55463460286457,94.55414352416992,94.54841321309408,94.54747416178385,1281280.0,1236360.0,1221720.0,1353020.0,1375600.0,1372560.0,1360670.0,1485930.0,1510200.0,1536870.0,1440185.0,1425370.0,1435315.0,1460315.0,1478950.0,1569863.333333333,1584100.0,1605196.666666667,1608383.333333333,1635000.0,1409626.666666667,1407100.0,1402535.0,1406473.333333333,1403310.0,0
2019-06-17,92.33803015724224,92.4559111916342,91.3164170093537,91.84687042236328,1268100,1,93.45591278076172,91.87830429077148,89.63075790405273,90.55348383585613,94.50895690917969,1411600.0,1382310.0,1388240.0,1595506.666666667,1425875.0,92.63273620605469,95.17693328857422,93.772216796875,93.8508071899414,92.48538208007812,93.58361511230468,93.36553802490236,92.39107666015623,91.4735870361328,90.30069580078127,91.25354919433592,90.53645553588869,89.71228942871093,88.94116897583008,88.27417297363282,89.53842010498047,89.47849807739256,89.29971580505371,89.14450950622559,88.97849731445312,90.7666473388672,90.92512791951498,91.02434209187824,91.15859247843424,91.26926701863607,94.55905520121256,94.57395362854004,94.55463460286457,94.55414352416992,94.54841321309408,1400680.0,1281280.0,1236360.0,1221720.0,1353020.0,1388140.0,1372560.0,1360670.0,1485930.0,1510200.0,1453860.0,1440185.0,1425370.0,1435315.0,1460315.0,1591183.333333333,1569863.333333333,1584100.0,1605196.666666667,1608383.333333333,1417191.666666667,1409626.666666667,1407100.0,1402535.0,1406473.333333333,0
2019-06-18,91.96504163994392,92.98917407518469,91.64992454548404,92.6642074584961,2553400,1,93.21859283447266,92.34608993530271,89.85777435302734,90.42061004638671,94.5055524190267,1602560.0,1412140.0,1451030.0,1604343.333333333,1453528.333333333,91.84687042236328,92.63273620605469,95.17693328857422,93.772216796875,93.8508071899414,93.45591278076172,93.58361511230468,93.36553802490236,92.39107666015623,91.4735870361328,91.87830429077148,91.25354919433592,90.53645553588869,89.71228942871093,88.94116897583008,89.63075790405273,89.53842010498047,89.47849807739256,89.29971580505371,89.14450950622559,90.55348383585613,90.7666473388672,90.92512791951498,91.02434209187824,91.15859247843424,94.50895690917969,94.55905520121256,94.57395362854004,94.55463460286457,94.55414352416992,1411600.0,1400680.0,1281280.0,1236360.0,1221720.0,1382310.0,1388140.0,1372560.0,1360670.0,1485930.0,1388240.0,1453860.0,1440185.0,1425370.0,1435315.0,1595506.666666667,1591183.333333333,1569863.333333333,1584100.0,1605196.666666667,1425875.0,1417191.666666667,1409626.666666667,1407100.0,1402535.0,0
2019-06-19,93.25504323372031,93.41260552419979,92.55587747393065,92.98916625976562,1333400,1,93.06198272705078,92.72652969360351,90.02441787719727,90.36798578898113,94.51345787048339,1651020.0,1443690.0,1464355.0,1562213.333333333,1464216.666666667,92.6642074584961,91.84687042236328,92.63273620605469,95.17693328857422,93.772216796875,93.21859283447266,93.45591278076172,93.58361511230468,93.36553802490236,92.39107666015623,92.34608993530271,91.87830429077148,91.25354919433592,90.53645553588869,89.71228942871093,89.85777435302734,89.63075790405273,89.53842010498047,89.47849807739256,89.29971580505371,90.42061004638671,90.55348383585613,90.7666473388672,90.92512791951498,91.02434209187824,94.5055524190267,94.50895690917969,94.55905520121256,94.57395362854004,94.55463460286457,1602560.0,1411600.0,1400680.0,1281280.0,1236360.0,1412140.0,1382310.0,1388140.0,1372560.0,1360670.0,1451030.0,1388240.0,1453860.0,1440185.0,1425370.0,1604343.333333333,1595506.666666667,1591183.333333333,1569863.333333333,1584100.0,1453528.333333333,1425875.0,1417191.666666667,1409626.666666667,1407100.0,0
2019-06-20,94.51552578835688,94.66323105503143,93.88528409428095,94.41704559326172,1509400,0,92.91000518798828,93.13777160644531,90.29634552001951,90.41862182617187,94.53992220560708,1670840.0,1476060.0,1500350.0,1498343.333333333,1479456.666666667,92.98916625976562,92.6642074584961,91.84687042236328,92.63273620605469,95.17693328857422,93.06198272705078,93.21859283447266,93.45591278076172,93.58361511230468,93.36553802490236,92.72652969360351,92.34608993530271,91.87830429077148,91.25354919433592,90.53645553588869,90.02441787719727,89.85777435302734,89.63075790405273,89.53842010498047,89.47849807739256,90.36798578898113,90.42061004638671,90.55348383585613,90.7666473388672,90.92512791951498,94.51345787048339,94.5055524190267,94.50895690917969,94.55905520121256,94.57395362854004,1651020.0,1602560.0,1411600.0,1400680.0,1281280.0,1443690.0,1412140.0,1382310.0,1388140.0,1372560.0,1464355.0,1451030.0,1388240.0,1453860.0,1440185.0,1562213.333333333,1604343.333333333,1595506.666666667,1591183.333333333,1569863.333333333,1464216.666666667,1453528.333333333,1425875.0,1417191.666666667,1409626.666666667,0
2019-06-21,94.51551843281831,94.65338167964164,93.56031771341135,94.0526885986328,2375400,1,93.19399566650392,93.3888053894043,90.60359115600586,90.46726404825846,94.57308400472006,1807940.0,1604310.0,1570590.0,1520736.666666667,1500350.0,94.41704559326172,92.98916625976562,92.6642074584961,91.84687042236328,92.63273620605469,92.91000518798828,93.06198272705078,93.21859283447266,93.45591278076172,93.58361511230468,93.13777160644531,92.72652969360351,92.34608993530271,91.87830429077148,91.25354919433592,90.29634552001951,90.02441787719727,89.85777435302734,89.63075790405273,89.53842010498047,90.41862182617187,90.36798578898113,90.42061004638671,90.55348383585613,90.7666473388672,94.53992220560708,94.51345787048339,94.5055524190267,94.50895690917969,94.55905520121256,1670840.0,1651020.0,1602560.0,1411600.0,1400680.0,1476060.0,1443690.0,1412140.0,1382310.0,1388140.0,1500350.0,1464355.0,1451030.0,1388240.0,1453860.0,1498343.333333333,1562213.333333333,1604343.333333333,1595506.666666667,1591183.333333333,1479456.666666667,1464216.666666667,1453528.333333333,1425875.0,1417191.666666667,0
2019-06-24,94.15116122085315,94.35795609097343,94.08222959747972,94.1610107421875,943700,0,93.65682373046873,93.55636825561524,90.91527061462402,90.50445429484051,94.60313949584959,1743060.0,1577330.0,1543765.0,1499320.0,1498633.333333333,94.0526885986328,94.41704559326172,92.98916625976562,92.6642074584961,91.84687042236328,93.19399566650392,92.91000518798828,93.06198272705078,93.21859283447266,93.45591278076172,93.3888053894043,93.13777160644531,92.72652969360351,92.34608993530271,91.87830429077148,90.60359115600586,90.29634552001951,90.02441787719727,89.85777435302734,89.63075790405273,90.46726404825846,90.41862182617187,90.36798578898113,90.42061004638671,90.55348383585613,94.57308400472006,94.53992220560708,94.51345787048339,94.5055524190267,94.50895690917969,1807940.0,1670840.0,1651020.0,1602560.0,1411600.0,1604310.0,1476060.0,1443690.0,1412140.0,1382310.0,1570590.0,1500350.0,1464355.0,1451030.0,1388240.0,1520736.666666667,1498343.333333333,1562213.333333333,1604343.333333333,1595506.666666667,1500350.0,1479456.666666667,1464216.666666667,1453528.333333333,1425875.0,0
2019-06-25,93.67848995991123,94.19055993177379,93.33383181326384,93.34368133544922,849900,1,93.79271850585936,93.50565567016602,91.22341232299804,90.59822489420573,94.61269658406576,1402360.0,1502460.0,1494195.0,1457696.666666667,1492218.333333333,94.1610107421875,94.0526885986328,94.41704559326172,92.98916625976562,92.6642074584961,93.65682373046873,93.19399566650392,92.91000518798828,93.06198272705078,93.21859283447266,93.55636825561524,93.3888053894043,93.13777160644531,92.72652969360351,92.34608993530271,90.91527061462402,90.60359115600586,90.29634552001951,90.02441787719727,89.85777435302734,90.50445429484051,90.46726404825846,90.41862182617187,90.36798578898113,90.42061004638671,94.60313949584959,94.57308400472006,94.53992220560708,94.51345787048339,94.5055524190267,1743060.0,1807940.0,1670840.0,1651020.0,1602560.0,1577330.0,1604310.0,1476060.0,1443690.0,1412140.0,1543765.0,1570590.0,1500350.0,1464355.0,1451030.0,1499320.0,1520736.666666667,1498343.333333333,1562213.333333333,1604343.333333333,1498633.333333333,1500350.0,1479456.666666667,1464216.666666667,1453528.333333333,0
2019-06-26,94.09208682683992,94.2693406604613,93.65879800843568,93.97391510009766,1229800,1,93.9896682739258,93.52582550048828,91.61905746459959,90.70841903686524,94.57758394877115,1381640.0,1516330.0,1438500.0,1455690.0,1482978.333333333,93.34368133544922,94.1610107421875,94.0526885986328,94.41704559326172,92.98916625976562,93.79271850585936,93.65682373046873,93.19399566650392,92.91000518798828,93.06198272705078,93.50565567016602,93.55636825561524,93.3888053894043,93.13777160644531,92.72652969360351,91.22341232299804,90.91527061462402,90.60359115600586,90.29634552001951,90.02441787719727,90.59822489420573,90.50445429484051,90.46726404825846,90.41862182617187,90.36798578898113,94.61269658406576,94.60313949584959,94.57308400472006,94.53992220560708,94.51345787048339,1402360.0,1743060.0,1807940.0,1670840.0,1651020.0,1502460.0,1577330.0,1604310.0,1476060.0,1443690.0,1494195.0,1543765.0,1570590.0,1500350.0,1464355.0,1457696.666666667,1499320.0,1520736.666666667,1498343.333333333,1562213.333333333,1492218.333333333,1498633.333333333,1500350.0,1479456.666666667,1464216.666666667,0
2019-06-27,94.42689532740114,94.69277983398058,93.76712009149286,94.19055938720705,895300,1,93.94437103271484,93.42718811035157,91.98182182312011,90.7947280883789,94.51415685017905,1258820.0,1464830.0,1418695.0,1448400.0,1462236.666666667,93.97391510009766,93.34368133544922,94.1610107421875,94.0526885986328,94.41704559326172,93.9896682739258,93.79271850585936,93.65682373046873,93.19399566650392,92.91000518798828,93.52582550048828,93.50565567016602,93.55636825561524,93.3888053894043,93.13777160644531,91.61905746459959,91.22341232299804,90.91527061462402,90.60359115600586,90.29634552001951,90.70841903686524,90.59822489420573,90.50445429484051,90.46726404825846,90.41862182617187,94.57758394877115,94.61269658406576,94.60313949584959,94.57308400472006,94.53992220560708,1381640.0,1402360.0,1743060.0,1807940.0,1670840.0,1516330.0,1502460.0,1577330.0,1604310.0,1476060.0,1438500.0,1494195.0,1543765.0,1570590.0,1500350.0,1455690.0,1457696.666666667,1499320.0,1520736.666666667,1498343.333333333,1482978.333333333,1492218.333333333,1498633.333333333,1500350.0,1479456.666666667,0
2019-06-28,94.5352173606017,94.86018397339495,93.79666097497204,94.47613525390624,1973100,1,94.02906036376952,93.61152801513671,92.43253860473631,90.89612274169922,94.43649762471516,1178360.0,1493150.0,1440645.0,1466956.666666667,1465603.333333333,94.19055938720705,93.97391510009766,93.34368133544922,94.1610107421875,94.0526885986328,93.94437103271484,93.9896682739258,93.79271850585936,93.65682373046873,93.19399566650392,93.42718811035157,93.52582550048828,93.50565567016602,93.55636825561524,93.3888053894043,91.98182182312011,91.61905746459959,91.22341232299804,90.91527061462402,90.60359115600586,90.7947280883789,90.70841903686524,90.59822489420573,90.50445429484051,90.46726404825846,94.51415685017905,94.57758394877115,94.61269658406576,94.60313949584959,94.57308400472006,1258820.0,1381640.0,1402360.0,1743060.0,1807940.0,1464830.0,1516330.0,1502460.0,1577330.0,1604310.0,1418695.0,1438500.0,1494195.0,1543765.0,1570590.0,1448400.0,1455690.0,1457696.666666667,1499320.0,1520736.666666667,1462236.666666667,1482978.333333333,1492218.333333333,1498633.333333333,1500350.0,0
2019-07-01,96.14034264644279,96.8395084477352,95.56919809201021,96.3766860961914,1285200,1,94.47219543457031,94.0645095825195,92.97140693664551,91.10867513020834,94.3775805155436,1246660.0,1494860.0,1438585.0,1423780.0,1462631.666666667,94.47613525390624,94.19055938720705,93.97391510009766,93.34368133544922,94.1610107421875,94.02906036376952,93.94437103271484,93.9896682739258,93.79271850585936,93.65682373046873,93.61152801513671,93.42718811035157,93.52582550048828,93.50565567016602,93.55636825561524,92.43253860473631,91.98182182312011,91.61905746459959,91.22341232299804,90.91527061462402,90.89612274169922,90.7947280883789,90.70841903686524,90.59822489420573,90.50445429484051,94.43649762471516,94.51415685017905,94.57758394877115,94.61269658406576,94.60313949584959,1178360.0,1258820.0,1381640.0,1402360.0,1743060.0,1493150.0,1464830.0,1516330.0,1502460.0,1577330.0,1440645.0,1418695.0,1438500.0,1494195.0,1543765.0,1466956.666666667,1448400.0,1455690.0,1457696.666666667,1499320.0,1465603.333333333,1462236.666666667,1482978.333333333,1492218.333333333,1498633.333333333,0
2019-07-02,96.40621918390278,96.9970627334898,95.854758693036,96.88874053955078,1002300,1,95.18120727539062,94.486962890625,93.41652641296386,91.40083719889324,94.31098950703941,1277140.0,1339750.0,1375945.0,1413936.666666667,1462543.333333333,96.3766860961914,94.47613525390624,94.19055938720705,93.97391510009766,93.34368133544922,94.47219543457031,94.02906036376952,93.94437103271484,93.9896682739258,93.79271850585936,94.0645095825195,93.61152801513671,93.42718811035157,93.52582550048828,93.50565567016602,92.97140693664551,92.43253860473631,91.98182182312011,91.61905746459959,91.22341232299804,91.10867513020834,90.89612274169922,90.7947280883789,90.70841903686524,90.59822489420573,94.3775805155436,94.43649762471516,94.51415685017905,94.57758394877115,94.61269658406576,1246660.0,1178360.0,1258820.0,1381640.0,1402360.0,1494860.0,1493150.0,1464830.0,1516330.0,1502460.0,1438585.0,1440645.0,1418695.0,1438500.0,1494195.0,1423780.0,1466956.666666667,1448400.0,1455690.0,1457696.666666667,1462631.666666667,1465603.333333333,1462236.666666667,1482978.333333333,1492218.333333333,0
2019-07-03,97.4303587540727,97.72577679434154,96.35698625603938,97.59776306152344,682700,0,95.90597686767578,94.94782257080078,93.83717613220215,91.66555277506512,94.25474192301432,1167720.0,1274680.0,1359185.0,1401130.0,1461265.0,96.88874053955078,96.3766860961914,94.47613525390624,94.19055938720705,93.97391510009766,95.18120727539062,94.47219543457031,94.02906036376952,93.94437103271484,93.9896682739258,94.486962890625,94.0645095825195,93.61152801513671,93.42718811035157,93.52582550048828,93.41652641296386,92.97140693664551,92.43253860473631,91.98182182312011,91.61905746459959,91.40083719889324,91.10867513020834,90.89612274169922,90.7947280883789,90.70841903686524,94.31098950703941,94.3775805155436,94.43649762471516,94.51415685017905,94.57758394877115,1277140.0,1246660.0,1178360.0,1258820.0,1381640.0,1339750.0,1494860.0,1493150.0,1464830.0,1516330.0,1375945.0,1438585.0,1440645.0,1418695.0,1438500.0,1413936.666666667,1423780.0,1466956.666666667,1448400.0,1455690.0,1462543.333333333,1462631.666666667,1465603.333333333,1462236.666666667,1482978.333333333,0
2019-07-05,96.64257037456233,96.90845489733611,95.29347125419015,96.81982421875,742300,0,96.43182983398438,95.18810043334959,94.16293601989746,91.92693049112957,94.20779457092286,1137120.0,1197970.0,1337015.0,1399556.666666667,1460328.333333333,97.59776306152344,96.88874053955078,96.3766860961914,94.47613525390624,94.19055938720705,95.90597686767578,95.18120727539062,94.47219543457031,94.02906036376952,93.94437103271484,94.94782257080078,94.486962890625,94.0645095825195,93.61152801513671,93.42718811035157,93.83717613220215,93.41652641296386,92.97140693664551,92.43253860473631,91.98182182312011,91.66555277506512,91.40083719889324,91.10867513020834,90.89612274169922,90.7947280883789,94.25474192301432,94.31098950703941,94.3775805155436,94.43649762471516,94.51415685017905,1167720.0,1277140.0,1246660.0,1178360.0,1258820.0,1274680.0,1339750.0,1494860.0,1493150.0,1464830.0,1359185.0,1375945.0,1438585.0,1440645.0,1418695.0,1401130.0,1413936.666666667,1423780.0,1466956.666666667,1448400.0,1461265.0,1462543.333333333,1462631.666666667,1465603.333333333,1462236.666666667,0
2019-07-08,96.23881531214028,96.48500075163281,95.85475911458721,96.07140350341795,888300,1,96.75088348388672,95.38997192382813,94.3893886566162,92.1990514119466,94.14116986592609,920160.0,1049260.0,1326785.0,1396813.333333333,1465026.666666667,96.81982421875,97.59776306152344,96.88874053955078,96.3766860961914,94.47613525390624,96.43182983398438,95.90597686767578,95.18120727539062,94.47219543457031,94.02906036376952,95.18810043334959,94.94782257080078,94.486962890625,94.0645095825195,93.61152801513671,94.16293601989746,93.83717613220215,93.41652641296386,92.97140693664551,92.43253860473631,91.92693049112957,91.66555277506512,91.40083719889324,91.10867513020834,90.89612274169922,94.20779457092286,94.25474192301432,94.31098950703941,94.3775805155436,94.43649762471516,1137120.0,1167720.0,1277140.0,1246660.0,1178360.0,1197970.0,1274680.0,1339750.0,1494860.0,1493150.0,1337015.0,1359185.0,1375945.0,1438585.0,1440645.0,1399556.666666667,1401130.0,1413936.666666667,1423780.0,1466956.666666667,1460328.333333333,1461265.0,1462543.333333333,1462631.666666667,1465603.333333333,0
2019-07-09,95.48056000513742,96.22896584525265,95.23437456550587,96.09110260009766,1085100,0,96.69376678466794,95.58298110961914,94.5696746826172,92.47117411295572,94.05768292744958,880140.0,1063400.0,1320365.0,1383643.333333333,1471665.0,96.07140350341795,96.81982421875,97.59776306152344,96.88874053955078,96.3766860961914,96.75088348388672,96.43182983398438,95.90597686767578,95.18120727539062,94.47219543457031,95.38997192382813,95.18810043334959,94.94782257080078,94.486962890625,94.0645095825195,94.3893886566162,94.16293601989746,93.83717613220215,93.41652641296386,92.97140693664551,92.1990514119466,91.92693049112957,91.66555277506512,91.40083719889324,91.10867513020834,94.14116986592609,94.20779457092286,94.25474192301432,94.31098950703941,94.3775805155436,920160.0,1137120.0,1167720.0,1277140.0,1246660.0,1049260.0,1197970.0,1274680.0,1339750.0,1494860.0,1326785.0,1337015.0,1359185.0,1375945.0,1438585.0,1396813.333333333,1399556.666666667,1401130.0,1413936.666666667,1423780.0,1465026.666666667,1460328.333333333,1461265.0,1462543.333333333,1462631.666666667,0
2019-07-10,96.54408286091049,96.93798106672772,95.91384873679633,96.03201293945312,1134100,0,96.52242126464844,95.85181427001952,94.67873497009278,92.76621297200519,93.95896746317543,906500.0,1091820.0,1297140.0,1360070.0,1481545.0,96.09110260009766,96.07140350341795,96.81982421875,97.59776306152344,96.88874053955078,96.69376678466794,96.75088348388672,96.43182983398438,95.90597686767578,95.18120727539062,95.58298110961914,95.38997192382813,95.18810043334959,94.94782257080078,94.486962890625,94.5696746826172,94.3893886566162,94.16293601989746,93.83717613220215,93.41652641296386,92.47117411295572,92.1990514119466,91.92693049112957,91.66555277506512,91.40083719889324,94.05768292744958,94.14116986592609,94.20779457092286,94.25474192301432,94.31098950703941,880140.0,920160.0,1137120.0,1167720.0,1277140.0,1063400.0,1049260.0,1197970.0,1274680.0,1339750.0,1320365.0,1326785.0,1337015.0,1359185.0,1375945.0,1383643.333333333,1396813.333333333,1399556.666666667,1401130.0,1413936.666666667,1471665.0,1465026.666666667,1460328.333333333,1461265.0,1462543.333333333,0
2019-07-11,95.84493285630265,96.53424919496193,94.99805420424423,95.42149353027344,947000,1,96.08716735839843,95.99657211303709,94.76119880676269,93.07822901407877,93.84843940734864,959360.0,1063540.0,1289935.0,1313513.333333333,1482845.0,96.03201293945312,96.09110260009766,96.07140350341795,96.81982421875,97.59776306152344,96.52242126464844,96.69376678466794,96.75088348388672,96.43182983398438,95.90597686767578,95.85181427001952,95.58298110961914,95.38997192382813,95.18810043334959,94.94782257080078,94.67873497009278,94.5696746826172,94.3893886566162,94.16293601989746,93.83717613220215,92.76621297200519,92.47117411295572,92.1990514119466,91.92693049112957,91.66555277506512,93.95896746317543,94.05768292744958,94.14116986592609,94.20779457092286,94.25474192301432,906500.0,880140.0,920160.0,1137120.0,1167720.0,1091820.0,1063400.0,1049260.0,1197970.0,1274680.0,1297140.0,1320365.0,1326785.0,1337015.0,1359185.0,1360070.0,1383643.333333333,1396813.333333333,1399556.666666667,1401130.0,1481545.0,1471665.0,1465026.666666667,1460328.333333333,1461265.0,0
2019-07-12,96.00247116113384,97.55836493017799,96.00247116113384,97.5386734008789,784200,0,96.23093719482422,96.3313835144043,94.87928581237793,93.43167572021484,93.7782731374105,967740.0,1052430.0,1258630.0,1296606.666666667,1478528.333333333,95.42149353027344,96.03201293945312,96.09110260009766,96.07140350341795,96.81982421875,96.08716735839843,96.52242126464844,96.69376678466794,96.75088348388672,96.43182983398438,95.99657211303709,95.85181427001952,95.58298110961914,95.38997192382813,95.18810043334959,94.76119880676269,94.67873497009278,94.5696746826172,94.3893886566162,94.16293601989746,93.07822901407877,92.76621297200519,92.47117411295572,92.1990514119466,91.92693049112957,93.84843940734864,93.95896746317543,94.05768292744958,94.14116986592609,94.20779457092286,959360.0,906500.0,880140.0,920160.0,1137120.0,1063540.0,1091820.0,1063400.0,1049260.0,1197970.0,1289935.0,1297140.0,1320365.0,1326785.0,1337015.0,1313513.333333333,1360070.0,1383643.333333333,1396813.333333333,1399556.666666667,1482845.0,1481545.0,1471665.0,1465026.666666667,1460328.333333333,0
2019-07-15,97.5682297285182,97.7947161593458,96.59332983343916,97.49929809570312,616800,0,96.51651611328127,96.633699798584,95.12261390686035,93.8329256693522,93.70057423909503,913440.0,916800.0,1204975.0,1266030.0,1470280.0,97.5386734008789,95.42149353027344,96.03201293945312,96.09110260009766,96.07140350341795,96.23093719482422,96.08716735839843,96.52242126464844,96.69376678466794,96.75088348388672,96.3313835144043,95.99657211303709,95.85181427001952,95.58298110961914,95.38997192382813,94.87928581237793,94.76119880676269,94.67873497009278,94.5696746826172,94.3893886566162,93.43167572021484,93.07822901407877,92.76621297200519,92.47117411295572,92.1990514119466,93.7782731374105,93.84843940734864,93.95896746317543,94.05768292744958,94.14116986592609,967740.0,959360.0,906500.0,880140.0,920160.0,1052430.0,1063540.0,1091820.0,1063400.0,1049260.0,1258630.0,1289935.0,1297140.0,1320365.0,1326785.0,1296606.666666667,1313513.333333333,1360070.0,1383643.333333333,1396813.333333333,1478528.333333333,1482845.0,1481545.0,1471665.0,1465026.666666667,0
2019-07-16,96.9675296415524,96.9675296415524,95.81538349834798,96.35698699951172,1314900,0,96.56969299316408,96.631729888916,95.34811973571777,94.19151458740234,93.59450492858886,959400.0,919770.0,1207315.0,1265646.666666667,1476610.0,97.49929809570312,97.5386734008789,95.42149353027344,96.03201293945312,96.09110260009766,96.51651611328127,96.23093719482422,96.08716735839843,96.52242126464844,96.69376678466794,96.633699798584,96.3313835144043,95.99657211303709,95.85181427001952,95.58298110961914,95.12261390686035,94.87928581237793,94.76119880676269,94.67873497009278,94.5696746826172,93.8329256693522,93.43167572021484,93.07822901407877,92.76621297200519,92.47117411295572,93.70057423909503,93.7782731374105,93.84843940734864,93.95896746317543,94.05768292744958,913440.0,967740.0,959360.0,906500.0,880140.0,916800.0,1052430.0,1063540.0,1091820.0,1063400.0,1204975.0,1258630.0,1289935.0,1297140.0,1320365.0,1266030.0,1296606.666666667,1313513.333333333,1360070.0,1383643.333333333,1470280.0,1478528.333333333,1482845.0,1481545.0,1471665.0,0
2019-07-17,96.47515155008051,96.64255584637408,95.48056026759971,95.51010131835938,951300,0,96.46531066894529,96.49386596679688,95.49041442871092,94.44230626424154,93.48512624104818,922840.0,914670.0,1127210.0,1222186.666666667,1480100.0,96.35698699951172,97.49929809570312,97.5386734008789,95.42149353027344,96.03201293945312,96.56969299316408,96.51651611328127,96.23093719482422,96.08716735839843,96.52242126464844,96.631729888916,96.633699798584,96.3313835144043,95.99657211303709,95.85181427001952,95.34811973571777,95.12261390686035,94.87928581237793,94.76119880676269,94.67873497009278,94.19151458740234,93.8329256693522,93.43167572021484,93.07822901407877,92.76621297200519,93.59450492858886,93.70057423909503,93.7782731374105,93.84843940734864,93.95896746317543,959400.0,913440.0,967740.0,959360.0,906500.0,919770.0,916800.0,1052430.0,1063540.0,1091820.0,1207315.0,1204975.0,1258630.0,1289935.0,1297140.0,1265646.666666667,1266030.0,1296606.666666667,1313513.333333333,1360070.0,1476610.0,1470280.0,1478528.333333333,1482845.0,1481545.0,0
2019-07-18,95.50026729257392,95.55934939903162,94.5056759269593,94.98819732666016,2052600,1,96.37865142822264,96.23290939331056,95.59036598205566,94.63575388590496,93.34298235575358,1143960.0,1051660.0,1163170.0,1256676.666666667,1493471.666666667,95.51010131835938,96.35698699951172,97.49929809570312,97.5386734008789,95.42149353027344,96.46531066894529,96.56969299316408,96.51651611328127,96.23093719482422,96.08716735839843,96.49386596679688,96.631729888916,96.633699798584,96.3313835144043,95.99657211303709,95.49041442871092,95.34811973571777,95.12261390686035,94.87928581237793,94.76119880676269,94.44230626424154,94.19151458740234,93.8329256693522,93.43167572021484,93.07822901407877,93.48512624104818,93.59450492858886,93.70057423909503,93.7782731374105,93.84843940734864,922840.0,959400.0,913440.0,967740.0,959360.0,914670.0,919770.0,916800.0,1052430.0,1063540.0,1127210.0,1207315.0,1204975.0,1258630.0,1289935.0,1222186.666666667,1265646.666666667,1266030.0,1296606.666666667,1313513.333333333,1480100.0,1476610.0,1470280.0,1478528.333333333,1482845.0,0
2019-07-19,95.70705439551037,96.27819890845379,95.14575189085352,95.16544342041016,2025900,1,95.90400543212893,96.06747131347656,95.62778587341309,94.79778111775715,93.25061658223471,1392300.0,1180020.0,1188995.0,1284683.333333333,1467605.0,94.98819732666016,95.51010131835938,96.35698699951172,97.49929809570312,97.5386734008789,96.37865142822264,96.46531066894529,96.56969299316408,96.51651611328127,96.23093719482422,96.23290939331056,96.49386596679688,96.631729888916,96.633699798584,96.3313835144043,95.59036598205566,95.49041442871092,95.34811973571777,95.12261390686035,94.87928581237793,94.63575388590496,94.44230626424154,94.19151458740234,93.8329256693522,93.43167572021484,93.34298235575358,93.48512624104818,93.59450492858886,93.70057423909503,93.7782731374105,1143960.0,922840.0,959400.0,913440.0,967740.0,1051660.0,914670.0,919770.0,916800.0,1052430.0,1163170.0,1127210.0,1207315.0,1204975.0,1258630.0,1256676.666666667,1222186.666666667,1265646.666666667,1266030.0,1296606.666666667,1493471.666666667,1480100.0,1476610.0,1470280.0,1478528.333333333,0
2019-07-22,95.39194469064921,96.110802026165,95.20484133700184,95.66767120361328,1333800,1,95.53768005371094,96.0270980834961,95.70853500366209,94.93529179890949,93.1975643157959,1535700.0,1224570.0,1136915.0,1292713.333333333,1463856.666666667,95.16544342041016,94.98819732666016,95.51010131835938,96.35698699951172,97.49929809570312,95.90400543212893,96.37865142822264,96.46531066894529,96.56969299316408,96.51651611328127,96.06747131347656,96.23290939331056,96.49386596679688,96.631729888916,96.633699798584,95.62778587341309,95.59036598205566,95.49041442871092,95.34811973571777,95.12261390686035,94.79778111775715,94.63575388590496,94.44230626424154,94.19151458740234,93.8329256693522,93.25061658223471,93.34298235575358,93.48512624104818,93.59450492858886,93.70057423909503,1392300.0,1143960.0,922840.0,959400.0,913440.0,1180020.0,1051660.0,914670.0,919770.0,916800.0,1188995.0,1163170.0,1127210.0,1207315.0,1204975.0,1284683.333333333,1256676.666666667,1222186.666666667,1265646.666666667,1266030.0,1467605.0,1493471.666666667,1480100.0,1476610.0,1470280.0,0
2019-07-23,96.34713719363786,97.0856935673082,95.54949871422882,96.85920715332031,2349400,0,95.63812408447264,96.10390853881836,95.84344482421876,95.08108596801758,93.17517649332682,1742600.0,1351000.0,1207200.0,1330576.666666667,1469480.0,95.66767120361328,95.16544342041016,94.98819732666016,95.51010131835938,96.35698699951172,95.53768005371094,95.90400543212893,96.37865142822264,96.46531066894529,96.56969299316408,96.0270980834961,96.06747131347656,96.23290939331056,96.49386596679688,96.631729888916,95.70853500366209,95.62778587341309,95.59036598205566,95.49041442871092,95.34811973571777,94.93529179890949,94.79778111775715,94.63575388590496,94.44230626424154,94.19151458740234,93.1975643157959,93.25061658223471,93.34298235575358,93.48512624104818,93.59450492858886,1535700.0,1392300.0,1143960.0,922840.0,959400.0,1224570.0,1180020.0,1051660.0,914670.0,919770.0,1136915.0,1188995.0,1163170.0,1127210.0,1207315.0,1292713.333333333,1284683.333333333,1256676.666666667,1222186.666666667,1265646.666666667,1463856.666666667,1467605.0,1493471.666666667,1480100.0,1476610.0,0
2019-07-24,92.9990247184416,94.23979406678036,90.27128552800043,90.97045135498048,4015500,1,94.73019409179688,95.59775238037108,95.72478332519532,94.98507410685221,93.07183329264325,2355440.0,1639140.0,1365480.0,1411140.0,1508168.333333333,96.85920715332031,95.66767120361328,95.16544342041016,94.98819732666016,95.51010131835938,95.63812408447264,95.53768005371094,95.90400543212893,96.37865142822264,96.46531066894529,96.10390853881836,96.0270980834961,96.06747131347656,96.23290939331056,96.49386596679688,95.84344482421876,95.70853500366209,95.62778587341309,95.59036598205566,95.49041442871092,95.08108596801758,94.93529179890949,94.79778111775715,94.63575388590496,94.44230626424154,93.17517649332682,93.1975643157959,93.25061658223471,93.34298235575358,93.48512624104818,1742600.0,1535700.0,1392300.0,1143960.0,922840.0,1351000.0,1224570.0,1180020.0,1051660.0,914670.0,1207200.0,1136915.0,1188995.0,1163170.0,1127210.0,1330576.666666667,1292713.333333333,1284683.333333333,1256676.666666667,1222186.666666667,1469480.0,1463856.666666667,1467605.0,1493471.666666667,1480100.0,0
2019-07-25,90.70455847250747,92.47709653544297,90.14325600474173,92.4278564453125,3456700,1,94.21812591552734,95.298388671875,95.64748039245606,94.94026209513346,92.98230209350588,2636260.0,1890110.0,1476825.0,1489993.333333333,1537046.666666667,90.97045135498048,96.85920715332031,95.66767120361328,95.16544342041016,94.98819732666016,94.73019409179688,95.63812408447264,95.53768005371094,95.90400543212893,96.37865142822264,95.59775238037108,96.10390853881836,96.0270980834961,96.06747131347656,96.23290939331056,95.72478332519532,95.84344482421876,95.70853500366209,95.62778587341309,95.59036598205566,94.98507410685221,95.08108596801758,94.93529179890949,94.79778111775715,94.63575388590496,93.07183329264325,93.17517649332682,93.1975643157959,93.25061658223471,93.34298235575358,2355440.0,1742600.0,1535700.0,1392300.0,1143960.0,1639140.0,1351000.0,1224570.0,1180020.0,1051660.0,1365480.0,1207200.0,1136915.0,1188995.0,1163170.0,1411140.0,1330576.666666667,1292713.333333333,1284683.333333333,1256676.666666667,1508168.333333333,1469480.0,1463856.666666667,1467605.0,1493471.666666667,0
2019-07-26,92.4771108645668,93.9640656507255,92.28015798651049,93.82620239257812,1706000,1,93.95027770996094,94.92714157104493,95.62926254272459,94.89523773193359,92.91018282572428,2572280.0,1982290.0,1517360.0,1499850.0,1534856.666666667,92.4278564453125,90.97045135498048,96.85920715332031,95.66767120361328,95.16544342041016,94.21812591552734,94.73019409179688,95.63812408447264,95.53768005371094,95.90400543212893,95.298388671875,95.59775238037108,96.10390853881836,96.0270980834961,96.06747131347656,95.64748039245606,95.72478332519532,95.84344482421876,95.70853500366209,95.62778587341309,94.94026209513346,94.98507410685221,95.08108596801758,94.93529179890949,94.79778111775715,92.98230209350588,93.07183329264325,93.17517649332682,93.1975643157959,93.25061658223471,2636260.0,2355440.0,1742600.0,1535700.0,1392300.0,1890110.0,1639140.0,1351000.0,1224570.0,1180020.0,1476825.0,1365480.0,1207200.0,1136915.0,1188995.0,1489993.333333333,1411140.0,1330576.666666667,1292713.333333333,1284683.333333333,1537046.666666667,1508168.333333333,1469480.0,1463856.666666667,1467605.0,0
2019-07-29,93.9542232621434,94.58445744341032,93.33383109000142,94.42689514160156,1502800,0,93.70212249755859,94.61990127563476,95.62680053710938,94.95504302978516,92.86084518432615,2606080.0,2070890.0,1493845.0,1493613.333333333,1542398.333333333,93.82620239257812,92.4278564453125,90.97045135498048,96.85920715332031,95.66767120361328,93.95027770996094,94.21812591552734,94.73019409179688,95.63812408447264,95.53768005371094,94.92714157104493,95.298388671875,95.59775238037108,96.10390853881836,96.0270980834961,95.62926254272459,95.64748039245606,95.72478332519532,95.84344482421876,95.70853500366209,94.89523773193359,94.94026209513346,94.98507410685221,95.08108596801758,94.93529179890949,92.91018282572428,92.98230209350588,93.07183329264325,93.17517649332682,93.1975643157959,2572280.0,2636260.0,2355440.0,1742600.0,1535700.0,1982290.0,1890110.0,1639140.0,1351000.0,1224570.0,1517360.0,1476825.0,1365480.0,1207200.0,1136915.0,1499850.0,1489993.333333333,1411140.0,1330576.666666667,1292713.333333333,1534856.666666667,1537046.666666667,1508168.333333333,1469480.0,1463856.666666667,0
2019-07-30,93.52092756159462,94.01329844903023,93.10733781926477,93.31413269042969,1191600,0,92.9931076049805,94.31561584472657,95.47367286682129,95.00395177205404,92.77871780395508,2374520.0,2058560.0,1489165.0,1491063.333333333,1543285.0,94.42689514160156,93.82620239257812,92.4278564453125,90.97045135498048,96.85920715332031,93.70212249755859,93.95027770996094,94.21812591552734,94.73019409179688,95.63812408447264,94.61990127563476,94.92714157104493,95.298388671875,95.59775238037108,96.10390853881836,95.62680053710938,95.62926254272459,95.64748039245606,95.72478332519532,95.84344482421876,94.95504302978516,94.89523773193359,94.94026209513346,94.98507410685221,95.08108596801758,92.86084518432615,92.91018282572428,92.98230209350588,93.07183329264325,93.17517649332682,2606080.0,2572280.0,2636260.0,2355440.0,1742600.0,2070890.0,1982290.0,1890110.0,1639140.0,1351000.0,1493845.0,1517360.0,1476825.0,1365480.0,1207200.0,1493613.333333333,1499850.0,1489993.333333333,1411140.0,1330576.666666667,1542398.333333333,1534856.666666667,1537046.666666667,1508168.333333333,1469480.0,0
2019-07-31,93.57016869985382,93.6981899506045,91.4923702767988,91.89611053466795,1160700,0,93.17823944091795,93.95421676635742,95.22404136657715,94.97834854125976,92.69947929382325,1803560.0,2079500.0,1497085.0,1444640.0,1524491.666666667,93.31413269042969,94.42689514160156,93.82620239257812,92.4278564453125,90.97045135498048,92.9931076049805,93.70212249755859,93.95027770996094,94.21812591552734,94.73019409179688,94.31561584472657,94.61990127563476,94.92714157104493,95.298388671875,95.59775238037108,95.47367286682129,95.62680053710938,95.62926254272459,95.64748039245606,95.72478332519532,95.00395177205404,94.95504302978516,94.89523773193359,94.94026209513346,94.98507410685221,92.77871780395508,92.86084518432615,92.91018282572428,92.98230209350588,93.07183329264325,2374520.0,2606080.0,2572280.0,2636260.0,2355440.0,2058560.0,2070890.0,1982290.0,1890110.0,1639140.0,1489165.0,1493845.0,1517360.0,1476825.0,1365480.0,1491063.333333333,1493613.333333333,1499850.0,1489993.333333333,1411140.0,1543285.0,1542398.333333333,1534856.666666667,1537046.666666667,1508168.333333333,0
2019-08-01,91.78778224097601,92.447557443605,89.1880644910192,89.41455841064453,1534600,0,92.57557983398438,93.39685287475588,94.8148811340332,94.85919494628908,92.6135903676351,1419140.0,2027700.0,1539680.0,1451346.666666667,1506780.0,91.89611053466795,93.31413269042969,94.42689514160156,93.82620239257812,92.4278564453125,93.17823944091795,92.9931076049805,93.70212249755859,93.95027770996094,94.21812591552734,93.95421676635742,94.31561584472657,94.61990127563476,94.92714157104493,95.298388671875,95.22404136657715,95.47367286682129,95.62680053710938,95.62926254272459,95.64748039245606,94.97834854125976,95.00395177205404,94.95504302978516,94.89523773193359,94.94026209513346,92.69947929382325,92.77871780395508,92.86084518432615,92.91018282572428,92.98230209350588,1803560.0,2374520.0,2606080.0,2572280.0,2636260.0,2079500.0,2058560.0,2070890.0,1982290.0,1890110.0,1497085.0,1489165.0,1493845.0,1517360.0,1476825.0,1444640.0,1491063.333333333,1493613.333333333,1499850.0,1489993.333333333,1524491.666666667,1543285.0,1542398.333333333,1534856.666666667,1537046.666666667,0
2019-08-02,88.75477660979188,88.75477660979188,87.24812284292295,87.73064422607422,2020400,0,91.3564682006836,92.65337295532228,94.36042213439941,94.63631490071613,92.52746836344403,1482020.0,2027150.0,1603585.0,1468380.0,1483361.666666667,89.41455841064453,91.89611053466795,93.31413269042969,94.42689514160156,93.82620239257812,92.57557983398438,93.17823944091795,92.9931076049805,93.70212249755859,93.95027770996094,93.39685287475588,93.95421676635742,94.31561584472657,94.61990127563476,94.92714157104493,94.8148811340332,95.22404136657715,95.47367286682129,95.62680053710938,95.62926254272459,94.85919494628908,94.97834854125976,95.00395177205404,94.95504302978516,94.89523773193359,92.6135903676351,92.69947929382325,92.77871780395508,92.86084518432615,92.91018282572428,1419140.0,1803560.0,2374520.0,2606080.0,2572280.0,2027700.0,2079500.0,2058560.0,2070890.0,1982290.0,1539680.0,1497085.0,1489165.0,1493845.0,1517360.0,1451346.666666667,1444640.0,1491063.333333333,1493613.333333333,1499850.0,1506780.0,1524491.666666667,1543285.0,1542398.333333333,1534856.666666667,0
2019-08-05,85.9581152649532,86.16491014774971,83.94924102966473,84.89459228515625,2056400,1,89.45000762939453,91.57606506347656,93.8015815734863,94.33104502360024,92.39915453592936,1592740.0,2099410.0,1661990.0,1457746.666666667,1489241.666666667,87.73064422607422,89.41455841064453,91.89611053466795,93.31413269042969,94.42689514160156,91.3564682006836,92.57557983398438,93.17823944091795,92.9931076049805,93.70212249755859,92.65337295532228,93.39685287475588,93.95421676635742,94.31561584472657,94.61990127563476,94.36042213439941,94.8148811340332,95.22404136657715,95.47367286682129,95.62680053710938,94.63631490071613,94.85919494628908,94.97834854125976,95.00395177205404,94.95504302978516,92.52746836344403,92.6135903676351,92.69947929382325,92.77871780395508,92.86084518432615,1482020.0,1419140.0,1803560.0,2374520.0,2606080.0,2027150.0,2027700.0,2079500.0,2058560.0,2070890.0,1603585.0,1539680.0,1497085.0,1489165.0,1493845.0,1468380.0,1451346.666666667,1444640.0,1491063.333333333,1493613.333333333,1483361.666666667,1506780.0,1524491.666666667,1543285.0,1542398.333333333,0
2019-08-06,85.75131968993374,86.3323137588648,84.99306427948352,85.93841552734375,1569900,1,87.97486419677735,90.4839859008789,93.29394721984863,94.05695851643878,92.28070640563965,1668400.0,2021460.0,1686230.0,1478620.0,1488970.0,84.89459228515625,87.73064422607422,89.41455841064453,91.89611053466795,93.31413269042969,89.45000762939453,91.3564682006836,92.57557983398438,93.17823944091795,92.9931076049805,91.57606506347656,92.65337295532228,93.39685287475588,93.95421676635742,94.31561584472657,93.8015815734863,94.36042213439941,94.8148811340332,95.22404136657715,95.47367286682129,94.33104502360024,94.63631490071613,94.85919494628908,94.97834854125976,95.00395177205404,92.39915453592936,92.52746836344403,92.6135903676351,92.69947929382325,92.77871780395508,1592740.0,1482020.0,1419140.0,1803560.0,2374520.0,2099410.0,2027150.0,2027700.0,2079500.0,2058560.0,1661990.0,1603585.0,1539680.0,1497085.0,1489165.0,1457746.666666667,1468380.0,1451346.666666667,1444640.0,1491063.333333333,1489241.666666667,1483361.666666667,1506780.0,1524491.666666667,1543285.0,0
2019-08-07,84.94381642721947,86.7261964010582,84.38251398991774,86.44062042236328,1302500,1,86.8837661743164,90.03100280761718,92.81437759399414,93.8268564860026,92.21254069010416,1696760.0,1750160.0,1694650.0,1493706.666666667,1475701.666666667,85.93841552734375,84.89459228515625,87.73064422607422,89.41455841064453,91.89611053466795,87.97486419677735,89.45000762939453,91.3564682006836,92.57557983398438,93.17823944091795,90.4839859008789,91.57606506347656,92.65337295532228,93.39685287475588,93.95421676635742,93.29394721984863,93.8015815734863,94.36042213439941,94.8148811340332,95.22404136657715,94.05695851643878,94.33104502360024,94.63631490071613,94.85919494628908,94.97834854125976,92.28070640563965,92.39915453592936,92.52746836344403,92.6135903676351,92.69947929382325,1668400.0,1592740.0,1482020.0,1419140.0,1803560.0,2021460.0,2099410.0,2027150.0,2027700.0,2079500.0,1686230.0,1661990.0,1603585.0,1539680.0,1497085.0,1478620.0,1457746.666666667,1468380.0,1451346.666666667,1444640.0,1488970.0,1489241.666666667,1483361.666666667,1506780.0,1524491.666666667,0
2019-08-08,87.09056829219735,87.74049398162519,86.55880681194704,87.385986328125,1753600,0,86.4780517578125,89.52681579589844,92.41260223388672,93.60725886027019,92.15783894856771,1740560.0,1579850.0,1734980.0,1511166.666666667,1483428.333333333,86.44062042236328,85.93841552734375,84.89459228515625,87.73064422607422,89.41455841064453,86.8837661743164,87.97486419677735,89.45000762939453,91.3564682006836,92.57557983398438,90.03100280761718,90.4839859008789,91.57606506347656,92.65337295532228,93.39685287475588,92.81437759399414,93.29394721984863,93.8015815734863,94.36042213439941,94.8148811340332,93.8268564860026,94.05695851643878,94.33104502360024,94.63631490071613,94.85919494628908,92.21254069010416,92.28070640563965,92.39915453592936,92.52746836344403,92.6135903676351,1696760.0,1668400.0,1592740.0,1482020.0,1419140.0,1750160.0,2021460.0,2099410.0,2027150.0,2027700.0,1694650.0,1686230.0,1661990.0,1603585.0,1539680.0,1493706.666666667,1478620.0,1457746.666666667,1468380.0,1451346.666666667,1475701.666666667,1488970.0,1489241.666666667,1483361.666666667,1506780.0,0
2019-08-09,87.11026879853668,87.14965937664923,85.46575160550604,85.58392333984375,1337000,0,86.0487075805664,88.702587890625,91.81486473083496,93.32037099202472,92.05754954020182,1603880.0,1542950.0,1762620.0,1525890.0,1487145.0,87.385986328125,86.44062042236328,85.93841552734375,84.89459228515625,87.73064422607422,86.4780517578125,86.8837661743164,87.97486419677735,89.45000762939453,91.3564682006836,89.52681579589844,90.03100280761718,90.4839859008789,91.57606506347656,92.65337295532228,92.41260223388672,92.81437759399414,93.29394721984863,93.8015815734863,94.36042213439941,93.60725886027019,93.8268564860026,94.05695851643878,94.33104502360024,94.63631490071613,92.15783894856771,92.21254069010416,92.28070640563965,92.39915453592936,92.52746836344403,1740560.0,1696760.0,1668400.0,1592740.0,1482020.0,1579850.0,1750160.0,2021460.0,2099410.0,2027150.0,1734980.0,1694650.0,1686230.0,1661990.0,1603585.0,1511166.666666667,1493706.666666667,1478620.0,1457746.666666667,1468380.0,1483428.333333333,1475701.666666667,1488970.0,1489241.666666667,1483361.666666667,0
2019-08-12,84.90444190327969,85.52482655237209,84.33328983796571,84.75672912597656,1466900,1,86.02113494873045,87.7355712890625,91.17773628234863,92.99639078776043,91.94625676472981,1485980.0,1539360.0,1805125.0,1509016.666666667,1487986.666666667,85.58392333984375,87.385986328125,86.44062042236328,85.93841552734375,84.89459228515625,86.0487075805664,86.4780517578125,86.8837661743164,87.97486419677735,89.45000762939453,88.702587890625,89.52681579589844,90.03100280761718,90.4839859008789,91.57606506347656,91.81486473083496,92.41260223388672,92.81437759399414,93.29394721984863,93.8015815734863,93.32037099202472,93.60725886027019,93.8268564860026,94.05695851643878,94.33104502360024,92.05754954020182,92.15783894856771,92.21254069010416,92.28070640563965,92.39915453592936,1603880.0,1740560.0,1696760.0,1668400.0,1592740.0,1542950.0,1579850.0,1750160.0,2021460.0,2099410.0,1762620.0,1734980.0,1694650.0,1686230.0,1661990.0,1525890.0,1511166.666666667,1493706.666666667,1478620.0,1457746.666666667,1487145.0,1483428.333333333,1475701.666666667,1488970.0,1489241.666666667,0
2019-08-13,84.42192680510597,87.98668769220941,84.3037550718543,86.6671371459961,1804200,0,86.16687927246093,87.07087173461916,90.69324378967285,92.67273915608723,91.8907071431478,1532840.0,1600620.0,1829590.0,1526316.666666667,1475048.333333333,84.75672912597656,85.58392333984375,87.385986328125,86.44062042236328,85.93841552734375,86.02113494873045,86.0487075805664,86.4780517578125,86.8837661743164,87.97486419677735,87.7355712890625,88.702587890625,89.52681579589844,90.03100280761718,90.4839859008789,91.17773628234863,91.81486473083496,92.41260223388672,92.81437759399414,93.29394721984863,92.99639078776043,93.32037099202472,93.60725886027019,93.8268564860026,94.05695851643878,91.94625676472981,92.05754954020182,92.15783894856771,92.21254069010416,92.28070640563965,1485980.0,1603880.0,1740560.0,1696760.0,1668400.0,1539360.0,1542950.0,1579850.0,1750160.0,2021460.0,1805125.0,1762620.0,1734980.0,1694650.0,1686230.0,1509016.666666667,1525890.0,1511166.666666667,1493706.666666667,1478620.0,1487986.666666667,1487145.0,1483428.333333333,1475701.666666667,1488970.0,0
2019-08-14,84.88473560146821,85.85963534052145,83.93938442573622,83.96892547607422,1834200,0,85.67254028320312,86.27815322875976,90.11618499755859,92.24207865397136,91.82145792643229,1639180.0,1667970.0,1873735.0,1554046.666666667,1483991.666666667,86.6671371459961,84.75672912597656,85.58392333984375,87.385986328125,86.44062042236328,86.16687927246093,86.02113494873045,86.0487075805664,86.4780517578125,86.8837661743164,87.07087173461916,87.7355712890625,88.702587890625,89.52681579589844,90.03100280761718,90.69324378967285,91.17773628234863,91.81486473083496,92.41260223388672,92.81437759399414,92.67273915608723,92.99639078776043,93.32037099202472,93.60725886027019,93.8268564860026,91.8907071431478,91.94625676472981,92.05754954020182,92.15783894856771,92.21254069010416,1532840.0,1485980.0,1603880.0,1740560.0,1696760.0,1600620.0,1539360.0,1542950.0,1579850.0,1750160.0,1829590.0,1805125.0,1762620.0,1734980.0,1694650.0,1526316.666666667,1509016.666666667,1525890.0,1511166.666666667,1493706.666666667,1475048.333333333,1487986.666666667,1487145.0,1483428.333333333,1475701.666666667,1
2019-08-15,84.11663876081731,84.34313266978104,82.50166288650067,83.10235595703125,1783500,1,84.81581420898438,85.64693298339844,89.52189292907715,91.75889841715497,91.71222559611004,1645160.0,1692860.0,1860280.0,1590740.0,1495935.0,83.96892547607422,86.6671371459961,84.75672912597656,85.58392333984375,87.385986328125,85.67254028320312,86.16687927246093,86.02113494873045,86.0487075805664,86.4780517578125,86.27815322875976,87.07087173461916,87.7355712890625,88.702587890625,89.52681579589844,90.11618499755859,90.69324378967285,91.17773628234863,91.81486473083496,92.41260223388672,92.24207865397136,92.67273915608723,92.99639078776043,93.32037099202472,93.60725886027019,91.82145792643229,91.8907071431478,91.94625676472981,92.05754954020182,92.15783894856771,1639180.0,1532840.0,1485980.0,1603880.0,1740560.0,1667970.0,1600620.0,1539360.0,1542950.0,1579850.0,1873735.0,1829590.0,1805125.0,1762620.0,1734980.0,1554046.666666667,1526316.666666667,1509016.666666667,1525890.0,1511166.666666667,1483991.666666667,1475048.333333333,1487986.666666667,1487145.0,1483428.333333333,0
2019-08-16,83.97878186149488,85.45589460299767,83.55534257507804,85.28849029541016,1016500,1,84.75672760009766,85.40271759033203,89.02804527282714,91.37452061971027,91.65072555541992,1581060.0,1592470.0,1809810.0,1599880.0,1499718.333333333,83.10235595703125,83.96892547607422,86.6671371459961,84.75672912597656,85.58392333984375,84.81581420898438,85.67254028320312,86.16687927246093,86.02113494873045,86.0487075805664,85.64693298339844,86.27815322875976,87.07087173461916,87.7355712890625,88.702587890625,89.52189292907715,90.11618499755859,90.69324378967285,91.17773628234863,91.81486473083496,91.75889841715497,92.24207865397136,92.67273915608723,92.99639078776043,93.32037099202472,91.71222559611004,91.82145792643229,91.8907071431478,91.94625676472981,92.05754954020182,1645160.0,1639180.0,1532840.0,1485980.0,1603880.0,1692860.0,1667970.0,1600620.0,1539360.0,1542950.0,1860280.0,1873735.0,1829590.0,1805125.0,1762620.0,1590740.0,1554046.666666667,1526316.666666667,1509016.666666667,1525890.0,1495935.0,1483991.666666667,1475048.333333333,1487986.666666667,1487145.0,1
2019-08-19,86.36184666458887,87.52384220581905,86.07627817448342,86.85421752929688,1388100,0,85.1762252807617,85.59868011474609,88.58737258911133,91.06728108723956,91.63316624959309,1565300.0,1525640.0,1812525.0,1616540.0,1506676.666666667,85.28849029541016,83.10235595703125,83.96892547607422,86.6671371459961,84.75672912597656,84.75672760009766,84.81581420898438,85.67254028320312,86.16687927246093,86.02113494873045,85.40271759033203,85.64693298339844,86.27815322875976,87.07087173461916,87.7355712890625,89.02804527282714,89.52189292907715,90.11618499755859,90.69324378967285,91.17773628234863,91.37452061971027,91.75889841715497,92.24207865397136,92.67273915608723,92.99639078776043,91.65072555541992,91.71222559611004,91.82145792643229,91.8907071431478,91.94625676472981,1581060.0,1645160.0,1639180.0,1532840.0,1485980.0,1592470.0,1692860.0,1667970.0,1600620.0,1539360.0,1809810.0,1860280.0,1873735.0,1829590.0,1805125.0,1599880.0,1590740.0,1554046.666666667,1526316.666666667,1509016.666666667,1499718.333333333,1495935.0,1483991.666666667,1475048.333333333,1487986.666666667,1
2019-08-20,86.66712249177219,86.66712249177219,85.35741417671186,85.41649627685547,1201900,1,84.9260971069336,85.54648818969727,88.01523704528809,90.71146087646484,91.59131749471027,1444840.0,1488840.0,1755150.0,1620433.333333333,1502038.333333333,86.85421752929688,85.28849029541016,83.10235595703125,83.96892547607422,86.6671371459961,85.1762252807617,84.75672760009766,84.81581420898438,85.67254028320312,86.16687927246093,85.59868011474609,85.40271759033203,85.64693298339844,86.27815322875976,87.07087173461916,88.58737258911133,89.02804527282714,89.52189292907715,90.11618499755859,90.69324378967285,91.06728108723956,91.37452061971027,91.75889841715497,92.24207865397136,92.67273915608723,91.63316624959309,91.65072555541992,91.71222559611004,91.82145792643229,91.8907071431478,1565300.0,1581060.0,1645160.0,1639180.0,1532840.0,1525640.0,1592470.0,1692860.0,1667970.0,1600620.0,1812525.0,1809810.0,1860280.0,1873735.0,1829590.0,1616540.0,1599880.0,1590740.0,1554046.666666667,1526316.666666667,1506676.666666667,1499718.333333333,1495935.0,1483991.666666667,1475048.333333333,1
2019-08-21,86.21414911449672,87.01178758239826,86.01719624323572,86.8148422241211,1600000,0,85.49528045654297,85.58391036987305,87.80745658874511,90.40422185262042,91.58521741231286,1398000.0,1518590.0,1634375.0,1635963.333333333,1498016.666666667,85.41649627685547,86.85421752929688,85.28849029541016,83.10235595703125,83.96892547607422,84.9260971069336,85.1762252807617,84.75672760009766,84.81581420898438,85.67254028320312,85.54648818969727,85.59868011474609,85.40271759033203,85.64693298339844,86.27815322875976,88.01523704528809,88.58737258911133,89.02804527282714,89.52189292907715,90.11618499755859,90.71146087646484,91.06728108723956,91.37452061971027,91.75889841715497,92.24207865397136,91.59131749471027,91.63316624959309,91.65072555541992,91.71222559611004,91.82145792643229,1444840.0,1565300.0,1581060.0,1645160.0,1639180.0,1488840.0,1525640.0,1592470.0,1692860.0,1667970.0,1755150.0,1812525.0,1809810.0,1860280.0,1873735.0,1620433.333333333,1616540.0,1599880.0,1590740.0,1554046.666666667,1502038.333333333,1506676.666666667,1499718.333333333,1495935.0,1483991.666666667,1
2019-08-22,87.2973637208096,87.46476802685419,85.8497920454014,86.50956726074219,1018100,0,86.17672271728516,85.49626846313477,87.5115421295166,90.10715764363607,91.59269332885742,1244920.0,1445040.0,1512445.0,1638333.333333333,1475923.333333333,86.8148422241211,85.41649627685547,86.85421752929688,85.28849029541016,83.10235595703125,85.49528045654297,84.9260971069336,85.1762252807617,84.75672760009766,84.81581420898438,85.58391036987305,85.54648818969727,85.59868011474609,85.40271759033203,85.64693298339844,87.80745658874511,88.01523704528809,88.58737258911133,89.02804527282714,89.52189292907715,90.40422185262042,90.71146087646484,91.06728108723956,91.37452061971027,91.75889841715497,91.58521741231286,91.59131749471027,91.63316624959309,91.65072555541992,91.71222559611004,1398000.0,1444840.0,1565300.0,1581060.0,1645160.0,1518590.0,1488840.0,1525640.0,1592470.0,1692860.0,1634375.0,1755150.0,1812525.0,1809810.0,1860280.0,1635963.333333333,1620433.333333333,1616540.0,1599880.0,1590740.0,1498016.666666667,1502038.333333333,1506676.666666667,1499718.333333333,1495935.0,1
2019-08-23,86.07629534980744,87.38599640139607,83.79168686923677,84.09696197509766,1384300,0,85.93841705322265,85.34757232666016,87.02508010864258,89.65910059611002,91.54538815816244,1318480.0,1449770.0,1496360.0,1658336.666666667,1477471.666666667,86.50956726074219,86.8148422241211,85.41649627685547,86.85421752929688,85.28849029541016,86.17672271728516,85.49528045654297,84.9260971069336,85.1762252807617,84.75672760009766,85.49626846313477,85.58391036987305,85.54648818969727,85.59868011474609,85.40271759033203,87.5115421295166,87.80745658874511,88.01523704528809,88.58737258911133,89.02804527282714,90.10715764363607,90.40422185262042,90.71146087646484,91.06728108723956,91.37452061971027,91.59269332885742,91.58521741231286,91.59131749471027,91.63316624959309,91.65072555541992,1244920.0,1398000.0,1444840.0,1565300.0,1581060.0,1445040.0,1518590.0,1488840.0,1525640.0,1592470.0,1512445.0,1634375.0,1755150.0,1812525.0,1809810.0,1638333.333333333,1635963.333333333,1620433.333333333,1616540.0,1599880.0,1475923.333333333,1498016.666666667,1502038.333333333,1506676.666666667,1499718.333333333,1
2019-08-26,84.85519464126052,84.99305788497308,83.5553358341255,83.9590835571289,1143100,0,85.35939025878906,85.26780776977539,86.50168952941894,89.20776011149088,91.52034289042156,1269480.0,1417390.0,1478375.0,1675880.0,1470955.0,84.09696197509766,86.50956726074219,86.8148422241211,85.41649627685547,86.85421752929688,85.93841705322265,86.17672271728516,85.49528045654297,84.9260971069336,85.1762252807617,85.34757232666016,85.49626846313477,85.58391036987305,85.54648818969727,85.59868011474609,87.02508010864258,87.5115421295166,87.80745658874511,88.01523704528809,88.58737258911133,89.65910059611002,90.10715764363607,90.40422185262042,90.71146087646484,91.06728108723956,91.54538815816244,91.59269332885742,91.58521741231286,91.59131749471027,91.63316624959309,1318480.0,1244920.0,1398000.0,1444840.0,1565300.0,1449770.0,1445040.0,1518590.0,1488840.0,1525640.0,1496360.0,1512445.0,1634375.0,1755150.0,1812525.0,1658336.666666667,1638333.333333333,1635963.333333333,1620433.333333333,1616540.0,1477471.666666667,1475923.333333333,1498016.666666667,1502038.333333333,1506676.666666667,1
2019-08-27,84.51054433184188,84.75672979161921,83.4568708645143,83.74244689941406,752800,1,85.0245803833008,84.97533874511718,86.02310523986816,88.78727544148764,91.48939501444498,1179660.0,1312250.0,1456435.0,1657143.333333333,1461395.0,83.9590835571289,84.09696197509766,86.50956726074219,86.8148422241211,85.41649627685547,85.35939025878906,85.93841705322265,86.17672271728516,85.49528045654297,84.9260971069336,85.26780776977539,85.34757232666016,85.49626846313477,85.58391036987305,85.54648818969727,86.50168952941894,87.02508010864258,87.5115421295166,87.80745658874511,88.01523704528809,89.20776011149088,89.65910059611002,90.10715764363607,90.40422185262042,90.71146087646484,91.52034289042156,91.54538815816244,91.59269332885742,91.58521741231286,91.59131749471027,1269480.0,1318480.0,1244920.0,1398000.0,1444840.0,1417390.0,1449770.0,1445040.0,1518590.0,1488840.0,1478375.0,1496360.0,1512445.0,1634375.0,1755150.0,1675880.0,1658336.666666667,1638333.333333333,1635963.333333333,1620433.333333333,1470955.0,1477471.666666667,1475923.333333333,1498016.666666667,1502038.333333333,1
2019-08-28,83.36824763472447,84.46130416326615,82.7970955654079,83.8901596069336,886900,1,84.43964385986328,84.96746215820312,85.62280769348145,88.39994405110676,91.42112515767415,1037040.0,1217520.0,1442745.0,1654996.666666667,1438591.666666667,83.74244689941406,83.9590835571289,84.09696197509766,86.50956726074219,86.8148422241211,85.0245803833008,85.35939025878906,85.93841705322265,86.17672271728516,85.49528045654297,84.97533874511718,85.26780776977539,85.34757232666016,85.49626846313477,85.58391036987305,86.02310523986816,86.50168952941894,87.02508010864258,87.5115421295166,87.80745658874511,88.78727544148764,89.20776011149088,89.65910059611002,90.10715764363607,90.40422185262042,91.48939501444498,91.52034289042156,91.54538815816244,91.59269332885742,91.58521741231286,1179660.0,1269480.0,1318480.0,1244920.0,1398000.0,1312250.0,1417390.0,1449770.0,1445040.0,1518590.0,1456435.0,1478375.0,1496360.0,1512445.0,1634375.0,1657143.333333333,1675880.0,1658336.666666667,1638333.333333333,1635963.333333333,1461395.0,1470955.0,1477471.666666667,1475923.333333333,1498016.666666667,1
2019-08-29,85.05215377852319,86.50956746623078,85.05215377852319,86.2830810546875,1147500,0,84.39434661865235,85.28553466796875,85.46623382568359,88.10977350870769,91.37276369730631,1062920.0,1153920.0,1423390.0,1624826.666666667,1440751.666666667,83.8901596069336,83.74244689941406,83.9590835571289,84.09696197509766,86.50956726074219,84.43964385986328,85.0245803833008,85.35939025878906,85.93841705322265,86.17672271728516,84.96746215820312,84.97533874511718,85.26780776977539,85.34757232666016,85.49626846313477,85.62280769348145,86.02310523986816,86.50168952941894,87.02508010864258,87.5115421295166,88.39994405110676,88.78727544148764,89.20776011149088,89.65910059611002,90.10715764363607,91.42112515767415,91.48939501444498,91.52034289042156,91.54538815816244,91.59269332885742,1037040.0,1179660.0,1269480.0,1318480.0,1244920.0,1217520.0,1312250.0,1417390.0,1449770.0,1445040.0,1442745.0,1456435.0,1478375.0,1496360.0,1512445.0,1654996.666666667,1657143.333333333,1675880.0,1658336.666666667,1638333.333333333,1438591.666666667,1461395.0,1470955.0,1477471.666666667,1475923.333333333,1
2019-08-30,86.96255551984785,87.18904946447533,85.89903996872727,86.20430755615234,873700,0,84.81581573486328,85.37711639404297,85.3899169921875,87.8110689798991,91.30442504882812,960800.0,1139640.0,1366055.0,1586420.0,1435551.666666667,86.2830810546875,83.8901596069336,83.74244689941406,83.9590835571289,84.09696197509766,84.39434661865235,84.43964385986328,85.0245803833008,85.35939025878906,85.93841705322265,85.28553466796875,84.96746215820312,84.97533874511718,85.26780776977539,85.34757232666016,85.46623382568359,85.62280769348145,86.02310523986816,86.50168952941894,87.02508010864258,88.10977350870769,88.39994405110676,88.78727544148764,89.20776011149088,89.65910059611002,91.37276369730631,91.42112515767415,91.48939501444498,91.52034289042156,91.54538815816244,1062920.0,1037040.0,1179660.0,1269480.0,1318480.0,1153920.0,1217520.0,1312250.0,1417390.0,1449770.0,1423390.0,1442745.0,1456435.0,1478375.0,1496360.0,1624826.666666667,1654996.666666667,1657143.333333333,1675880.0,1658336.666666667,1440751.666666667,1438591.666666667,1461395.0,1470955.0,1477471.666666667,1
2019-09-03,85.01277207189463,85.35743024257552,84.05757120387578,84.38253784179688,980400,1,84.90050659179687,85.12994842529297,85.36431427001953,87.43489786783856,91.18509483337402,928260.0,1098870.0,1312255.0,1574640.0,1433676.666666667,86.20430755615234,86.2830810546875,83.8901596069336,83.74244689941406,83.9590835571289,84.81581573486328,84.39434661865235,84.43964385986328,85.0245803833008,85.35939025878906,85.37711639404297,85.28553466796875,84.96746215820312,84.97533874511718,85.26780776977539,85.3899169921875,85.46623382568359,85.62280769348145,86.02310523986816,86.50168952941894,87.8110689798991,88.10977350870769,88.39994405110676,88.78727544148764,89.20776011149088,91.30442504882812,91.37276369730631,91.42112515767415,91.48939501444498,91.52034289042156,960800.0,1062920.0,1037040.0,1179660.0,1269480.0,1139640.0,1153920.0,1217520.0,1312250.0,1417390.0,1366055.0,1423390.0,1442745.0,1456435.0,1478375.0,1586420.0,1624826.666666667,1654996.666666667,1657143.333333333,1675880.0,1435551.666666667,1440751.666666667,1438591.666666667,1461395.0,1470955.0,1
2019-09-04,85.40666954001817,85.99751318605014,85.17032607121774,85.37712097167969,845200,1,85.22744140625,85.12601089477539,85.33624954223633,87.05216166178387,91.06662381490072,946740.0,1063200.0,1276020.0,1524500.0,1427538.333333333,84.38253784179688,86.20430755615234,86.2830810546875,83.8901596069336,83.74244689941406,84.90050659179687,84.81581573486328,84.39434661865235,84.43964385986328,85.0245803833008,85.12994842529297,85.37711639404297,85.28553466796875,84.96746215820312,84.97533874511718,85.36431427001953,85.3899169921875,85.46623382568359,85.62280769348145,86.02310523986816,87.43489786783856,87.8110689798991,88.10977350870769,88.39994405110676,88.78727544148764,91.18509483337402,91.30442504882812,91.37276369730631,91.42112515767415,91.48939501444498,928260.0,960800.0,1062920.0,1037040.0,1179660.0,1098870.0,1139640.0,1153920.0,1217520.0,1312250.0,1312255.0,1366055.0,1423390.0,1442745.0,1456435.0,1574640.0,1586420.0,1624826.666666667,1654996.666666667,1657143.333333333,1433676.666666667,1435551.666666667,1440751.666666667,1438591.666666667,1461395.0,1
2019-09-05,86.43078499622219,88.56768042484569,86.43078499622219,88.41996765136719,1056500,0,86.13340301513672,85.2865234375,85.43521690368651,86.96714553833006,90.97610982259113,980660.0,1008850.0,1263720.0,1425866.666666667,1418503.333333333,85.37712097167969,84.38253784179688,86.20430755615234,86.2830810546875,83.8901596069336,85.22744140625,84.90050659179687,84.81581573486328,84.39434661865235,84.43964385986328,85.12601089477539,85.12994842529297,85.37711639404297,85.28553466796875,84.96746215820312,85.33624954223633,85.36431427001953,85.3899169921875,85.46623382568359,85.62280769348145,87.05216166178387,87.43489786783856,87.8110689798991,88.10977350870769,88.39994405110676,91.06662381490072,91.18509483337402,91.30442504882812,91.37276369730631,91.42112515767415,946740.0,928260.0,960800.0,1062920.0,1037040.0,1063200.0,1098870.0,1139640.0,1153920.0,1217520.0,1276020.0,1312255.0,1366055.0,1423390.0,1442745.0,1524500.0,1574640.0,1586420.0,1624826.666666667,1654996.666666667,1427538.333333333,1433676.666666667,1435551.666666667,1440751.666666667,1438591.666666667,1
2019-09-06,88.626762792027,88.86309872250362,87.4647671571233,87.95713806152344,1027100,0,86.46821441650391,85.43128051757813,85.46377449035644,86.8181215922038,90.87919184366864,956580.0,1009750.0,1227395.0,1344880.0,1417436.666666667,88.41996765136719,85.37712097167969,84.38253784179688,86.20430755615234,86.2830810546875,86.13340301513672,85.22744140625,84.90050659179687,84.81581573486328,84.39434661865235,85.2865234375,85.12601089477539,85.12994842529297,85.37711639404297,85.28553466796875,85.43521690368651,85.33624954223633,85.36431427001953,85.3899169921875,85.46623382568359,86.96714553833006,87.05216166178387,87.43489786783856,87.8110689798991,88.10977350870769,90.97610982259113,91.06662381490072,91.18509483337402,91.30442504882812,91.37276369730631,980660.0,946740.0,928260.0,960800.0,1062920.0,1008850.0,1063200.0,1098870.0,1139640.0,1153920.0,1263720.0,1276020.0,1312255.0,1366055.0,1423390.0,1425866.666666667,1524500.0,1574640.0,1586420.0,1624826.666666667,1418503.333333333,1427538.333333333,1433676.666666667,1435551.666666667,1440751.666666667,1
2019-09-09,88.58736473894928,88.5972142598412,86.99208043870372,87.61247253417969,1297800,1,86.74984741210938,85.78283157348633,85.56520195007325,86.61099726359049,90.75311749776205,1041400.0,1001100.0,1225435.0,1331273.333333333,1415561.666666667,87.95713806152344,88.41996765136719,85.37712097167969,84.38253784179688,86.20430755615234,86.46821441650391,86.13340301513672,85.22744140625,84.90050659179687,84.81581573486328,85.43128051757813,85.2865234375,85.12601089477539,85.12994842529297,85.37711639404297,85.46377449035644,85.43521690368651,85.33624954223633,85.36431427001953,85.3899169921875,86.8181215922038,86.96714553833006,87.05216166178387,87.43489786783856,87.8110689798991,90.87919184366864,90.97610982259113,91.06662381490072,91.18509483337402,91.30442504882812,956580.0,980660.0,946740.0,928260.0,960800.0,1009750.0,1008850.0,1063200.0,1098870.0,1139640.0,1227395.0,1263720.0,1276020.0,1312255.0,1366055.0,1344880.0,1425866.666666667,1524500.0,1574640.0,1586420.0,1417436.666666667,1418503.333333333,1427538.333333333,1433676.666666667,1435551.666666667,1
2019-09-10,87.12010130978287,88.30178837047916,86.42093558902289,88.23285675048828,1433600,1,87.51991119384766,86.21020889282227,85.73900833129883,86.40452931722004,90.67978617350259,1132040.0,1030150.0,1223770.0,1328966.666666667,1411290.0,87.61247253417969,87.95713806152344,88.41996765136719,85.37712097167969,84.38253784179688,86.74984741210938,86.46821441650391,86.13340301513672,85.22744140625,84.90050659179687,85.78283157348633,85.43128051757813,85.2865234375,85.12601089477539,85.12994842529297,85.56520195007325,85.46377449035644,85.43521690368651,85.33624954223633,85.36431427001953,86.61099726359049,86.8181215922038,86.96714553833006,87.05216166178387,87.43489786783856,90.75311749776205,90.87919184366864,90.97610982259113,91.06662381490072,91.18509483337402,1041400.0,956580.0,980660.0,946740.0,928260.0,1001100.0,1009750.0,1008850.0,1063200.0,1098870.0,1225435.0,1227395.0,1263720.0,1276020.0,1312255.0,1331273.333333333,1344880.0,1425866.666666667,1524500.0,1574640.0,1415561.666666667,1417436.666666667,1418503.333333333,1427538.333333333,1433676.666666667,1
2019-09-11,88.58736344030294,90.13340762640793,87.65186181983177,90.10386657714844,1124800,1,88.4652603149414,86.8463508605957,85.91084480285645,86.29752044677734,90.65073610941569,1187960.0,1067350.0,1189800.0,1326740.0,1408901.666666667,88.23285675048828,87.61247253417969,87.95713806152344,88.41996765136719,85.37712097167969,87.51991119384766,86.74984741210938,86.46821441650391,86.13340301513672,85.22744140625,86.21020889282227,85.78283157348633,85.43128051757813,85.2865234375,85.12601089477539,85.73900833129883,85.56520195007325,85.46377449035644,85.43521690368651,85.33624954223633,86.40452931722004,86.61099726359049,86.8181215922038,86.96714553833006,87.05216166178387,90.67978617350259,90.75311749776205,90.87919184366864,90.97610982259113,91.06662381490072,1132040.0,1041400.0,956580.0,980660.0,946740.0,1030150.0,1001100.0,1009750.0,1008850.0,1063200.0,1223770.0,1225435.0,1227395.0,1263720.0,1276020.0,1328966.666666667,1331273.333333333,1344880.0,1425866.666666667,1524500.0,1411290.0,1415561.666666667,1417436.666666667,1418503.333333333,1427538.333333333,1
2019-09-12,90.56671007525443,92.7528382067486,89.72968099676832,92.51649475097656,2276700,1,89.28456573486328,87.708984375,86.33822326660156,86.3181999206543,90.64827423095706,1432000.0,1206330.0,1211925.0,1363940.0,1404290.0,90.10386657714844,88.23285675048828,87.61247253417969,87.95713806152344,88.41996765136719,88.4652603149414,87.51991119384766,86.74984741210938,86.46821441650391,86.13340301513672,86.8463508605957,86.21020889282227,85.78283157348633,85.43128051757813,85.2865234375,85.91084480285645,85.73900833129883,85.56520195007325,85.46377449035644,85.43521690368651,86.29752044677734,86.40452931722004,86.61099726359049,86.8181215922038,86.96714553833006,90.65073610941569,90.67978617350259,90.75311749776205,90.87919184366864,90.97610982259113,1187960.0,1132040.0,1041400.0,956580.0,980660.0,1067350.0,1030150.0,1001100.0,1009750.0,1008850.0,1189800.0,1223770.0,1225435.0,1227395.0,1263720.0,1326740.0,1328966.666666667,1331273.333333333,1344880.0,1425866.666666667,1408901.666666667,1411290.0,1415561.666666667,1417436.666666667,1418503.333333333,0
2019-09-13,92.86115995362593,93.59971634505035,92.48695324032772,93.26490020751952,2131800,1,90.3461181640625,88.4071662902832,86.84635047912597,86.4465446472168,90.65286979675292,1652940.0,1304760.0,1229340.0,1383846.666666667,1417596.666666667,92.51649475097656,90.10386657714844,88.23285675048828,87.61247253417969,87.95713806152344,89.28456573486328,88.4652603149414,87.51991119384766,86.74984741210938,86.46821441650391,87.708984375,86.8463508605957,86.21020889282227,85.78283157348633,85.43128051757813,86.33822326660156,85.91084480285645,85.73900833129883,85.56520195007325,85.46377449035644,86.3181999206543,86.29752044677734,86.40452931722004,86.61099726359049,86.8181215922038,90.64827423095706,90.65073610941569,90.67978617350259,90.75311749776205,90.87919184366864,1432000.0,1187960.0,1132040.0,1041400.0,956580.0,1206330.0,1067350.0,1030150.0,1001100.0,1009750.0,1211925.0,1189800.0,1223770.0,1225435.0,1227395.0,1363940.0,1326740.0,1328966.666666667,1331273.333333333,1344880.0,1404290.0,1408901.666666667,1411290.0,1415561.666666667,1417436.666666667,0
2019-09-16,93.24515966593941,94.73604991630728,93.02794187241074,93.84744262695312,1830500,1,91.5931121826172,89.17147979736328,87.27429809570313,86.65043792724609,90.64337641398113,1759480.0,1400440.0,1270040.0,1377516.666666667,1422948.333333333,93.26490020751952,92.51649475097656,90.10386657714844,88.23285675048828,87.61247253417969,90.3461181640625,89.28456573486328,88.4652603149414,87.51991119384766,86.74984741210938,88.4071662902832,87.708984375,86.8463508605957,86.21020889282227,85.78283157348633,86.84635047912597,86.33822326660156,85.91084480285645,85.73900833129883,85.56520195007325,86.4465446472168,86.3181999206543,86.29752044677734,86.40452931722004,86.61099726359049,90.65286979675292,90.64827423095706,90.65073610941569,90.67978617350259,90.75311749776205,1652940.0,1432000.0,1187960.0,1132040.0,1041400.0,1304760.0,1206330.0,1067350.0,1030150.0,1001100.0,1229340.0,1211925.0,1189800.0,1223770.0,1225435.0,1383846.666666667,1363940.0,1326740.0,1328966.666666667,1331273.333333333,1417596.666666667,1404290.0,1408901.666666667,1411290.0,1415561.666666667,0
2019-09-17,93.40312953012042,94.02516365932863,92.45527625018276,93.87705993652344,1325600,0,92.72195281982422,90.12093200683594,87.62544021606445,86.949853515625,90.64044926961263,1737880.0,1434960.0,1266915.0,1353156.666666667,1405451.666666667,93.84744262695312,93.26490020751952,92.51649475097656,90.10386657714844,88.23285675048828,91.5931121826172,90.3461181640625,89.28456573486328,88.4652603149414,87.51991119384766,89.17147979736328,88.4071662902832,87.708984375,86.8463508605957,86.21020889282227,87.27429809570313,86.84635047912597,86.33822326660156,85.91084480285645,85.73900833129883,86.65043792724609,86.4465446472168,86.3181999206543,86.29752044677734,86.40452931722004,90.64337641398113,90.65286979675292,90.64827423095706,90.65073610941569,90.67978617350259,1759480.0,1652940.0,1432000.0,1187960.0,1132040.0,1400440.0,1304760.0,1206330.0,1067350.0,1030150.0,1270040.0,1229340.0,1211925.0,1189800.0,1223770.0,1377516.666666667,1383846.666666667,1363940.0,1326740.0,1328966.666666667,1422948.333333333,1417596.666666667,1404290.0,1408901.666666667,1411290.0,0
2019-09-18,93.56110384298859,93.77832162044493,91.90235880852951,93.08717346191406,1460100,0,93.31861419677736,90.89193725585938,88.00897407531738,87.18814544677734,90.62255198160808,1804940.0,1496450.0,1279825.0,1349496.666666667,1414058.333333333,93.87705993652344,93.84744262695312,93.26490020751952,92.51649475097656,90.10386657714844,92.72195281982422,91.5931121826172,90.3461181640625,89.28456573486328,88.4652603149414,90.12093200683594,89.17147979736328,88.4071662902832,87.708984375,86.8463508605957,87.62544021606445,87.27429809570313,86.84635047912597,86.33822326660156,85.91084480285645,86.949853515625,86.65043792724609,86.4465446472168,86.3181999206543,86.29752044677734,90.64044926961263,90.64337641398113,90.65286979675292,90.64827423095706,90.65073610941569,1737880.0,1759480.0,1652940.0,1432000.0,1187960.0,1434960.0,1400440.0,1304760.0,1206330.0,1067350.0,1266915.0,1270040.0,1229340.0,1211925.0,1189800.0,1353156.666666667,1377516.666666667,1383846.666666667,1363940.0,1326740.0,1405451.666666667,1422948.333333333,1417596.666666667,1404290.0,1408901.666666667,0
2019-09-19,93.13654132607219,94.22262265072949,92.87982872948744,93.04767608642578,963000,0,93.4248504638672,91.35470809936524,88.32061576843262,87.40838063557943,90.61761856079102,1542200.0,1487100.0,1247975.0,1338180.0,1415943.333333333,93.08717346191406,93.87705993652344,93.84744262695312,93.26490020751952,92.51649475097656,93.31861419677736,92.72195281982422,91.5931121826172,90.3461181640625,89.28456573486328,90.89193725585938,90.12093200683594,89.17147979736328,88.4071662902832,87.708984375,88.00897407531738,87.62544021606445,87.27429809570313,86.84635047912597,86.33822326660156,87.18814544677734,86.949853515625,86.65043792724609,86.4465446472168,86.3181999206543,90.62255198160808,90.64044926961263,90.64337641398113,90.65286979675292,90.64827423095706,1804940.0,1737880.0,1759480.0,1652940.0,1432000.0,1496450.0,1434960.0,1400440.0,1304760.0,1206330.0,1279825.0,1266915.0,1270040.0,1229340.0,1211925.0,1349496.666666667,1353156.666666667,1377516.666666667,1383846.666666667,1363940.0,1414058.333333333,1405451.666666667,1422948.333333333,1417596.666666667,1404290.0,0
2019-09-20,93.36363106790311,93.64996291208357,92.45527265159359,92.63299560546876,1555100,0,93.29846954345705,91.82229385375976,88.62678718566895,87.58328094482422,90.5952699025472,1426860.0,1539900.0,1274825.0,1331563.333333333,1421365.0,93.04767608642578,93.08717346191406,93.87705993652344,93.84744262695312,93.26490020751952,93.4248504638672,93.31861419677736,92.72195281982422,91.5931121826172,90.3461181640625,91.35470809936524,90.89193725585938,90.12093200683594,89.17147979736328,88.4071662902832,88.32061576843262,88.00897407531738,87.62544021606445,87.27429809570313,86.84635047912597,87.40838063557943,87.18814544677734,86.949853515625,86.65043792724609,86.4465446472168,90.61761856079102,90.62255198160808,90.64044926961263,90.64337641398113,90.65286979675292,1542200.0,1804940.0,1737880.0,1759480.0,1652940.0,1487100.0,1496450.0,1434960.0,1400440.0,1304760.0,1247975.0,1279825.0,1266915.0,1270040.0,1229340.0,1338180.0,1349496.666666667,1353156.666666667,1377516.666666667,1383846.666666667,1415943.333333333,1414058.333333333,1405451.666666667,1422948.333333333,1417596.666666667,0
2019-09-23,92.00108967033508,92.95881846400292,91.55678607030272,92.45526885986328,1169200,1,93.02003479003906,92.30657348632812,89.04470252990723,87.81232579549152,90.56634839375812,1294600.0,1527040.0,1264070.0,1325970.0,1425930.0,92.63299560546876,93.04767608642578,93.08717346191406,93.87705993652344,93.84744262695312,93.29846954345705,93.4248504638672,93.31861419677736,92.72195281982422,91.5931121826172,91.82229385375976,91.35470809936524,90.89193725585938,90.12093200683594,89.17147979736328,88.62678718566895,88.32061576843262,88.00897407531738,87.62544021606445,87.27429809570313,87.58328094482422,87.40838063557943,87.18814544677734,86.949853515625,86.65043792724609,90.5952699025472,90.61761856079102,90.62255198160808,90.64044926961263,90.64337641398113,1426860.0,1542200.0,1804940.0,1737880.0,1759480.0,1539900.0,1487100.0,1496450.0,1434960.0,1400440.0,1274825.0,1247975.0,1279825.0,1266915.0,1270040.0,1331563.333333333,1338180.0,1349496.666666667,1353156.666666667,1377516.666666667,1421365.0,1415943.333333333,1414058.333333333,1405451.666666667,1422948.333333333,0
2019-09-24,92.8897050510354,93.38337906912187,91.74437771329832,92.6428680419922,1567000,1,92.77319641113282,92.74757461547851,89.47889175415041,88.07519709269205,90.53579394022623,1342880.0,1540380.0,1285265.0,1329306.666666667,1419161.666666667,92.45526885986328,92.63299560546876,93.04767608642578,93.08717346191406,93.87705993652344,93.02003479003906,93.29846954345705,93.4248504638672,93.31861419677736,92.72195281982422,92.30657348632812,91.82229385375976,91.35470809936524,90.89193725585938,90.12093200683594,89.04470252990723,88.62678718566895,88.32061576843262,88.00897407531738,87.62544021606445,87.81232579549152,87.58328094482422,87.40838063557943,87.18814544677734,86.949853515625,90.56634839375812,90.5952699025472,90.61761856079102,90.62255198160808,90.64044926961263,1294600.0,1426860.0,1542200.0,1804940.0,1737880.0,1527040.0,1539900.0,1487100.0,1496450.0,1434960.0,1264070.0,1274825.0,1247975.0,1279825.0,1266915.0,1325970.0,1331563.333333333,1338180.0,1349496.666666667,1353156.666666667,1425930.0,1421365.0,1415943.333333333,1414058.333333333,1405451.666666667,0
2019-09-25,92.53426503416227,95.1013685847285,92.17881911592885,94.87427520751952,1430000,1,93.1306167602539,93.22461547851564,90.03548316955566,88.34876836140951,90.51075375874838,1336860.0,1570900.0,1319125.0,1316833.333333333,1421575.0,92.6428680419922,92.45526885986328,92.63299560546876,93.04767608642578,93.08717346191406,92.77319641113282,93.02003479003906,93.29846954345705,93.4248504638672,93.31861419677736,92.74757461547851,92.30657348632812,91.82229385375976,91.35470809936524,90.89193725585938,89.47889175415041,89.04470252990723,88.62678718566895,88.32061576843262,88.00897407531738,88.07519709269205,87.81232579549152,87.58328094482422,87.40838063557943,87.18814544677734,90.53579394022623,90.56634839375812,90.5952699025472,90.61761856079102,90.62255198160808,1342880.0,1294600.0,1426860.0,1542200.0,1804940.0,1540380.0,1527040.0,1539900.0,1487100.0,1496450.0,1285265.0,1264070.0,1274825.0,1247975.0,1279825.0,1329306.666666667,1325970.0,1331563.333333333,1338180.0,1349496.666666667,1419161.666666667,1425930.0,1421365.0,1415943.333333333,1414058.333333333,0
2019-09-26,94.88415144189051,95.68390852977949,94.4102285696072,95.18035888671876,1498100,0,93.5571533203125,93.49100189208984,90.59999313354493,88.722482808431,90.48228073120116,1443880.0,1493040.0,1349685.0,1305630.0,1429838.333333333,94.87427520751952,92.6428680419922,92.45526885986328,92.63299560546876,93.04767608642578,93.1306167602539,92.77319641113282,93.02003479003906,93.29846954345705,93.4248504638672,93.22461547851564,92.74757461547851,92.30657348632812,91.82229385375976,91.35470809936524,90.03548316955566,89.47889175415041,89.04470252990723,88.62678718566895,88.32061576843262,88.34876836140951,88.07519709269205,87.81232579549152,87.58328094482422,87.40838063557943,90.51075375874838,90.53579394022623,90.56634839375812,90.5952699025472,90.61761856079102,1336860.0,1342880.0,1294600.0,1426860.0,1542200.0,1570900.0,1540380.0,1527040.0,1539900.0,1487100.0,1319125.0,1285265.0,1264070.0,1274825.0,1247975.0,1316833.333333333,1329306.666666667,1325970.0,1331563.333333333,1338180.0,1421575.0,1419161.666666667,1425930.0,1421365.0,1415943.333333333,0
2019-09-27,95.5851594831884,95.5851594831884,94.26211675109205,94.51882934570312,1586100,1,93.93432006835936,93.6163948059082,91.0117805480957,89.10303192138672,90.43096516927083,1450080.0,1438470.0,1371615.0,1299050.0,1444895.0,95.18035888671876,94.87427520751952,92.6428680419922,92.45526885986328,92.63299560546876,93.5571533203125,93.1306167602539,92.77319641113282,93.02003479003906,93.29846954345705,93.49100189208984,93.22461547851564,92.74757461547851,92.30657348632812,91.82229385375976,90.59999313354493,90.03548316955566,89.47889175415041,89.04470252990723,88.62678718566895,88.722482808431,88.34876836140951,88.07519709269205,87.81232579549152,87.58328094482422,90.48228073120116,90.51075375874838,90.53579394022623,90.56634839375812,90.5952699025472,1443880.0,1336860.0,1342880.0,1294600.0,1426860.0,1493040.0,1570900.0,1540380.0,1527040.0,1539900.0,1349685.0,1319125.0,1285265.0,1264070.0,1274825.0,1305630.0,1316833.333333333,1329306.666666667,1325970.0,1331563.333333333,1429838.333333333,1421575.0,1419161.666666667,1425930.0,1421365.0,0
2019-09-30,95.27908325195312,95.44693060627044,94.59781071248374,95.27908325195312,985200,0,94.49908294677736,93.7595588684082,91.46551933288576,89.4360516866048,90.40528615315756,1413280.0,1353940.0,1377190.0,1298006.666666667,1448943.333333333,94.51882934570312,95.18035888671876,94.87427520751952,92.6428680419922,92.45526885986328,93.93432006835936,93.5571533203125,93.1306167602539,92.77319641113282,93.02003479003906,93.6163948059082,93.49100189208984,93.22461547851564,92.74757461547851,92.30657348632812,91.0117805480957,90.59999313354493,90.03548316955566,89.47889175415041,89.04470252990723,89.10303192138672,88.722482808431,88.34876836140951,88.07519709269205,87.81232579549152,90.43096516927083,90.48228073120116,90.51075375874838,90.53579394022623,90.56634839375812,1450080.0,1443880.0,1336860.0,1342880.0,1294600.0,1438470.0,1493040.0,1570900.0,1540380.0,1527040.0,1371615.0,1349685.0,1319125.0,1285265.0,1264070.0,1299050.0,1305630.0,1316833.333333333,1329306.666666667,1325970.0,1444895.0,1429838.333333333,1421575.0,1419161.666666667,1425930.0,0
2019-10-01,95.77277159700012,96.43429305684352,93.91655976654049,94.07453155517578,1639500,0,94.78541564941406,93.77930603027343,91.95011901855469,89.67672882080078,90.3720049540202,1427780.0,1385330.0,1410145.0,1306386.666666667,1461463.333333333,95.27908325195312,94.51882934570312,95.18035888671876,94.87427520751952,92.6428680419922,94.49908294677736,93.93432006835936,93.5571533203125,93.1306167602539,92.77319641113282,93.7595588684082,93.6163948059082,93.49100189208984,93.22461547851564,92.74757461547851,91.46551933288576,91.0117805480957,90.59999313354493,90.03548316955566,89.47889175415041,89.4360516866048,89.10303192138672,88.722482808431,88.34876836140951,88.07519709269205,90.40528615315756,90.43096516927083,90.48228073120116,90.51075375874838,90.53579394022623,1413280.0,1450080.0,1443880.0,1336860.0,1342880.0,1353940.0,1438470.0,1493040.0,1570900.0,1540380.0,1377190.0,1371615.0,1349685.0,1319125.0,1285265.0,1298006.666666667,1299050.0,1305630.0,1316833.333333333,1329306.666666667,1448943.333333333,1444895.0,1429838.333333333,1421575.0,1419161.666666667,0
2019-10-02,93.24516125371252,93.40313303987068,91.62591089803156,92.20844268798828,1296300,1,94.25224914550782,93.69143295288086,92.29168510437012,89.90312703450519,90.30729395548502,1401040.0,1368950.0,1432700.0,1309533.333333333,1464983.333333333,94.07453155517578,95.27908325195312,94.51882934570312,95.18035888671876,94.87427520751952,94.78541564941406,94.49908294677736,93.93432006835936,93.5571533203125,93.1306167602539,93.77930603027343,93.7595588684082,93.6163948059082,93.49100189208984,93.22461547851564,91.95011901855469,91.46551933288576,91.0117805480957,90.59999313354493,90.03548316955566,89.67672882080078,89.4360516866048,89.10303192138672,88.722482808431,88.34876836140951,90.3720049540202,90.40528615315756,90.43096516927083,90.48228073120116,90.51075375874838,1427780.0,1413280.0,1450080.0,1443880.0,1336860.0,1385330.0,1353940.0,1438470.0,1493040.0,1570900.0,1410145.0,1377190.0,1371615.0,1349685.0,1319125.0,1306386.666666667,1298006.666666667,1299050.0,1305630.0,1316833.333333333,1461463.333333333,1448943.333333333,1444895.0,1429838.333333333,1421575.0,0
2019-10-03,92.3664123470039,93.44261809706279,91.42842718733496,93.4228744506836,881400,1,93.90075225830078,93.72895278930665,92.54183044433594,90.12339477539062,90.2638083140055,1277700.0,1360790.0,1423945.0,1285580.0,1460771.666666667,92.20844268798828,94.07453155517578,95.27908325195312,94.51882934570312,95.18035888671876,94.25224914550782,94.78541564941406,94.49908294677736,93.93432006835936,93.5571533203125,93.69143295288086,93.77930603027343,93.7595588684082,93.6163948059082,93.49100189208984,92.29168510437012,91.95011901855469,91.46551933288576,91.0117805480957,90.59999313354493,89.90312703450519,89.67672882080078,89.4360516866048,89.10303192138672,88.722482808431,90.30729395548502,90.3720049540202,90.40528615315756,90.43096516927083,90.48228073120116,1401040.0,1427780.0,1413280.0,1450080.0,1443880.0,1368950.0,1385330.0,1353940.0,1438470.0,1493040.0,1432700.0,1410145.0,1377190.0,1371615.0,1349685.0,1309533.333333333,1306386.666666667,1298006.666666667,1299050.0,1305630.0,1464983.333333333,1461463.333333333,1448943.333333333,1444895.0,1429838.333333333,0
2019-10-04,93.36364072935163,94.96314747974816,93.36364072935163,94.92365264892578,872400,0,93.98171691894531,93.95801849365236,92.89015617370606,90.40386428833008,90.25551096598309,1134960.0,1292520.0,1416210.0,1280723.333333333,1459528.333333333,93.4228744506836,92.20844268798828,94.07453155517578,95.27908325195312,94.51882934570312,93.90075225830078,94.25224914550782,94.78541564941406,94.49908294677736,93.93432006835936,93.72895278930665,93.69143295288086,93.77930603027343,93.7595588684082,93.6163948059082,92.54183044433594,92.29168510437012,91.95011901855469,91.46551933288576,91.0117805480957,90.12339477539062,89.90312703450519,89.67672882080078,89.4360516866048,89.10303192138672,90.2638083140055,90.30729395548502,90.3720049540202,90.40528615315756,90.43096516927083,1277700.0,1401040.0,1427780.0,1413280.0,1450080.0,1360790.0,1368950.0,1385330.0,1353940.0,1438470.0,1423945.0,1432700.0,1410145.0,1377190.0,1371615.0,1285580.0,1309533.333333333,1306386.666666667,1298006.666666667,1299050.0,1460771.666666667,1464983.333333333,1461463.333333333,1448943.333333333,1444895.0,0
2019-10-07,94.49908585187687,95.1408636241624,94.04490662931728,94.16339111328124,986200,0,93.75857849121094,94.12883071899414,93.21770210266114,90.73941192626951,90.19925626118976,1135160.0,1274220.0,1400630.0,1267453.333333333,1462895.0,94.92365264892578,93.4228744506836,92.20844268798828,94.07453155517578,95.27908325195312,93.98171691894531,93.90075225830078,94.25224914550782,94.78541564941406,94.49908294677736,93.95801849365236,93.72895278930665,93.69143295288086,93.77930603027343,93.7595588684082,92.89015617370606,92.54183044433594,92.29168510437012,91.95011901855469,91.46551933288576,90.40386428833008,90.12339477539062,89.90312703450519,89.67672882080078,89.4360516866048,90.25551096598309,90.2638083140055,90.30729395548502,90.3720049540202,90.40528615315756,1134960.0,1277700.0,1401040.0,1427780.0,1413280.0,1292520.0,1360790.0,1368950.0,1385330.0,1353940.0,1416210.0,1423945.0,1432700.0,1410145.0,1377190.0,1280723.333333333,1285580.0,1309533.333333333,1306386.666666667,1298006.666666667,1459528.333333333,1460771.666666667,1464983.333333333,1461463.333333333,1448943.333333333,0
2019-10-08,93.37351192458937,93.37351192458937,91.76413719190235,92.0010986328125,917300,1,93.34389190673828,94.06465377807619,93.40611419677734,91.007479095459,90.10761960347492,990720.0,1209250.0,1374815.0,1259926.666666667,1467903.333333333,94.16339111328124,94.92365264892578,93.4228744506836,92.20844268798828,94.07453155517578,93.75857849121094,93.98171691894531,93.90075225830078,94.25224914550782,94.78541564941406,94.12883071899414,93.95801849365236,93.72895278930665,93.69143295288086,93.77930603027343,93.21770210266114,92.89015617370606,92.54183044433594,92.29168510437012,91.95011901855469,90.73941192626951,90.40386428833008,90.12339477539062,89.90312703450519,89.67672882080078,90.19925626118976,90.25551096598309,90.2638083140055,90.30729395548502,90.3720049540202,1135160.0,1134960.0,1277700.0,1401040.0,1427780.0,1274220.0,1292520.0,1360790.0,1368950.0,1385330.0,1400630.0,1416210.0,1423945.0,1432700.0,1410145.0,1267453.333333333,1280723.333333333,1285580.0,1309533.333333333,1306386.666666667,1462895.0,1459528.333333333,1460771.666666667,1464983.333333333,1461463.333333333,0
2019-10-09,93.2056584597364,94.2917398202018,92.55400512373645,93.74869537353516,1002000,1,93.65194244384766,93.95209579467772,93.58835563659667,91.34102071126304,90.06414807637533,931860.0,1166450.0,1368675.0,1268233.333333333,1462688.333333333,92.0010986328125,94.16339111328124,94.92365264892578,93.4228744506836,92.20844268798828,93.34389190673828,93.75857849121094,93.98171691894531,93.90075225830078,94.25224914550782,94.06465377807619,94.12883071899414,93.95801849365236,93.72895278930665,93.69143295288086,93.40611419677734,93.21770210266114,92.89015617370606,92.54183044433594,92.29168510437012,91.007479095459,90.73941192626951,90.40386428833008,90.12339477539062,89.90312703450519,90.10761960347492,90.19925626118976,90.25551096598309,90.2638083140055,90.30729395548502,990720.0,1135160.0,1134960.0,1277700.0,1401040.0,1209250.0,1274220.0,1292520.0,1360790.0,1368950.0,1374815.0,1400630.0,1416210.0,1423945.0,1432700.0,1259926.666666667,1267453.333333333,1280723.333333333,1285580.0,1309533.333333333,1467903.333333333,1462895.0,1459528.333333333,1460771.666666667,1464983.333333333,0
2019-10-10,93.70920554006777,95.10136235117432,93.52160700305537,94.3016128540039,783000,1,93.82769012451172,93.86422119140623,93.67761154174805,91.68806915283206,90.04400660196941,912180.0,1094940.0,1293990.0,1264770.0,1459883.333333333,93.74869537353516,92.0010986328125,94.16339111328124,94.92365264892578,93.4228744506836,93.65194244384766,93.34389190673828,93.75857849121094,93.98171691894531,93.90075225830078,93.95209579467772,94.06465377807619,94.12883071899414,93.95801849365236,93.72895278930665,93.58835563659667,93.40611419677734,93.21770210266114,92.89015617370606,92.54183044433594,91.34102071126304,91.007479095459,90.73941192626951,90.40386428833008,90.12339477539062,90.06414807637533,90.10761960347492,90.19925626118976,90.25551096598309,90.2638083140055,931860.0,990720.0,1135160.0,1134960.0,1277700.0,1166450.0,1209250.0,1274220.0,1292520.0,1360790.0,1368675.0,1374815.0,1400630.0,1416210.0,1423945.0,1268233.333333333,1259926.666666667,1267453.333333333,1280723.333333333,1285580.0,1462688.333333333,1467903.333333333,1462895.0,1459528.333333333,1460771.666666667,0
2019-10-11,95.34820490689152,96.98720635476538,95.34820490689152,95.75302124023438,1332800,0,93.99356384277344,93.98764038085938,93.8020175933838,92.0037338256836,90.05675366719565,1004260.0,1069610.0,1254040.0,1270946.666666667,1447886.666666667,94.3016128540039,93.74869537353516,92.0010986328125,94.16339111328124,94.92365264892578,93.82769012451172,93.65194244384766,93.34389190673828,93.75857849121094,93.98171691894531,93.86422119140623,93.95209579467772,94.06465377807619,94.12883071899414,93.95801849365236,93.67761154174805,93.58835563659667,93.40611419677734,93.21770210266114,92.89015617370606,91.68806915283206,91.34102071126304,91.007479095459,90.73941192626951,90.40386428833008,90.04400660196941,90.06414807637533,90.10761960347492,90.19925626118976,90.25551096598309,912180.0,931860.0,990720.0,1135160.0,1134960.0,1094940.0,1166450.0,1209250.0,1274220.0,1292520.0,1293990.0,1368675.0,1374815.0,1400630.0,1416210.0,1264770.0,1268233.333333333,1259926.666666667,1267453.333333333,1280723.333333333,1459883.333333333,1462688.333333333,1467903.333333333,1462895.0,1459528.333333333,0
2019-10-14,95.66416300288476,96.1282178452022,95.41732596189621,95.68391418457031,1278300,1,94.29766845703124,94.02812347412107,93.89384117126465,92.31972071329751,90.06539484659832,1062680.0,1098920.0,1226430.0,1284433.333333333,1435426.666666667,95.75302124023438,94.3016128540039,93.74869537353516,92.0010986328125,94.16339111328124,93.99356384277344,93.82769012451172,93.65194244384766,93.34389190673828,93.75857849121094,93.98764038085938,93.86422119140623,93.95209579467772,94.06465377807619,94.12883071899414,93.8020175933838,93.67761154174805,93.58835563659667,93.40611419677734,93.21770210266114,92.0037338256836,91.68806915283206,91.34102071126304,91.007479095459,90.73941192626951,90.05675366719565,90.04400660196941,90.06414807637533,90.10761960347492,90.19925626118976,1004260.0,912180.0,931860.0,990720.0,1135160.0,1069610.0,1094940.0,1166450.0,1209250.0,1274220.0,1254040.0,1293990.0,1368675.0,1374815.0,1400630.0,1270946.666666667,1264770.0,1268233.333333333,1259926.666666667,1267453.333333333,1447886.666666667,1459883.333333333,1462688.333333333,1467903.333333333,1462895.0,0
2019-10-15,96.16769777201503,97.59934937472934,95.6246533528517,97.17478942871094,1103500,1,95.33240661621092,94.33814926147458,94.05872764587404,92.746129099528,90.09051348368328,1099920.0,1045320.0,1215325.0,1288536.666666667,1431588.333333333,95.68391418457031,95.75302124023438,94.3016128540039,93.74869537353516,92.0010986328125,94.29766845703124,93.99356384277344,93.82769012451172,93.65194244384766,93.34389190673828,94.02812347412107,93.98764038085938,93.86422119140623,93.95209579467772,94.06465377807619,93.89384117126465,93.8020175933838,93.67761154174805,93.58835563659667,93.40611419677734,92.31972071329751,92.0037338256836,91.68806915283206,91.34102071126304,91.007479095459,90.06539484659832,90.05675366719565,90.04400660196941,90.06414807637533,90.10761960347492,1062680.0,1004260.0,912180.0,931860.0,990720.0,1098920.0,1069610.0,1094940.0,1166450.0,1209250.0,1226430.0,1254040.0,1293990.0,1368675.0,1374815.0,1284433.333333333,1270946.666666667,1264770.0,1268233.333333333,1259926.666666667,1435426.666666667,1447886.666666667,1459883.333333333,1462688.333333333,1467903.333333333,0
2019-10-16,96.88846515619731,97.6289762221407,96.83910227152195,97.53024291992188,1252200,0,96.08871612548828,94.87032928466795,94.28088111877442,93.15123316446942,90.10169741312664,1149960.0,1040910.0,1204930.0,1302103.333333333,1413301.666666667,97.17478942871094,95.68391418457031,95.75302124023438,94.3016128540039,93.74869537353516,95.33240661621092,94.29766845703124,93.99356384277344,93.82769012451172,93.65194244384766,94.33814926147458,94.02812347412107,93.98764038085938,93.86422119140623,93.95209579467772,94.05872764587404,93.89384117126465,93.8020175933838,93.67761154174805,93.58835563659667,92.746129099528,92.31972071329751,92.0037338256836,91.68806915283206,91.34102071126304,90.09051348368328,90.06539484659832,90.05675366719565,90.04400660196941,90.06414807637533,1099920.0,1062680.0,1004260.0,912180.0,931860.0,1045320.0,1098920.0,1069610.0,1094940.0,1166450.0,1215325.0,1226430.0,1254040.0,1293990.0,1368675.0,1288536.666666667,1284433.333333333,1270946.666666667,1264770.0,1268233.333333333,1431588.333333333,1435426.666666667,1447886.666666667,1459883.333333333,1462688.333333333,0
2019-10-17,97.7474594595598,98.2312579072778,97.2439098319287,97.39201354980469,816000,1,96.70679626464843,95.26724319458008,94.49809799194335,93.450301361084,90.20872344970705,1156560.0,1034370.0,1197580.0,1294086.666666667,1359976.666666667,97.53024291992188,97.17478942871094,95.68391418457031,95.75302124023438,94.3016128540039,96.08871612548828,95.33240661621092,94.29766845703124,93.99356384277344,93.82769012451172,94.87032928466795,94.33814926147458,94.02812347412107,93.98764038085938,93.86422119140623,94.28088111877442,94.05872764587404,93.89384117126465,93.8020175933838,93.67761154174805,93.15123316446942,92.746129099528,92.31972071329751,92.0037338256836,91.68806915283206,90.10169741312664,90.09051348368328,90.06539484659832,90.05675366719565,90.04400660196941,1149960.0,1099920.0,1062680.0,1004260.0,912180.0,1040910.0,1045320.0,1098920.0,1069610.0,1094940.0,1204930.0,1215325.0,1226430.0,1254040.0,1293990.0,1302103.333333333,1288536.666666667,1284433.333333333,1270946.666666667,1264770.0,1413301.666666667,1431588.333333333,1435426.666666667,1447886.666666667,1459883.333333333,0
2019-10-18,97.36240186439262,98.379369255621,97.25379296505085,97.74746704101562,1264500,1,97.10568542480469,95.54962463378908,94.7538215637207,93.7766456604004,90.29738362630206,1142900.0,1073580.0,1183050.0,1302000.0,1323440.0,97.39201354980469,97.53024291992188,97.17478942871094,95.68391418457031,95.75302124023438,96.70679626464843,96.08871612548828,95.33240661621092,94.29766845703124,93.99356384277344,95.26724319458008,94.87032928466795,94.33814926147458,94.02812347412107,93.98764038085938,94.49809799194335,94.28088111877442,94.05872764587404,93.89384117126465,93.8020175933838,93.450301361084,93.15123316446942,92.746129099528,92.31972071329751,92.0037338256836,90.20872344970705,90.10169741312664,90.09051348368328,90.06539484659832,90.05675366719565,1156560.0,1149960.0,1099920.0,1062680.0,1004260.0,1034370.0,1040910.0,1045320.0,1098920.0,1069610.0,1197580.0,1204930.0,1215325.0,1226430.0,1254040.0,1294086.666666667,1302103.333333333,1288536.666666667,1284433.333333333,1270946.666666667,1359976.666666667,1413301.666666667,1431588.333333333,1435426.666666667,1447886.666666667,0
2019-10-21,98.43860177496059,99.24822690921505,98.1226506867849,99.1396255493164,1368700,0,97.79682769775393,96.04724807739258,95.08803939819336,94.16088409423828,90.38594067891441,1160980.0,1111830.0,1193025.0,1304363.333333333,1317818.333333333,97.74746704101562,97.39201354980469,97.53024291992188,97.17478942871094,95.68391418457031,97.10568542480469,96.70679626464843,96.08871612548828,95.33240661621092,94.29766845703124,95.54962463378908,95.26724319458008,94.87032928466795,94.33814926147458,94.02812347412107,94.7538215637207,94.49809799194335,94.28088111877442,94.05872764587404,93.89384117126465,93.7766456604004,93.450301361084,93.15123316446942,92.746129099528,92.31972071329751,90.29738362630206,90.20872344970705,90.10169741312664,90.09051348368328,90.06539484659832,1142900.0,1156560.0,1149960.0,1099920.0,1062680.0,1073580.0,1034370.0,1040910.0,1045320.0,1098920.0,1183050.0,1197580.0,1204930.0,1215325.0,1226430.0,1302000.0,1294086.666666667,1302103.333333333,1288536.666666667,1284433.333333333,1323440.0,1359976.666666667,1413301.666666667,1431588.333333333,1435426.666666667,0
2019-10-22,98.18190448509128,98.7150734011058,97.70797404878876,97.8363265991211,1277900,1,97.92913513183592,96.63077087402344,95.3477123260498,94.48099975585936,90.44276453653973,1195860.0,1147890.0,1178570.0,1299173.333333333,1314070.0,99.1396255493164,97.74746704101562,97.39201354980469,97.53024291992188,97.17478942871094,97.79682769775393,97.10568542480469,96.70679626464843,96.08871612548828,95.33240661621092,96.04724807739258,95.54962463378908,95.26724319458008,94.87032928466795,94.33814926147458,95.08803939819336,94.7538215637207,94.49809799194335,94.28088111877442,94.05872764587404,94.16088409423828,93.7766456604004,93.450301361084,93.15123316446942,92.746129099528,90.38594067891441,90.29738362630206,90.20872344970705,90.10169741312664,90.09051348368328,1160980.0,1142900.0,1156560.0,1149960.0,1099920.0,1111830.0,1073580.0,1034370.0,1040910.0,1045320.0,1193025.0,1183050.0,1197580.0,1204930.0,1215325.0,1304363.333333333,1302000.0,1294086.666666667,1302103.333333333,1288536.666666667,1317818.333333333,1323440.0,1359976.666666667,1413301.666666667,1431588.333333333,0
2019-10-23,100.21582978887028,100.45279121808424,97.1550522575572,100.3046875,2033700,1,98.48402404785156,97.28637008666992,95.61923294067385,94.82102711995441,90.55927378336588,1352160.0,1251060.0,1208755.0,1329470.0,1328105.0,97.8363265991211,99.1396255493164,97.74746704101562,97.39201354980469,97.53024291992188,97.92913513183592,97.79682769775393,97.10568542480469,96.70679626464843,96.08871612548828,96.63077087402344,96.04724807739258,95.54962463378908,95.26724319458008,94.87032928466795,95.3477123260498,95.08803939819336,94.7538215637207,94.49809799194335,94.28088111877442,94.48099975585936,94.16088409423828,93.7766456604004,93.450301361084,93.15123316446942,90.44276453653973,90.38594067891441,90.29738362630206,90.20872344970705,90.10169741312664,1195860.0,1160980.0,1142900.0,1156560.0,1149960.0,1147890.0,1111830.0,1073580.0,1034370.0,1040910.0,1178570.0,1193025.0,1183050.0,1197580.0,1204930.0,1299173.333333333,1304363.333333333,1302000.0,1294086.666666667,1302103.333333333,1314070.0,1317818.333333333,1323440.0,1359976.666666667,1413301.666666667,0
2019-10-24,100.70950130563158,100.94646272891244,99.9986095029212,100.50215911865234,1188700,0,99.10605316162108,97.90642471313477,95.88532295227051,95.08721593221027,90.70270792643231,1426700.0,1291630.0,1193285.0,1293203.333333333,1328571.666666667,100.3046875,97.8363265991211,99.1396255493164,97.74746704101562,97.39201354980469,98.48402404785156,97.92913513183592,97.79682769775393,97.10568542480469,96.70679626464843,97.28637008666992,96.63077087402344,96.04724807739258,95.54962463378908,95.26724319458008,95.61923294067385,95.3477123260498,95.08803939819336,94.7538215637207,94.49809799194335,94.82102711995441,94.48099975585936,94.16088409423828,93.7766456604004,93.450301361084,90.55927378336588,90.44276453653973,90.38594067891441,90.29738362630206,90.20872344970705,1352160.0,1195860.0,1160980.0,1142900.0,1156560.0,1251060.0,1147890.0,1111830.0,1073580.0,1034370.0,1208755.0,1178570.0,1193025.0,1183050.0,1197580.0,1329470.0,1299173.333333333,1304363.333333333,1302000.0,1294086.666666667,1328105.0,1314070.0,1317818.333333333,1323440.0,1359976.666666667,0
2019-10-25,100.39355046939659,100.70950154547948,98.85328991510107,98.96189880371094,1875500,1,99.34893951416015,98.22731246948244,96.1074764251709,95.27711588541666,90.86183026631672,1548900.0,1345900.0,1207755.0,1284660.0,1334253.333333333,100.50215911865234,100.3046875,97.8363265991211,99.1396255493164,97.74746704101562,99.10605316162108,98.48402404785156,97.92913513183592,97.79682769775393,97.10568542480469,97.90642471313477,97.28637008666992,96.63077087402344,96.04724807739258,95.54962463378908,95.88532295227051,95.61923294067385,95.3477123260498,95.08803939819336,94.7538215637207,95.08721593221027,94.82102711995441,94.48099975585936,94.16088409423828,93.7766456604004,90.70270792643231,90.55927378336588,90.44276453653973,90.38594067891441,90.29738362630206,1426700.0,1352160.0,1195860.0,1160980.0,1142900.0,1291630.0,1251060.0,1147890.0,1111830.0,1073580.0,1193285.0,1208755.0,1178570.0,1193025.0,1183050.0,1293203.333333333,1329470.0,1299173.333333333,1304363.333333333,1302000.0,1328571.666666667,1328105.0,1314070.0,1317818.333333333,1323440.0,0
2019-10-28,99.29760097005493,100.53178613053235,99.01126910888,99.90975952148438,1471500,0,99.50296630859377,98.64989700317385,96.33901023864746,95.47919311523438,91.06481552124023,1569460.0,1365220.0,1232070.0,1272693.333333333,1325105.0,98.96189880371094,100.50215911865234,100.3046875,97.8363265991211,99.1396255493164,99.34893951416015,99.10605316162108,98.48402404785156,97.92913513183592,97.79682769775393,98.22731246948244,97.90642471313477,97.28637008666992,96.63077087402344,96.04724807739258,96.1074764251709,95.88532295227051,95.61923294067385,95.3477123260498,95.08803939819336,95.27711588541666,95.08721593221027,94.82102711995441,94.48099975585936,94.16088409423828,90.86183026631672,90.70270792643231,90.55927378336588,90.44276453653973,90.38594067891441,1548900.0,1426700.0,1352160.0,1195860.0,1160980.0,1345900.0,1291630.0,1251060.0,1147890.0,1111830.0,1207755.0,1193285.0,1208755.0,1178570.0,1193025.0,1284660.0,1293203.333333333,1329470.0,1299173.333333333,1304363.333333333,1334253.333333333,1328571.666666667,1328105.0,1314070.0,1317818.333333333,0
2019-10-29,99.22847746589872,100.19608185415736,99.0606301079243,99.70240783691406,880600,0,99.87618255615234,98.90265884399416,96.62040405273436,95.67337137858073,91.31161244710285,1490000.0,1342930.0,1194125.0,1257860.0,1305508.333333333,99.90975952148438,98.96189880371094,100.50215911865234,100.3046875,97.8363265991211,99.50296630859377,99.34893951416015,99.10605316162108,98.48402404785156,97.92913513183592,98.64989700317385,98.22731246948244,97.90642471313477,97.28637008666992,96.63077087402344,96.33901023864746,96.1074764251709,95.88532295227051,95.61923294067385,95.3477123260498,95.47919311523438,95.27711588541666,95.08721593221027,94.82102711995441,94.48099975585936,91.06481552124023,90.86183026631672,90.70270792643231,90.55927378336588,90.44276453653973,1569460.0,1548900.0,1426700.0,1352160.0,1195860.0,1365220.0,1345900.0,1291630.0,1251060.0,1147890.0,1232070.0,1207755.0,1193285.0,1208755.0,1178570.0,1272693.333333333,1284660.0,1293203.333333333,1329470.0,1299173.333333333,1325105.0,1334253.333333333,1328571.666666667,1328105.0,1314070.0,0
2019-10-30,99.22848250797466,99.6925373130221,98.01404104938526,99.54443359375,1057200,0,99.72413177490236,99.10407791137695,96.98720359802246,95.88861338297528,91.53837941487629,1294700.0,1323430.0,1182170.0,1244430.0,1296963.333333333,99.70240783691406,99.90975952148438,98.96189880371094,100.50215911865234,100.3046875,99.87618255615234,99.50296630859377,99.34893951416015,99.10605316162108,98.48402404785156,98.90265884399416,98.64989700317385,98.22731246948244,97.90642471313477,97.28637008666992,96.62040405273436,96.33901023864746,96.1074764251709,95.88532295227051,95.61923294067385,95.67337137858073,95.47919311523438,95.27711588541666,95.08721593221027,94.82102711995441,91.31161244710285,91.06481552124023,90.86183026631672,90.70270792643231,90.55927378336588,1490000.0,1569460.0,1548900.0,1426700.0,1352160.0,1342930.0,1365220.0,1345900.0,1291630.0,1251060.0,1194125.0,1232070.0,1207755.0,1193285.0,1208755.0,1257860.0,1272693.333333333,1284660.0,1293203.333333333,1329470.0,1305508.333333333,1325105.0,1334253.333333333,1328571.666666667,1328105.0,0
2019-10-31,99.28772427633264,99.86038799231943,98.21151844413146,99.06063842773438,965300,1,99.43582763671877,99.27094039916992,97.269091796875,96.08904546101887,91.74871304829917,1250020.0,1338360.0,1186365.0,1244506.666666667,1291343.333333333,99.54443359375,99.70240783691406,99.90975952148438,98.96189880371094,100.50215911865234,99.72413177490236,99.87618255615234,99.50296630859377,99.34893951416015,99.10605316162108,99.10407791137695,98.90265884399416,98.64989700317385,98.22731246948244,97.90642471313477,96.98720359802246,96.62040405273436,96.33901023864746,96.1074764251709,95.88532295227051,95.88861338297528,95.67337137858073,95.47919311523438,95.27711588541666,95.08721593221027,91.53837941487629,91.31161244710285,91.06481552124023,90.86183026631672,90.70270792643231,1294700.0,1490000.0,1569460.0,1548900.0,1426700.0,1323430.0,1342930.0,1365220.0,1345900.0,1291630.0,1182170.0,1194125.0,1232070.0,1207755.0,1193285.0,1244430.0,1257860.0,1272693.333333333,1284660.0,1293203.333333333,1296963.333333333,1305508.333333333,1325105.0,1334253.333333333,1328571.666666667,0
2019-11-01,99.96898823300607,101.49938069564608,99.55430386748337,101.47962951660156,1209800,1,99.93937377929687,99.64415664672852,97.59689064025879,96.38393325805664,91.98360710144043,1116880.0,1332890.0,1203235.0,1232996.666666667,1282280.0,99.06063842773438,99.54443359375,99.70240783691406,99.90975952148438,98.96189880371094,99.43582763671877,99.72413177490236,99.87618255615234,99.50296630859377,99.34893951416015,99.27094039916992,99.10407791137695,98.90265884399416,98.64989700317385,98.22731246948244,97.269091796875,96.98720359802246,96.62040405273436,96.33901023864746,96.1074764251709,96.08904546101887,95.88861338297528,95.67337137858073,95.47919311523438,95.27711588541666,91.74871304829917,91.53837941487629,91.31161244710285,91.06481552124023,90.86183026631672,1250020.0,1294700.0,1490000.0,1569460.0,1548900.0,1338360.0,1323430.0,1342930.0,1365220.0,1345900.0,1186365.0,1182170.0,1194125.0,1232070.0,1207755.0,1244506.666666667,1244430.0,1257860.0,1272693.333333333,1284660.0,1291343.333333333,1296963.333333333,1305508.333333333,1325105.0,1334253.333333333,0
2019-11-04,101.69685339451686,103.03964740119044,101.54874967426191,102.88166809082031,1088500,1,100.53375549316408,100.0183609008789,98.03280448913574,96.73147989908855,92.27190284729004,1040280.0,1304870.0,1208350.0,1230306.666666667,1278138.333333333,101.47962951660156,99.06063842773438,99.54443359375,99.70240783691406,99.90975952148438,99.93937377929687,99.43582763671877,99.72413177490236,99.87618255615234,99.50296630859377,99.64415664672852,99.27094039916992,99.10407791137695,98.90265884399416,98.64989700317385,97.59689064025879,97.269091796875,96.98720359802246,96.62040405273436,96.33901023864746,96.38393325805664,96.08904546101887,95.88861338297528,95.67337137858073,95.47919311523438,91.98360710144043,91.74871304829917,91.53837941487629,91.31161244710285,91.06481552124023,1116880.0,1250020.0,1294700.0,1490000.0,1569460.0,1332890.0,1338360.0,1323430.0,1342930.0,1365220.0,1203235.0,1186365.0,1182170.0,1194125.0,1232070.0,1232996.666666667,1244506.666666667,1244430.0,1257860.0,1272693.333333333,1282280.0,1291343.333333333,1296963.333333333,1305508.333333333,1325105.0,0
2019-11-05,102.95077649059515,103.51356457029976,102.1510269912433,103.0890121459961,1510000,0,101.21107635498045,100.5436294555664,98.58720016479492,97.07968470255535,92.57744089762372,1166160.0,1328080.0,1237985.0,1228406.666666667,1278856.666666667,102.88166809082031,101.47962951660156,99.06063842773438,99.54443359375,99.70240783691406,100.53375549316408,99.93937377929687,99.43582763671877,99.72413177490236,99.87618255615234,100.0183609008789,99.64415664672852,99.27094039916992,99.10407791137695,98.90265884399416,98.03280448913574,97.59689064025879,97.269091796875,96.98720359802246,96.62040405273436,96.73147989908855,96.38393325805664,96.08904546101887,95.88861338297528,95.67337137858073,92.27190284729004,91.98360710144043,91.74871304829917,91.53837941487629,91.31161244710285,1040280.0,1116880.0,1250020.0,1294700.0,1490000.0,1304870.0,1332890.0,1338360.0,1323430.0,1342930.0,1208350.0,1203235.0,1186365.0,1182170.0,1194125.0,1230306.666666667,1232996.666666667,1244506.666666667,1244430.0,1257860.0,1278138.333333333,1282280.0,1291343.333333333,1296963.333333333,1305508.333333333,0
2019-11-06,102.42749361636344,102.75332030944021,100.97609064981104,101.58824920654295,1054500,0,101.61983947753906,100.6719856262207,98.97917785644532,97.30348383585613,92.8261260986328,1165620.0,1230160.0,1240610.0,1215890.0,1266361.666666667,103.0890121459961,102.88166809082031,101.47962951660156,99.06063842773438,99.54443359375,101.21107635498045,100.53375549316408,99.93937377929687,99.43582763671877,99.72413177490236,100.5436294555664,100.0183609008789,99.64415664672852,99.27094039916992,99.10407791137695,98.58720016479492,98.03280448913574,97.59689064025879,97.269091796875,96.98720359802246,97.07968470255535,96.73147989908855,96.38393325805664,96.08904546101887,95.88861338297528,92.57744089762372,92.27190284729004,91.98360710144043,91.74871304829917,91.53837941487629,1166160.0,1040280.0,1116880.0,1250020.0,1294700.0,1328080.0,1304870.0,1332890.0,1338360.0,1323430.0,1237985.0,1208350.0,1203235.0,1186365.0,1182170.0,1228406.666666667,1230306.666666667,1232996.666666667,1244506.666666667,1244430.0,1278856.666666667,1278138.333333333,1282280.0,1291343.333333333,1296963.333333333,0
2019-11-07,102.55584603712043,102.7631882264497,101.03532911583784,101.23279571533205,1031800,1,102.0542709350586,100.7450492858887,99.32573699951172,97.50523173014322,93.11385726928712,1178920.0,1214470.0,1253050.0,1200346.666666667,1252988.333333333,101.58824920654295,103.0890121459961,102.88166809082031,101.47962951660156,99.06063842773438,101.61983947753906,101.21107635498045,100.53375549316408,99.93937377929687,99.43582763671877,100.6719856262207,100.5436294555664,100.0183609008789,99.64415664672852,99.27094039916992,98.97917785644532,98.58720016479492,98.03280448913574,97.59689064025879,97.269091796875,97.30348383585613,97.07968470255535,96.73147989908855,96.38393325805664,96.08904546101887,92.8261260986328,92.57744089762372,92.27190284729004,91.98360710144043,91.74871304829917,1165620.0,1166160.0,1040280.0,1116880.0,1250020.0,1230160.0,1328080.0,1304870.0,1332890.0,1338360.0,1240610.0,1237985.0,1208350.0,1203235.0,1186365.0,1215890.0,1228406.666666667,1230306.666666667,1232996.666666667,1244506.666666667,1266361.666666667,1278856.666666667,1278138.333333333,1282280.0,1291343.333333333,0
2019-11-08,100.9760824293863,101.5487461100763,100.58114923305872,101.40064239501952,790200,0,102.03847351074221,100.98892364501951,99.60811805725098,97.7346254984538,93.41882870992023,1095000.0,1105940.0,1225920.0,1173816.666666667,1236433.333333333,101.23279571533205,101.58824920654295,103.0890121459961,102.88166809082031,101.47962951660156,102.0542709350586,101.61983947753906,101.21107635498045,100.53375549316408,99.93937377929687,100.7450492858887,100.6719856262207,100.5436294555664,100.0183609008789,99.64415664672852,99.32573699951172,98.97917785644532,98.58720016479492,98.03280448913574,97.59689064025879,97.50523173014322,97.30348383585613,97.07968470255535,96.73147989908855,96.38393325805664,93.11385726928712,92.8261260986328,92.57744089762372,92.27190284729004,91.98360710144043,1178920.0,1165620.0,1166160.0,1040280.0,1116880.0,1214470.0,1230160.0,1328080.0,1304870.0,1332890.0,1253050.0,1240610.0,1237985.0,1208350.0,1203235.0,1200346.666666667,1215890.0,1228406.666666667,1230306.666666667,1232996.666666667,1252988.333333333,1266361.666666667,1278856.666666667,1278138.333333333,1282280.0,0
2019-11-11,100.73912172723641,101.39077506501093,100.49228471132813,100.87734985351562,610100,0,101.63760986328127,101.08568267822264,99.86778984069824,97.92123438517253,93.6786430358887,999320.0,1019800.0,1192510.0,1161313.333333333,1229660.0,101.40064239501952,101.23279571533205,101.58824920654295,103.0890121459961,102.88166809082031,102.03847351074221,102.0542709350586,101.61983947753906,101.21107635498045,100.53375549316408,100.98892364501951,100.7450492858887,100.6719856262207,100.5436294555664,100.0183609008789,99.60811805725098,99.32573699951172,98.97917785644532,98.58720016479492,98.03280448913574,97.7346254984538,97.50523173014322,97.30348383585613,97.07968470255535,96.73147989908855,93.41882870992023,93.11385726928712,92.8261260986328,92.57744089762372,92.27190284729004,1095000.0,1178920.0,1165620.0,1166160.0,1040280.0,1105940.0,1214470.0,1230160.0,1328080.0,1304870.0,1225920.0,1253050.0,1240610.0,1237985.0,1208350.0,1173816.666666667,1200346.666666667,1215890.0,1228406.666666667,1230306.666666667,1236433.333333333,1252988.333333333,1266361.666666667,1278856.666666667,1278138.333333333,0
2019-11-12,100.86747810285172,101.43026617719904,99.90974931093996,100.22570037841795,850800,1,101.06494750976564,101.13801193237305,100.0203353881836,98.12627334594728,93.90150108337404,867480.0,1016820.0,1179875.0,1135023.333333333,1220705.0,100.87734985351562,101.40064239501952,101.23279571533205,101.58824920654295,103.0890121459961,101.63760986328127,102.03847351074221,102.0542709350586,101.61983947753906,101.21107635498045,101.08568267822264,100.98892364501951,100.7450492858887,100.6719856262207,100.5436294555664,99.86778984069824,99.60811805725098,99.32573699951172,98.97917785644532,98.58720016479492,97.92123438517253,97.7346254984538,97.50523173014322,97.30348383585613,97.07968470255535,93.6786430358887,93.41882870992023,93.11385726928712,92.8261260986328,92.57744089762372,999320.0,1095000.0,1178920.0,1165620.0,1166160.0,1019800.0,1105940.0,1214470.0,1230160.0,1328080.0,1192510.0,1225920.0,1253050.0,1240610.0,1237985.0,1161313.333333333,1173816.666666667,1200346.666666667,1215890.0,1228406.666666667,1229660.0,1236433.333333333,1252988.333333333,1266361.666666667,1278856.666666667,0
2019-11-13,99.7418968813195,100.81811017490456,99.7418968813195,100.38367462158205,883600,0,100.82403259277343,101.22193603515623,100.1630069732666,98.39878107706707,94.15095405578613,833300.0,999460.0,1161445.0,1121266.666666667,1215400.0,100.22570037841795,100.87734985351562,101.40064239501952,101.23279571533205,101.58824920654295,101.06494750976564,101.63760986328127,102.03847351074221,102.0542709350586,101.61983947753906,101.13801193237305,101.08568267822264,100.98892364501951,100.7450492858887,100.6719856262207,100.0203353881836,99.86778984069824,99.60811805725098,99.32573699951172,98.97917785644532,98.12627334594728,97.92123438517253,97.7346254984538,97.50523173014322,97.30348383585613,93.90150108337404,93.6786430358887,93.41882870992023,93.11385726928712,92.8261260986328,867480.0,999320.0,1095000.0,1178920.0,1165620.0,1016820.0,1019800.0,1105940.0,1214470.0,1230160.0,1179875.0,1192510.0,1225920.0,1253050.0,1240610.0,1135023.333333333,1161313.333333333,1173816.666666667,1200346.666666667,1215890.0,1220705.0,1229660.0,1236433.333333333,1252988.333333333,1266361.666666667,0
2019-11-14,100.25532024995331,100.30468313191973,99.51480922464796,99.82088470458984,798600,1,100.541650390625,101.2979606628418,100.28445053100586,98.61204808553059,94.36772143046059,786660.0,982790.0,1160575.0,1118506.666666667,1202043.333333333,100.38367462158205,100.22570037841795,100.87734985351562,101.40064239501952,101.23279571533205,100.82403259277343,101.06494750976564,101.63760986328127,102.03847351074221,102.0542709350586,101.22193603515623,101.13801193237305,101.08568267822264,100.98892364501951,100.7450492858887,100.1630069732666,100.0203353881836,99.86778984069824,99.60811805725098,99.32573699951172,98.39878107706707,98.12627334594728,97.92123438517253,97.7346254984538,97.50523173014322,94.15095405578613,93.90150108337404,93.6786430358887,93.41882870992023,93.11385726928712,833300.0,867480.0,999320.0,1095000.0,1178920.0,999460.0,1016820.0,1019800.0,1105940.0,1214470.0,1161445.0,1179875.0,1192510.0,1225920.0,1253050.0,1121266.666666667,1135023.333333333,1161313.333333333,1173816.666666667,1200346.666666667,1215400.0,1220705.0,1229660.0,1236433.333333333,1252988.333333333,0
2019-11-15,100.36392965834546,101.44013540494407,100.24544518184791,100.95633697509766,1029500,1,100.45278930664062,101.24563140869141,100.44489402770996,98.81313756306965,94.60850092569989,834520.0,964760.0,1148825.0,1123743.333333333,1202233.333333333,99.82088470458984,100.38367462158205,100.22570037841795,100.87734985351562,101.40064239501952,100.541650390625,100.82403259277343,101.06494750976564,101.63760986328127,102.03847351074221,101.2979606628418,101.22193603515623,101.13801193237305,101.08568267822264,100.98892364501951,100.28445053100586,100.1630069732666,100.0203353881836,99.86778984069824,99.60811805725098,98.61204808553059,98.39878107706707,98.12627334594728,97.92123438517253,97.7346254984538,94.36772143046059,94.15095405578613,93.90150108337404,93.6786430358887,93.41882870992023,786660.0,833300.0,867480.0,999320.0,1095000.0,982790.0,999460.0,1016820.0,1019800.0,1105940.0,1160575.0,1161445.0,1179875.0,1192510.0,1225920.0,1118506.666666667,1121266.666666667,1135023.333333333,1161313.333333333,1173816.666666667,1202043.333333333,1215400.0,1220705.0,1229660.0,1236433.333333333,0
2019-11-18,101.07481884825916,101.56849285498195,100.55151807352422,101.15380096435548,1429600,1,100.5080795288086,101.07284469604492,100.54560279846191,99.04615122477213,94.89278157552084,998420.0,998870.0,1151870.0,1138523.333333333,1202988.333333333,100.95633697509766,99.82088470458984,100.38367462158205,100.22570037841795,100.87734985351562,100.45278930664062,100.541650390625,100.82403259277343,101.06494750976564,101.63760986328127,101.24563140869141,101.2979606628418,101.22193603515623,101.13801193237305,101.08568267822264,100.44489402770996,100.28445053100586,100.1630069732666,100.0203353881836,99.86778984069824,98.81313756306965,98.61204808553059,98.39878107706707,98.12627334594728,97.92123438517253,94.60850092569989,94.36772143046059,94.15095405578613,93.90150108337404,93.6786430358887,834520.0,786660.0,833300.0,867480.0,999320.0,964760.0,982790.0,999460.0,1016820.0,1019800.0,1148825.0,1160575.0,1161445.0,1179875.0,1192510.0,1123743.333333333,1118506.666666667,1121266.666666667,1135023.333333333,1161313.333333333,1202233.333333333,1202043.333333333,1215400.0,1220705.0,1229660.0,0
2019-11-19,101.5388679771422,102.11153164348913,100.9267170184458,101.95355987548828,813300,0,100.85365142822266,100.95929946899416,100.75146446228027,99.37789993286131,95.19268951416015,990920.0,929200.0,1128640.0,1135056.666666667,1197491.666666667,101.15380096435548,100.95633697509766,99.82088470458984,100.38367462158205,100.22570037841795,100.5080795288086,100.45278930664062,100.541650390625,100.82403259277343,101.06494750976564,101.07284469604492,101.24563140869141,101.2979606628418,101.22193603515623,101.13801193237305,100.54560279846191,100.44489402770996,100.28445053100586,100.1630069732666,100.0203353881836,99.04615122477213,98.81313756306965,98.61204808553059,98.39878107706707,98.12627334594728,94.89278157552084,94.60850092569989,94.36772143046059,94.15095405578613,93.90150108337404,998420.0,834520.0,786660.0,833300.0,867480.0,998870.0,964760.0,982790.0,999460.0,1016820.0,1151870.0,1148825.0,1160575.0,1161445.0,1179875.0,1138523.333333333,1123743.333333333,1118506.666666667,1121266.666666667,1135023.333333333,1202988.333333333,1202233.333333333,1202043.333333333,1215400.0,1220705.0,0
2019-11-20,101.12418626392444,101.70672553507127,100.29481751121516,100.92671966552734,1016600,0,100.96226043701172,100.89314651489258,100.78256607055664,99.61716740926107,95.47909406026206,1017520.0,925410.0,1077785.0,1135543.333333333,1201888.333333333,101.95355987548828,101.15380096435548,100.95633697509766,99.82088470458984,100.38367462158205,100.85365142822266,100.5080795288086,100.45278930664062,100.541650390625,100.82403259277343,100.95929946899416,101.07284469604492,101.24563140869141,101.2979606628418,101.22193603515623,100.75146446228027,100.54560279846191,100.44489402770996,100.28445053100586,100.1630069732666,99.37789993286131,99.04615122477213,98.81313756306965,98.61204808553059,98.39878107706707,95.19268951416015,94.89278157552084,94.60850092569989,94.36772143046059,94.15095405578613,990920.0,998420.0,834520.0,786660.0,833300.0,929200.0,998870.0,964760.0,982790.0,999460.0,1128640.0,1151870.0,1148825.0,1160575.0,1161445.0,1135056.666666667,1138523.333333333,1123743.333333333,1118506.666666667,1121266.666666667,1197491.666666667,1202988.333333333,1202233.333333333,1202043.333333333,1215400.0,0
2019-11-21,101.0550747881222,101.13406444265028,100.0677267051257,100.4922866821289,865700,0,101.09654083251955,100.81909561157228,100.78207244873049,99.82352320353192,95.75579617818195,1030940.0,908800.0,1061635.0,1138300.0,1201535.0,100.92671966552734,101.95355987548828,101.15380096435548,100.95633697509766,99.82088470458984,100.96226043701172,100.85365142822266,100.5080795288086,100.45278930664062,100.541650390625,100.89314651489258,100.95929946899416,101.07284469604492,101.24563140869141,101.2979606628418,100.78256607055664,100.75146446228027,100.54560279846191,100.44489402770996,100.28445053100586,99.61716740926107,99.37789993286131,99.04615122477213,98.81313756306965,98.61204808553059,95.47909406026206,95.19268951416015,94.89278157552084,94.60850092569989,94.36772143046059,1017520.0,990920.0,998420.0,834520.0,786660.0,925410.0,929200.0,998870.0,964760.0,982790.0,1077785.0,1128640.0,1151870.0,1148825.0,1160575.0,1135543.333333333,1135056.666666667,1138523.333333333,1123743.333333333,1118506.666666667,1201888.333333333,1197491.666666667,1202988.333333333,1202233.333333333,1202043.333333333,0
2019-11-22,100.92671968891857,101.03532857792248,99.93937163096844,100.45278930664062,656500,1,100.99583129882812,100.72431030273438,100.85661697387695,99.98018213907879,95.9919579823812,956340.0,895430.0,1000685.0,1115756.666666667,1193351.666666667,100.4922866821289,100.92671966552734,101.95355987548828,101.15380096435548,100.95633697509766,101.09654083251955,100.96226043701172,100.85365142822266,100.5080795288086,100.45278930664062,100.81909561157228,100.89314651489258,100.95929946899416,101.07284469604492,101.24563140869141,100.78207244873049,100.78256607055664,100.75146446228027,100.54560279846191,100.44489402770996,99.82352320353192,99.61716740926107,99.37789993286131,99.04615122477213,98.81313756306965,95.75579617818195,95.47909406026206,95.19268951416015,94.89278157552084,94.60850092569989,1030940.0,1017520.0,990920.0,998420.0,834520.0,908800.0,925410.0,929200.0,998870.0,964760.0,1061635.0,1077785.0,1128640.0,1151870.0,1148825.0,1138300.0,1135543.333333333,1135056.666666667,1138523.333333333,1123743.333333333,1201535.0,1201888.333333333,1197491.666666667,1202988.333333333,1202233.333333333,0
2019-11-25,100.70950236101127,102.01280150201552,100.37380763558451,101.94368743896484,1178000,0,101.15380859375,100.8309440612793,100.95831336975098,100.1888412475586,96.25428098042806,906020.0,952220.0,986010.0,1112413.333333333,1198423.333333333,100.45278930664062,100.4922866821289,100.92671966552734,101.95355987548828,101.15380096435548,100.99583129882812,101.09654083251955,100.96226043701172,100.85365142822266,100.5080795288086,100.72431030273438,100.81909561157228,100.89314651489258,100.95929946899416,101.07284469604492,100.85661697387695,100.78207244873049,100.78256607055664,100.75146446228027,100.54560279846191,99.98018213907879,99.82352320353192,99.61716740926107,99.37789993286131,99.04615122477213,95.9919579823812,95.75579617818195,95.47909406026206,95.19268951416015,94.89278157552084,956340.0,1030940.0,1017520.0,990920.0,998420.0,895430.0,908800.0,925410.0,929200.0,998870.0,1000685.0,1061635.0,1077785.0,1128640.0,1151870.0,1115756.666666667,1138300.0,1135543.333333333,1135056.666666667,1138523.333333333,1193351.666666667,1201535.0,1201888.333333333,1197491.666666667,1202988.333333333,0
2019-11-26,102.14115533081728,102.14115533081728,101.18343402581505,101.72647094726562,2316400,1,101.10839080810548,100.98102111816408,101.05951652526855,100.34056396484377,96.54334653218588,1206640.0,1098780.0,1057800.0,1152843.333333333,1220690.0,101.94368743896484,100.45278930664062,100.4922866821289,100.92671966552734,101.95355987548828,101.15380859375,100.99583129882812,101.09654083251955,100.96226043701172,100.85365142822266,100.8309440612793,100.72431030273438,100.81909561157228,100.89314651489258,100.95929946899416,100.95831336975098,100.85661697387695,100.78207244873049,100.78256607055664,100.75146446228027,100.1888412475586,99.98018213907879,99.82352320353192,99.61716740926107,99.37789993286131,96.25428098042806,95.9919579823812,95.75579617818195,95.47909406026206,95.19268951416015,906020.0,956340.0,1030940.0,1017520.0,990920.0,952220.0,895430.0,908800.0,925410.0,929200.0,986010.0,1000685.0,1061635.0,1077785.0,1128640.0,1112413.333333333,1115756.666666667,1138300.0,1135543.333333333,1135056.666666667,1198423.333333333,1193351.666666667,1201535.0,1201888.333333333,1197491.666666667,0
2019-11-27,101.6968528323788,102.53609719869377,101.53887352288193,102.45710754394531,919300,1,101.41446838378906,101.18836441040041,101.20515022277831,100.50479278564451,96.82801297505695,1187180.0,1102350.0,1050905.0,1141746.666666667,1221925.0,101.72647094726562,101.94368743896484,100.45278930664062,100.4922866821289,100.92671966552734,101.10839080810548,101.15380859375,100.99583129882812,101.09654083251955,100.96226043701172,100.98102111816408,100.8309440612793,100.72431030273438,100.81909561157228,100.89314651489258,101.05951652526855,100.95831336975098,100.85661697387695,100.78207244873049,100.78256607055664,100.34056396484377,100.1888412475586,99.98018213907879,99.82352320353192,99.61716740926107,96.54334653218588,96.25428098042806,95.9919579823812,95.75579617818195,95.47909406026206,1206640.0,906020.0,956340.0,1030940.0,1017520.0,1098780.0,952220.0,895430.0,908800.0,925410.0,1057800.0,986010.0,1000685.0,1061635.0,1077785.0,1152843.333333333,1112413.333333333,1115756.666666667,1138300.0,1135543.333333333,1220690.0,1198423.333333333,1193351.666666667,1201535.0,1201888.333333333,0
2019-11-29,102.23001727633137,102.87179501085596,101.89431502461956,102.68419647216795,435900,0,101.85285034179688,101.47469558715821,101.386328125,100.68119888305664,97.06575012207031,1101220.0,1066080.0,1024435.0,1129076.666666667,1211581.666666667,102.45710754394531,101.72647094726562,101.94368743896484,100.45278930664062,100.4922866821289,101.41446838378906,101.10839080810548,101.15380859375,100.99583129882812,101.09654083251955,101.18836441040041,100.98102111816408,100.8309440612793,100.72431030273438,100.81909561157228,101.20515022277831,101.05951652526855,100.95831336975098,100.85661697387695,100.78207244873049,100.50479278564451,100.34056396484377,100.1888412475586,99.98018213907879,99.82352320353192,96.82801297505695,96.54334653218588,96.25428098042806,95.9919579823812,95.75579617818195,1187180.0,1206640.0,906020.0,956340.0,1030940.0,1102350.0,1098780.0,952220.0,895430.0,908800.0,1050905.0,1057800.0,986010.0,1000685.0,1061635.0,1141746.666666667,1152843.333333333,1112413.333333333,1115756.666666667,1138300.0,1221925.0,1220690.0,1198423.333333333,1193351.666666667,1201535.0,0
2019-12-02,103.03964378467687,103.03964378467687,101.24267062306204,101.40064239501952,951800,0,102.04242095947264,101.51912612915041,101.3823787689209,100.80297139485675,97.28980852762858,1160280.0,1058310.0,1011535.0,1118653.333333333,1210326.666666667,102.68419647216795,102.45710754394531,101.72647094726562,101.94368743896484,100.45278930664062,101.85285034179688,101.41446838378906,101.10839080810548,101.15380859375,100.99583129882812,101.47469558715821,101.18836441040041,100.98102111816408,100.8309440612793,100.72431030273438,101.386328125,101.20515022277831,101.05951652526855,100.95831336975098,100.85661697387695,100.68119888305664,100.50479278564451,100.34056396484377,100.1888412475586,99.98018213907879,97.06575012207031,96.82801297505695,96.54334653218588,96.25428098042806,95.9919579823812,1101220.0,1187180.0,1206640.0,906020.0,956340.0,1066080.0,1102350.0,1098780.0,952220.0,895430.0,1024435.0,1050905.0,1057800.0,986010.0,1000685.0,1129076.666666667,1141746.666666667,1152843.333333333,1112413.333333333,1115756.666666667,1211581.666666667,1221925.0,1220690.0,1198423.333333333,1193351.666666667,0
2019-12-03,100.39355338040285,100.56140074662396,99.17911192385515,100.4922866821289,1143700,1,101.7521408081055,101.45297470092774,101.26290969848631,100.84806009928387,97.50447209676105,1153420.0,1029720.0,1014295.0,1111153.333333333,1207758.333333333,101.40064239501952,102.68419647216795,102.45710754394531,101.72647094726562,101.94368743896484,102.04242095947264,101.85285034179688,101.41446838378906,101.10839080810548,101.15380859375,101.51912612915041,101.47469558715821,101.18836441040041,100.98102111816408,100.8309440612793,101.3823787689209,101.386328125,101.20515022277831,101.05951652526855,100.95831336975098,100.80297139485675,100.68119888305664,100.50479278564451,100.34056396484377,100.1888412475586,97.28980852762858,97.06575012207031,96.82801297505695,96.54334653218588,96.25428098042806,1160280.0,1101220.0,1187180.0,1206640.0,906020.0,1058310.0,1066080.0,1102350.0,1098780.0,952220.0,1011535.0,1024435.0,1050905.0,1057800.0,986010.0,1118653.333333333,1129076.666666667,1141746.666666667,1152843.333333333,1112413.333333333,1210326.666666667,1211581.666666667,1221925.0,1220690.0,1198423.333333333,0
2019-12-04,101.10444942367631,102.88167152749813,101.08469824278622,101.68698120117188,728100,0,101.74424285888672,101.42631683349607,101.19280815124512,100.97641525268554,97.72870750427246,835760.0,1021200.0,975200.0,1092826.666666667,1196000.0,100.4922866821289,101.40064239501952,102.68419647216795,102.45710754394531,101.72647094726562,101.7521408081055,102.04242095947264,101.85285034179688,101.41446838378906,101.10839080810548,101.45297470092774,101.51912612915041,101.47469558715821,101.18836441040041,100.98102111816408,101.26290969848631,101.3823787689209,101.386328125,101.20515022277831,101.05951652526855,100.84806009928387,100.80297139485675,100.68119888305664,100.50479278564451,100.34056396484377,97.50447209676105,97.28980852762858,97.06575012207031,96.82801297505695,96.54334653218588,1153420.0,1160280.0,1101220.0,1187180.0,1206640.0,1029720.0,1058310.0,1066080.0,1102350.0,1098780.0,1014295.0,1011535.0,1024435.0,1050905.0,1057800.0,1111153.333333333,1118653.333333333,1129076.666666667,1141746.666666667,1152843.333333333,1207758.333333333,1210326.666666667,1211581.666666667,1221925.0,1220690.0,0
2019-12-05,102.05229832384985,102.24976492703622,101.53887310297628,101.67710876464844,971700,1,101.58824310302734,101.5013557434082,101.19725112915042,101.02216262817385,97.92159487406413,846240.0,1016710.0,971060.0,1057426.666666667,1193448.333333333,101.68698120117188,100.4922866821289,101.40064239501952,102.68419647216795,102.45710754394531,101.74424285888672,101.7521408081055,102.04242095947264,101.85285034179688,101.41446838378906,101.42631683349607,101.45297470092774,101.51912612915041,101.47469558715821,101.18836441040041,101.19280815124512,101.26290969848631,101.3823787689209,101.386328125,101.20515022277831,100.97641525268554,100.84806009928387,100.80297139485675,100.68119888305664,100.50479278564451,97.72870750427246,97.50447209676105,97.28980852762858,97.06575012207031,96.82801297505695,835760.0,1153420.0,1160280.0,1101220.0,1187180.0,1021200.0,1029720.0,1058310.0,1066080.0,1102350.0,975200.0,1014295.0,1011535.0,1024435.0,1050905.0,1092826.666666667,1111153.333333333,1118653.333333333,1129076.666666667,1141746.666666667,1196000.0,1207758.333333333,1210326.666666667,1211581.666666667,1221925.0,0
2019-12-06,102.5262152465688,103.06925967318169,102.4077383046661,102.71381378173828,728700,1,101.5941665649414,101.72350845336912,101.2713020324707,101.0958844502767,98.09155019124347,904800.0,1003010.0,955905.0,1042093.3333333335,1167648.333333333,101.67710876464844,101.68698120117188,100.4922866821289,101.40064239501952,102.68419647216795,101.58824310302734,101.74424285888672,101.7521408081055,102.04242095947264,101.85285034179688,101.5013557434082,101.42631683349607,101.45297470092774,101.51912612915041,101.47469558715821,101.19725112915042,101.19280815124512,101.26290969848631,101.3823787689209,101.386328125,101.02216262817385,100.97641525268554,100.84806009928387,100.80297139485675,100.68119888305664,97.92159487406413,97.72870750427246,97.50447209676105,97.28980852762858,97.06575012207031,846240.0,835760.0,1153420.0,1160280.0,1101220.0,1016710.0,1021200.0,1029720.0,1058310.0,1066080.0,971060.0,975200.0,1014295.0,1011535.0,1024435.0,1057426.666666667,1092826.666666667,1111153.333333333,1118653.333333333,1129076.666666667,1193448.333333333,1196000.0,1207758.333333333,1210326.666666667,1211581.666666667,0
2019-12-09,102.62496425879743,103.28648568006386,102.43736570866855,103.1383819580078,780100,1,101.94171447753908,101.99206771850588,101.35818901062012,101.23510055541992,98.2561082204183,870460.0,1015370.0,955400.0,1005580.0,1145120.0,102.71381378173828,101.67710876464844,101.68698120117188,100.4922866821289,101.40064239501952,101.5941665649414,101.58824310302734,101.74424285888672,101.7521408081055,102.04242095947264,101.72350845336912,101.5013557434082,101.42631683349607,101.45297470092774,101.51912612915041,101.2713020324707,101.19725112915042,101.19280815124512,101.26290969848631,101.3823787689209,101.0958844502767,101.02216262817385,100.97641525268554,100.84806009928387,100.80297139485675,98.09155019124347,97.92159487406413,97.72870750427246,97.50447209676105,97.28980852762858,904800.0,846240.0,835760.0,1153420.0,1160280.0,1003010.0,1016710.0,1021200.0,1029720.0,1058310.0,955905.0,971060.0,975200.0,1014295.0,1011535.0,1042093.3333333335,1057426.666666667,1092826.666666667,1111153.333333333,1118653.333333333,1167648.333333333,1193448.333333333,1196000.0,1207758.333333333,1210326.666666667,0
2019-12-10,103.67154695332634,104.07636327625404,102.88166548720145,103.79003143310548,1103000,1,102.60126342773438,102.17670211791992,101.50382308959959,101.36444295247395,98.42181803385417,862320.0,1007870.0,980045.0,993296.6666666665,1132995.0,103.1383819580078,102.71381378173828,101.67710876464844,101.68698120117188,100.4922866821289,101.94171447753908,101.5941665649414,101.58824310302734,101.74424285888672,101.7521408081055,101.99206771850588,101.72350845336912,101.5013557434082,101.42631683349607,101.45297470092774,101.35818901062012,101.2713020324707,101.19725112915042,101.19280815124512,101.26290969848631,101.23510055541992,101.0958844502767,101.02216262817385,100.97641525268554,100.84806009928387,98.2561082204183,98.09155019124347,97.92159487406413,97.72870750427246,97.50447209676105,870460.0,904800.0,846240.0,835760.0,1153420.0,1015370.0,1003010.0,1016710.0,1021200.0,1029720.0,955400.0,955905.0,971060.0,975200.0,1014295.0,1005580.0,1042093.3333333335,1057426.666666667,1092826.666666667,1111153.333333333,1145120.0,1167648.333333333,1193448.333333333,1196000.0,1207758.333333333,0
2019-12-11,104.0072434288863,105.04396192899857,103.7406627609858,104.58978271484376,1094700,1,103.18182373046876,102.46303329467771,101.7220272064209,101.52735544840496,98.60036341349286,935640.0,885700.0,992240.0,1000433.3333333335,1129146.666666667,103.79003143310548,103.1383819580078,102.71381378173828,101.67710876464844,101.68698120117188,102.60126342773438,101.94171447753908,101.5941665649414,101.58824310302734,101.74424285888672,102.17670211791992,101.99206771850588,101.72350845336912,101.5013557434082,101.42631683349607,101.50382308959959,101.35818901062012,101.2713020324707,101.19725112915042,101.19280815124512,101.36444295247395,101.23510055541992,101.0958844502767,101.02216262817385,100.97641525268554,98.42181803385417,98.2561082204183,98.09155019124347,97.92159487406413,97.72870750427246,862320.0,870460.0,904800.0,846240.0,835760.0,1007870.0,1015370.0,1003010.0,1016710.0,1021200.0,980045.0,955400.0,955905.0,971060.0,975200.0,993296.6666666665,1005580.0,1042093.3333333335,1057426.666666667,1092826.666666667,1132995.0,1145120.0,1167648.333333333,1193448.333333333,1196000.0,0
2019-12-12,104.47129723307891,106.86068529562124,104.12572691397196,106.65333557128906,1285900,0,104.17706909179688,102.88265609741212,102.03551025390622,101.76431884765627,98.82646611531577,998480.0,922360.0,1012355.0,1008056.6666666665,1126243.333333333,104.58978271484376,103.79003143310548,103.1383819580078,102.71381378173828,101.67710876464844,103.18182373046876,102.60126342773438,101.94171447753908,101.5941665649414,101.58824310302734,102.46303329467771,102.17670211791992,101.99206771850588,101.72350845336912,101.5013557434082,101.7220272064209,101.50382308959959,101.35818901062012,101.2713020324707,101.19725112915042,101.52735544840496,101.36444295247395,101.23510055541992,101.0958844502767,101.02216262817385,98.60036341349286,98.42181803385417,98.2561082204183,98.09155019124347,97.92159487406413,935640.0,862320.0,870460.0,904800.0,846240.0,885700.0,1007870.0,1015370.0,1003010.0,1016710.0,992240.0,980045.0,955400.0,955905.0,971060.0,1000433.3333333335,993296.6666666665,1005580.0,1042093.3333333335,1057426.666666667,1129146.666666667,1132995.0,1145120.0,1167648.333333333,1193448.333333333,0
2019-12-13,106.47561790643623,106.9298046716755,105.58701062254923,105.78447723388672,1119000,1,104.79120178222657,103.19268417358398,102.3336898803711,101.98844680786131,99.0387461344401,1076540.0,990670.0,1028375.0,1013180.0,1128843.333333333,106.65333557128906,104.58978271484376,103.79003143310548,103.1383819580078,102.71381378173828,104.17706909179688,103.18182373046876,102.60126342773438,101.94171447753908,101.5941665649414,102.88265609741212,102.46303329467771,102.17670211791992,101.99206771850588,101.72350845336912,102.03551025390622,101.7220272064209,101.50382308959959,101.35818901062012,101.2713020324707,101.76431884765627,101.52735544840496,101.36444295247395,101.23510055541992,101.0958844502767,98.82646611531577,98.60036341349286,98.42181803385417,98.2561082204183,98.09155019124347,998480.0,935640.0,862320.0,870460.0,904800.0,922360.0,885700.0,1007870.0,1015370.0,1003010.0,1012355.0,992240.0,980045.0,955400.0,955905.0,1008056.6666666665,1000433.3333333335,993296.6666666665,1005580.0,1042093.3333333335,1126243.333333333,1129146.666666667,1132995.0,1145120.0,1167648.333333333,0
2019-12-16,107.37782673878034,108.18934549598484,106.5564092935466,106.6751708984375,944000,0,105.4985595703125,103.7201370239258,102.61963157653808,102.1616315205892,99.27278238932293,1109320.0,989890.0,1024100.0,1004320.0,1118658.333333333,105.78447723388672,106.65333557128906,104.58978271484376,103.79003143310548,103.1383819580078,104.79120178222657,104.17706909179688,103.18182373046876,102.60126342773438,101.94171447753908,103.19268417358398,102.88265609741212,102.46303329467771,102.17670211791992,101.99206771850588,102.3336898803711,102.03551025390622,101.7220272064209,101.50382308959959,101.35818901062012,101.98844680786131,101.76431884765627,101.52735544840496,101.36444295247395,101.23510055541992,99.0387461344401,98.82646611531577,98.60036341349286,98.42181803385417,98.2561082204183,1076540.0,998480.0,935640.0,862320.0,870460.0,990670.0,922360.0,885700.0,1007870.0,1015370.0,1028375.0,1012355.0,992240.0,980045.0,955400.0,1013180.0,1008056.6666666665,1000433.3333333335,993296.6666666665,1005580.0,1128843.333333333,1126243.333333333,1129146.666666667,1132995.0,1145120.0,0
2019-12-17,106.70485551134716,106.80381973656185,105.75478535841059,105.79437255859376,931300,0,105.89942779541016,104.25034561157229,102.85166015625,102.25872166951496,99.49510078430175,1074980.0,968650.0,999185.0,999080.0,1114693.333333333,106.6751708984375,105.78447723388672,106.65333557128906,104.58978271484376,103.79003143310548,105.4985595703125,104.79120178222657,104.17706909179688,103.18182373046876,102.60126342773438,103.7201370239258,103.19268417358398,102.88265609741212,102.46303329467771,102.17670211791992,102.61963157653808,102.3336898803711,102.03551025390622,101.7220272064209,101.50382308959959,102.1616315205892,101.98844680786131,101.76431884765627,101.52735544840496,101.36444295247395,99.27278238932293,99.0387461344401,98.82646611531577,98.60036341349286,98.42181803385417,1109320.0,1076540.0,998480.0,935640.0,862320.0,989890.0,990670.0,922360.0,885700.0,1007870.0,1024100.0,1028375.0,1012355.0,992240.0,980045.0,1004320.0,1013180.0,1008056.6666666665,1000433.3333333335,993296.6666666665,1118658.333333333,1128843.333333333,1126243.333333333,1129146.666666667,1132995.0,0
2019-12-18,106.06157033443097,106.06157033443097,104.92346293678568,105.12139892578124,1548100,1,106.00575103759766,104.5937873840332,103.01005210876465,102.32646789550782,99.70307629903158,1165660.0,1050650.0,1035925.0,1000350.0,1114378.333333333,105.79437255859376,106.6751708984375,105.78447723388672,106.65333557128906,104.58978271484376,105.89942779541016,105.4985595703125,104.79120178222657,104.17706909179688,103.18182373046876,104.25034561157229,103.7201370239258,103.19268417358398,102.88265609741212,102.46303329467771,102.85166015625,102.61963157653808,102.3336898803711,102.03551025390622,101.7220272064209,102.25872166951496,102.1616315205892,101.98844680786131,101.76431884765627,101.52735544840496,99.49510078430175,99.27278238932293,99.0387461344401,98.82646611531577,98.60036341349286,1074980.0,1109320.0,1076540.0,998480.0,935640.0,968650.0,989890.0,990670.0,922360.0,885700.0,999185.0,1024100.0,1028375.0,1012355.0,992240.0,999080.0,1004320.0,1013180.0,1008056.6666666665,1000433.3333333335,1114693.333333333,1118658.333333333,1128843.333333333,1126243.333333333,1129146.666666667,0
2019-12-19,105.22037210934948,105.96261514272541,105.08182068049156,105.9428253173828,792700,1,105.8636489868164,105.02035903930664,103.26085739135742,102.4716204325358,99.88755213419596,1067020.0,1032750.0,1024730.0,991623.3333333335,1103756.666666667,105.12139892578124,105.79437255859376,106.6751708984375,105.78447723388672,106.65333557128906,106.00575103759766,105.89942779541016,105.4985595703125,104.79120178222657,104.17706909179688,104.5937873840332,104.25034561157229,103.7201370239258,103.19268417358398,102.88265609741212,103.01005210876465,102.85166015625,102.61963157653808,102.3336898803711,102.03551025390622,102.32646789550782,102.25872166951496,102.1616315205892,101.98844680786131,101.76431884765627,99.70307629903158,99.49510078430175,99.27278238932293,99.0387461344401,98.82646611531577,1165660.0,1074980.0,1109320.0,1076540.0,998480.0,1050650.0,968650.0,989890.0,990670.0,922360.0,1035925.0,999185.0,1024100.0,1028375.0,1012355.0,1000350.0,999080.0,1004320.0,1013180.0,1008056.6666666665,1114378.333333333,1114693.333333333,1118658.333333333,1128843.333333333,1126243.333333333,0
2019-12-20,106.64547777928728,107.02154485280451,105.7151974573666,106.04178619384766,1898000,1,105.9151107788086,105.35315628051758,103.53833236694337,102.63192011515301,100.06857592264812,1222820.0,1149680.0,1076345.0,1020496.6666666665,1110421.666666667,105.9428253173828,105.12139892578124,105.79437255859376,106.6751708984375,105.78447723388672,105.8636489868164,106.00575103759766,105.89942779541016,105.4985595703125,104.79120178222657,105.02035903930664,104.5937873840332,104.25034561157229,103.7201370239258,103.19268417358398,103.26085739135742,103.01005210876465,102.85166015625,102.61963157653808,102.3336898803711,102.4716204325358,102.32646789550782,102.25872166951496,102.1616315205892,101.98844680786131,99.88755213419596,99.70307629903158,99.49510078430175,99.27278238932293,99.0387461344401,1067020.0,1165660.0,1074980.0,1109320.0,1076540.0,1032750.0,1050650.0,968650.0,989890.0,990670.0,1024730.0,1035925.0,999185.0,1024100.0,1028375.0,991623.3333333335,1000350.0,999080.0,1004320.0,1013180.0,1103756.666666667,1114378.333333333,1114693.333333333,1118658.333333333,1128843.333333333,0
2019-12-23,106.497036242899,106.8335161435906,105.58655322286505,106.1506576538086,759900,0,105.8102081298828,105.65438385009766,103.82322578430175,102.79025395711264,100.2624397277832,1186000.0,1147660.0,1081515.0,1019486.6666666665,1096651.666666667,106.04178619384766,105.9428253173828,105.12139892578124,105.79437255859376,106.6751708984375,105.9151107788086,105.8636489868164,106.00575103759766,105.89942779541016,105.4985595703125,105.35315628051758,105.02035903930664,104.5937873840332,104.25034561157229,103.7201370239258,103.53833236694337,103.26085739135742,103.01005210876465,102.85166015625,102.61963157653808,102.63192011515301,102.4716204325358,102.32646789550782,102.25872166951496,102.1616315205892,100.06857592264812,99.88755213419596,99.70307629903158,99.49510078430175,99.27278238932293,1222820.0,1067020.0,1165660.0,1074980.0,1109320.0,1149680.0,1032750.0,1050650.0,968650.0,989890.0,1076345.0,1024730.0,1035925.0,999185.0,1024100.0,1020496.6666666665,991623.3333333335,1000350.0,999080.0,1004320.0,1110421.666666667,1103756.666666667,1114378.333333333,1114693.333333333,1118658.333333333,0
2019-12-24,106.35847970706727,106.35847970706727,105.84385364182192,106.12096405029295,165700,1,105.87552642822266,105.88747711181641,104.03208961486817,102.9650410970052,100.44313774108886,1032880.0,1053930.0,1030900.0,1004673.3333333335,1082993.333333333,106.1506576538086,106.04178619384766,105.9428253173828,105.12139892578124,105.79437255859376,105.8102081298828,105.9151107788086,105.8636489868164,106.00575103759766,105.89942779541016,105.65438385009766,105.35315628051758,105.02035903930664,104.5937873840332,104.25034561157229,103.82322578430175,103.53833236694337,103.26085739135742,103.01005210876465,102.85166015625,102.79025395711264,102.63192011515301,102.4716204325358,102.32646789550782,102.25872166951496,100.2624397277832,100.06857592264812,99.88755213419596,99.70307629903158,99.49510078430175,1186000.0,1222820.0,1067020.0,1165660.0,1074980.0,1147660.0,1149680.0,1032750.0,1050650.0,968650.0,1081515.0,1076345.0,1024730.0,1035925.0,999185.0,1019486.6666666665,1020496.6666666665,991623.3333333335,1000350.0,999080.0,1096651.666666667,1110421.666666667,1103756.666666667,1114378.333333333,1114693.333333333,0
2019-12-26,106.44753969864706,106.88299133877544,105.84384812500952,106.8730926513672,423000,1,106.22586517333984,106.11580810546873,104.28942070007324,103.18662083943686,100.65644709269208,807860.0,986760.0,936230.0,990413.3333333335,1062718.333333333,106.12096405029295,106.1506576538086,106.04178619384766,105.9428253173828,105.12139892578124,105.87552642822266,105.8102081298828,105.9151107788086,105.8636489868164,106.00575103759766,105.88747711181641,105.65438385009766,105.35315628051758,105.02035903930664,104.5937873840332,104.03208961486817,103.82322578430175,103.53833236694337,103.26085739135742,103.01005210876465,102.9650410970052,102.79025395711264,102.63192011515301,102.4716204325358,102.32646789550782,100.44313774108886,100.2624397277832,100.06857592264812,99.88755213419596,99.70307629903158,1032880.0,1186000.0,1222820.0,1067020.0,1165660.0,1053930.0,1147660.0,1149680.0,1032750.0,1050650.0,1030900.0,1081515.0,1076345.0,1024730.0,1035925.0,1004673.3333333335,1019486.6666666665,1020496.6666666665,991623.3333333335,1000350.0,1082993.333333333,1096651.666666667,1110421.666666667,1103756.666666667,1114378.333333333,0
2019-12-27,107.26895628133805,107.47678341242269,106.60588768923658,106.94236755371094,699600,1,106.42577362060548,106.14471130371092,104.51368370056153,103.40524393717449,100.90201250712076,789240.0,928130.0,925245.0,984280.0,1052773.333333333,106.8730926513672,106.12096405029295,106.1506576538086,106.04178619384766,105.9428253173828,106.22586517333984,105.87552642822266,105.8102081298828,105.9151107788086,105.8636489868164,106.11580810546873,105.88747711181641,105.65438385009766,105.35315628051758,105.02035903930664,104.28942070007324,104.03208961486817,103.82322578430175,103.53833236694337,103.26085739135742,103.18662083943686,102.9650410970052,102.79025395711264,102.63192011515301,102.4716204325358,100.65644709269208,100.44313774108886,100.2624397277832,100.06857592264812,99.88755213419596,807860.0,1032880.0,1186000.0,1222820.0,1067020.0,986760.0,1053930.0,1147660.0,1149680.0,1032750.0,936230.0,1030900.0,1081515.0,1076345.0,1024730.0,990413.3333333335,1004673.3333333335,1019486.6666666665,1020496.6666666665,991623.3333333335,1062718.333333333,1082993.333333333,1096651.666666667,1110421.666666667,1103756.666666667,0
2019-12-30,107.1205156418916,107.48669160073324,106.31889555821014,107.16010284423828,591500,0,106.6494369506836,106.28227386474607,104.73747901916504,103.64988454182941,101.13096631368002,527940.0,875380.0,933025.0,977376.6666666665,1047941.6666666665,106.94236755371094,106.8730926513672,106.12096405029295,106.1506576538086,106.04178619384766,106.42577362060548,106.22586517333984,105.87552642822266,105.8102081298828,105.9151107788086,106.14471130371092,106.11580810546873,105.88747711181641,105.65438385009766,105.35315628051758,104.51368370056153,104.28942070007324,104.03208961486817,103.82322578430175,103.53833236694337,103.40524393717449,103.18662083943686,102.9650410970052,102.79025395711264,102.63192011515301,100.90201250712076,100.65644709269208,100.44313774108886,100.2624397277832,100.06857592264812,789240.0,807860.0,1032880.0,1186000.0,1222820.0,928130.0,986760.0,1053930.0,1147660.0,1149680.0,925245.0,936230.0,1030900.0,1081515.0,1076345.0,984280.0,990413.3333333335,1004673.3333333335,1019486.6666666665,1020496.6666666665,1052773.333333333,1062718.333333333,1082993.333333333,1096651.666666667,1110421.666666667,0
2019-12-31,106.754341340343,107.26895984146752,106.38816540171551,107.1106185913086,793400,1,106.8414291381836,106.3258186340332,105.02297782897949,103.8550272623698,101.33408241271972,534640.0,860320.0,925105.0,969506.6666666665,1046625.0,107.16010284423828,106.94236755371094,106.8730926513672,106.12096405029295,106.1506576538086,106.6494369506836,106.42577362060548,106.22586517333984,105.87552642822266,105.8102081298828,106.28227386474607,106.14471130371092,106.11580810546873,105.88747711181641,105.65438385009766,104.73747901916504,104.51368370056153,104.28942070007324,104.03208961486817,103.82322578430175,103.64988454182941,103.40524393717449,103.18662083943686,102.9650410970052,102.79025395711264,101.13096631368002,100.90201250712076,100.65644709269208,100.44313774108886,100.2624397277832,527940.0,789240.0,807860.0,1032880.0,1186000.0,875380.0,928130.0,986760.0,1053930.0,1147660.0,933025.0,925245.0,936230.0,1030900.0,1081515.0,977376.6666666665,984280.0,990413.3333333335,1004673.3333333335,1019486.6666666665,1047941.6666666665,1052773.333333333,1062718.333333333,1082993.333333333,1096651.666666667,0
2020-01-02,107.27886331035641,108.10028076171876,106.66527300623876,108.10028076171876,1171500,0,107.23729248046877,106.5564094543457,105.40337753295898,104.08657658894856,101.56636390686035,735800.0,884340.0,926495.0,960903.3333333335,1049713.333333333,107.1106185913086,107.16010284423828,106.94236755371094,106.8730926513672,106.12096405029295,106.8414291381836,106.6494369506836,106.42577362060548,106.22586517333984,105.87552642822266,106.3258186340332,106.28227386474607,106.14471130371092,106.11580810546873,105.88747711181641,105.02297782897949,104.73747901916504,104.51368370056153,104.28942070007324,104.03208961486817,103.8550272623698,103.64988454182941,103.40524393717449,103.18662083943686,102.9650410970052,101.33408241271972,101.13096631368002,100.90201250712076,100.65644709269208,100.44313774108886,534640.0,527940.0,789240.0,807860.0,1032880.0,860320.0,875380.0,928130.0,986760.0,1053930.0,925105.0,933025.0,925245.0,936230.0,1030900.0,969506.6666666665,977376.6666666665,984280.0,990413.3333333335,1004673.3333333335,1046625.0,1047941.6666666665,1052773.333333333,1062718.333333333,1082993.333333333,0
2020-01-03,106.48713116161241,107.17989584869056,106.32878990917143,106.97206115722656,698900,0,107.25708618164064,106.74147567749023,105.66763153076172,104.25385996500653,101.81587994893393,790980.0,799420.0,925035.0,957090.0,1046073.3333333335,108.10028076171876,107.1106185913086,107.16010284423828,106.94236755371094,106.8730926513672,107.23729248046877,106.8414291381836,106.6494369506836,106.42577362060548,106.22586517333984,106.5564094543457,106.3258186340332,106.28227386474607,106.14471130371092,106.11580810546873,105.40337753295898,105.02297782897949,104.73747901916504,104.51368370056153,104.28942070007324,104.08657658894856,103.8550272623698,103.64988454182941,103.40524393717449,103.18662083943686,101.56636390686035,101.33408241271972,101.13096631368002,100.90201250712076,100.65644709269208,735800.0,534640.0,527940.0,789240.0,807860.0,884340.0,860320.0,875380.0,928130.0,986760.0,926495.0,925105.0,933025.0,925245.0,936230.0,960903.3333333335,969506.6666666665,977376.6666666665,984280.0,990413.3333333335,1049713.333333333,1046625.0,1047941.6666666665,1052773.333333333,1062718.333333333,0
2020-01-06,106.17043997002045,106.44754282169157,105.57664706636999,106.41785430908205,1097500,1,107.15218353271484,106.78897857666016,105.9046688079834,104.43689778645832,102.0270325978597,870560.0,829900.0,931325.0,959786.6666666665,1047665.0,106.97206115722656,108.10028076171876,107.1106185913086,107.16010284423828,106.94236755371094,107.25708618164064,107.23729248046877,106.8414291381836,106.6494369506836,106.42577362060548,106.74147567749023,106.5564094543457,106.3258186340332,106.28227386474607,106.14471130371092,105.66763153076172,105.40337753295898,105.02297782897949,104.73747901916504,104.51368370056153,104.25385996500653,104.08657658894856,103.8550272623698,103.64988454182941,103.40524393717449,101.81587994893393,101.56636390686035,101.33408241271972,101.13096631368002,100.90201250712076,790980.0,735800.0,534640.0,527940.0,789240.0,799420.0,884340.0,860320.0,875380.0,928130.0,925035.0,926495.0,925105.0,933025.0,925245.0,957090.0,960903.3333333335,969506.6666666665,977376.6666666665,984280.0,1046073.3333333335,1049713.333333333,1046625.0,1047941.6666666665,1052773.333333333,0
2020-01-07,106.90277872297199,107.4174047496472,106.46733464326914,106.99185180664062,834000,1,107.11853332519532,106.88398513793943,106.11857070922852,104.65354995727542,102.23853658040363,919060.0,723500.0,936590.0,958730.0,1048515.0,106.41785430908205,106.97206115722656,108.10028076171876,107.1106185913086,107.16010284423828,107.15218353271484,107.25708618164064,107.23729248046877,106.8414291381836,106.6494369506836,106.78897857666016,106.74147567749023,106.5564094543457,106.3258186340332,106.28227386474607,105.9046688079834,105.66763153076172,105.40337753295898,105.02297782897949,104.73747901916504,104.43689778645832,104.25385996500653,104.08657658894856,103.8550272623698,103.64988454182941,102.0270325978597,101.81587994893393,101.56636390686035,101.33408241271972,101.13096631368002,870560.0,790980.0,735800.0,534640.0,527940.0,829900.0,799420.0,884340.0,860320.0,875380.0,931325.0,925035.0,926495.0,925105.0,933025.0,959786.6666666665,957090.0,960903.3333333335,969506.6666666665,977376.6666666665,1047665.0,1046073.3333333335,1049713.333333333,1046625.0,1047941.6666666665,0
2020-01-08,106.88300006624769,107.813280445943,106.27930844331604,107.24917602539062,807900,1,107.14624481201172,106.99383697509764,106.32411041259766,104.88009618123371,102.43013916015623,921960.0,728300.0,937980.0,963776.6666666665,1039766.6666666665,106.99185180664062,106.41785430908205,106.97206115722656,108.10028076171876,107.1106185913086,107.11853332519532,107.15218353271484,107.25708618164064,107.23729248046877,106.8414291381836,106.88398513793943,106.78897857666016,106.74147567749023,106.5564094543457,106.3258186340332,106.11857070922852,105.9046688079834,105.66763153076172,105.40337753295898,105.02297782897949,104.65354995727542,104.43689778645832,104.25385996500653,104.08657658894856,103.8550272623698,102.23853658040363,102.0270325978597,101.81587994893393,101.56636390686035,101.33408241271972,919060.0,870560.0,790980.0,735800.0,534640.0,723500.0,829900.0,799420.0,884340.0,860320.0,936590.0,931325.0,925035.0,926495.0,925105.0,958730.0,959786.6666666665,957090.0,960903.3333333335,969506.6666666665,1048515.0,1047665.0,1046073.3333333335,1049713.333333333,1046625.0,0
2020-01-09,107.87265084803788,108.28830512175765,107.35803234969244,107.62523651123048,1188400,0,107.05123596191406,107.1442642211914,106.5158706665039,105.06948115030924,102.62916119893393,925340.0,830570.0,942250.0,964123.3333333335,1038268.3333333335,107.24917602539062,106.99185180664062,106.41785430908205,106.97206115722656,108.10028076171876,107.14624481201172,107.11853332519532,107.15218353271484,107.25708618164064,107.23729248046877,106.99383697509764,106.88398513793943,106.78897857666016,106.74147567749023,106.5564094543457,106.32411041259766,106.11857070922852,105.9046688079834,105.66763153076172,105.40337753295898,104.88009618123371,104.65354995727542,104.43689778645832,104.25385996500653,104.08657658894856,102.43013916015623,102.23853658040363,102.0270325978597,101.81587994893393,101.56636390686035,921960.0,919060.0,870560.0,790980.0,735800.0,728300.0,723500.0,829900.0,799420.0,884340.0,937980.0,936590.0,931325.0,925035.0,926495.0,963776.6666666665,958730.0,959786.6666666665,957090.0,960903.3333333335,1039766.6666666665,1048515.0,1047665.0,1046073.3333333335,1049713.333333333,0
2020-01-10,107.70441150708253,107.85286162008568,106.91268260472341,107.1996841430664,756100,1,107.09676055908206,107.17692337036131,106.64636573791503,105.25192159016927,102.7962427775065,936780.0,863880.0,925320.0,912113.3333333335,1032478.3333333335,107.62523651123048,107.24917602539062,106.99185180664062,106.41785430908205,106.97206115722656,107.05123596191406,107.14624481201172,107.11853332519532,107.15218353271484,107.25708618164064,107.1442642211914,106.99383697509764,106.88398513793943,106.78897857666016,106.74147567749023,106.5158706665039,106.32411041259766,106.11857070922852,105.9046688079834,105.66763153076172,105.06948115030924,104.88009618123371,104.65354995727542,104.43689778645832,104.25385996500653,102.62916119893393,102.43013916015623,102.23853658040363,102.0270325978597,101.81587994893393,925340.0,921960.0,919060.0,870560.0,790980.0,830570.0,728300.0,723500.0,829900.0,799420.0,942250.0,937980.0,936590.0,931325.0,925035.0,964123.3333333335,963776.6666666665,958730.0,959786.6666666665,957090.0,1038268.3333333335,1039766.6666666665,1048515.0,1047665.0,1046073.3333333335,0
2020-01-13,107.34813387759114,108.01120248944945,107.20958245273974,107.98151397705078,721300,1,107.40949249267578,107.28083801269531,106.71277465820313,105.43606847127279,102.97043062845866,861540.0,866050.0,897090.0,905513.3333333335,1023630.0,107.1996841430664,107.62523651123048,107.24917602539062,106.99185180664062,106.41785430908205,107.09676055908206,107.05123596191406,107.14624481201172,107.11853332519532,107.15218353271484,107.17692337036131,107.1442642211914,106.99383697509764,106.88398513793943,106.78897857666016,106.64636573791503,106.5158706665039,106.32411041259766,106.11857070922852,105.9046688079834,105.25192159016927,105.06948115030924,104.88009618123371,104.65354995727542,104.43689778645832,102.7962427775065,102.62916119893393,102.43013916015623,102.23853658040363,102.0270325978597,936780.0,925340.0,921960.0,919060.0,870560.0,863880.0,830570.0,728300.0,723500.0,829900.0,925320.0,942250.0,937980.0,936590.0,931325.0,912113.3333333335,964123.3333333335,963776.6666666665,958730.0,959786.6666666665,1032478.3333333335,1038268.3333333335,1039766.6666666665,1048515.0,1047665.0,0
2020-01-14,107.76378584286778,109.09982172558271,107.62523442098538,108.3674774169922,1027500,0,107.68461761474607,107.40157546997072,106.8419246673584,105.6255111694336,103.15335502624512,900240.0,909650.0,892515.0,925233.3333333335,1027155.0,107.98151397705078,107.1996841430664,107.62523651123048,107.24917602539062,106.99185180664062,107.40949249267578,107.09676055908206,107.05123596191406,107.14624481201172,107.11853332519532,107.28083801269531,107.17692337036131,107.1442642211914,106.99383697509764,106.88398513793943,106.71277465820313,106.64636573791503,106.5158706665039,106.32411041259766,106.11857070922852,105.43606847127279,105.25192159016927,105.06948115030924,104.88009618123371,104.65354995727542,102.97043062845866,102.7962427775065,102.62916119893393,102.43013916015623,102.23853658040363,861540.0,936780.0,925340.0,921960.0,919060.0,866050.0,863880.0,830570.0,728300.0,723500.0,897090.0,925320.0,942250.0,937980.0,936590.0,905513.3333333335,912113.3333333335,964123.3333333335,963776.6666666665,958730.0,1023630.0,1032478.3333333335,1038268.3333333335,1039766.6666666665,1048515.0,0
2020-01-15,108.79303073531023,108.862306446484,107.06113040547982,107.5856475830078,699500,1,107.75191192626951,107.44907836914062,106.88744850158692,105.8316780090332,103.31732470194498,878560.0,900260.0,880290.0,916823.3333333335,1017738.3333333335,108.3674774169922,107.98151397705078,107.1996841430664,107.62523651123048,107.24917602539062,107.68461761474607,107.40949249267578,107.09676055908206,107.05123596191406,107.14624481201172,107.40157546997072,107.28083801269531,107.17692337036131,107.1442642211914,106.99383697509764,106.8419246673584,106.71277465820313,106.64636573791503,106.5158706665039,106.32411041259766,105.6255111694336,105.43606847127279,105.25192159016927,105.06948115030924,104.88009618123371,103.15335502624512,102.97043062845866,102.7962427775065,102.62916119893393,102.43013916015623,900240.0,861540.0,936780.0,925340.0,921960.0,909650.0,866050.0,863880.0,830570.0,728300.0,892515.0,897090.0,925320.0,942250.0,937980.0,925233.3333333335,905513.3333333335,912113.3333333335,964123.3333333335,963776.6666666665,1027155.0,1023630.0,1032478.3333333335,1038268.3333333335,1039766.6666666665,0
2020-01-16,108.23883331108114,108.65448760986328,107.69451871709015,108.65448760986328,590800,0,107.9577621459961,107.50449905395507,107.03045425415037,106.10375137329102,103.47590573628744,759040.0,842190.0,863265.0,898393.3333333335,1004773.3333333335,107.5856475830078,108.3674774169922,107.98151397705078,107.1996841430664,107.62523651123048,107.75191192626951,107.68461761474607,107.40949249267578,107.09676055908206,107.05123596191406,107.44907836914062,107.40157546997072,107.28083801269531,107.17692337036131,107.1442642211914,106.88744850158692,106.8419246673584,106.71277465820313,106.64636573791503,106.5158706665039,105.8316780090332,105.6255111694336,105.43606847127279,105.25192159016927,105.06948115030924,103.31732470194498,103.15335502624512,102.97043062845866,102.7962427775065,102.62916119893393,878560.0,900240.0,861540.0,936780.0,925340.0,900260.0,909650.0,866050.0,863880.0,830570.0,880290.0,892515.0,897090.0,925320.0,942250.0,916823.3333333335,925233.3333333335,905513.3333333335,912113.3333333335,964123.3333333335,1017738.3333333335,1027155.0,1023630.0,1032478.3333333335,1038268.3333333335,0
2020-01-17,107.99140437287176,108.92167707537624,106.88298550868092,108.31798553466795,1275300,0,108.18142242431641,107.63909149169922,107.19028358459472,106.3247848510742,103.65060005187988,862880.0,899830.0,849625.0,916633.3333333335,1004730.0,108.65448760986328,107.5856475830078,108.3674774169922,107.98151397705078,107.1996841430664,107.9577621459961,107.75191192626951,107.68461761474607,107.40949249267578,107.09676055908206,107.50449905395507,107.44907836914062,107.40157546997072,107.28083801269531,107.17692337036131,107.03045425415037,106.88744850158692,106.8419246673584,106.71277465820313,106.64636573791503,106.10375137329102,105.8316780090332,105.6255111694336,105.43606847127279,105.25192159016927,103.47590573628744,103.31732470194498,103.15335502624512,102.97043062845866,102.7962427775065,759040.0,878560.0,900240.0,861540.0,936780.0,842190.0,900260.0,909650.0,866050.0,863880.0,863265.0,880290.0,892515.0,897090.0,925320.0,898393.3333333335,916823.3333333335,925233.3333333335,905513.3333333335,912113.3333333335,1004773.3333333335,1017738.3333333335,1027155.0,1023630.0,1032478.3333333335,0
2020-01-21,107.6252345425658,108.60499318426542,106.9918544559634,107.14030456542969,1714100,0,108.01318054199218,107.711336517334,107.25015754699707,106.50689137776692,103.76452700297037,1061440.0,961490.0,895695.0,941380.0,999403.3333333335,108.31798553466795,108.65448760986328,107.5856475830078,108.3674774169922,107.98151397705078,108.18142242431641,107.9577621459961,107.75191192626951,107.68461761474607,107.40949249267578,107.63909149169922,107.50449905395507,107.44907836914062,107.40157546997072,107.28083801269531,107.19028358459472,107.03045425415037,106.88744850158692,106.8419246673584,106.71277465820313,106.3247848510742,106.10375137329102,105.8316780090332,105.6255111694336,105.43606847127279,103.65060005187988,103.47590573628744,103.31732470194498,103.15335502624512,102.97043062845866,862880.0,759040.0,878560.0,900240.0,861540.0,899830.0,842190.0,900260.0,909650.0,866050.0,849625.0,863265.0,880290.0,892515.0,897090.0,916633.3333333335,898393.3333333335,916823.3333333335,925233.3333333335,905513.3333333335,1004730.0,1004773.3333333335,1017738.3333333335,1027155.0,1023630.0,0
2020-01-22,106.05168538309694,108.0013040226309,104.02288479286068,105.52716064453124,2875400,0,107.4451171875,107.56486740112305,107.22442626953124,106.6006696065267,103.8482770284017,1431020.0,1165630.0,944565.0,1012936.6666666665,1027515.0,107.14030456542969,108.31798553466795,108.65448760986328,107.5856475830078,108.3674774169922,108.01318054199218,108.18142242431641,107.9577621459961,107.75191192626951,107.68461761474607,107.711336517334,107.63909149169922,107.50449905395507,107.44907836914062,107.40157546997072,107.25015754699707,107.19028358459472,107.03045425415037,106.88744850158692,106.8419246673584,106.50689137776692,106.3247848510742,106.10375137329102,105.8316780090332,105.6255111694336,103.76452700297037,103.65060005187988,103.47590573628744,103.31732470194498,103.15335502624512,1061440.0,862880.0,759040.0,878560.0,900240.0,961490.0,899830.0,842190.0,900260.0,909650.0,895695.0,849625.0,863265.0,880290.0,892515.0,941380.0,916633.3333333335,898393.3333333335,916823.3333333335,925233.3333333335,999403.3333333335,1004730.0,1004773.3333333335,1017738.3333333335,1027155.0,0
2020-01-23,104.69585107346884,105.33912985560332,103.25095226079745,105.24015808105469,1755000,0,106.97601928710938,107.36396560668943,107.17890129089355,106.67072881062826,103.95291468302408,1642120.0,1260340.0,994320.0,1045433.3333333335,1025506.6666666665,105.52716064453124,107.14030456542969,108.31798553466795,108.65448760986328,107.5856475830078,107.4451171875,108.01318054199218,108.18142242431641,107.9577621459961,107.75191192626951,107.56486740112305,107.711336517334,107.63909149169922,107.50449905395507,107.44907836914062,107.22442626953124,107.25015754699707,107.19028358459472,107.03045425415037,106.88744850158692,106.6006696065267,106.50689137776692,106.3247848510742,106.10375137329102,105.8316780090332,103.8482770284017,103.76452700297037,103.65060005187988,103.47590573628744,103.31732470194498,1431020.0,1061440.0,862880.0,759040.0,878560.0,1165630.0,961490.0,899830.0,842190.0,900260.0,944565.0,895695.0,849625.0,863265.0,880290.0,1012936.6666666665,941380.0,916633.3333333335,898393.3333333335,916823.3333333335,1027515.0,999403.3333333335,1004730.0,1004773.3333333335,1017738.3333333335,0
2020-01-24,105.95271633913497,106.36837817574144,103.81506033159918,104.27030181884766,1142400,0,106.09918212890624,107.02847213745115,107.08636817932128,106.68673782348631,104.02559038798016,1752440.0,1255740.0,1043155.0,1046746.6666666665,1020021.6666666665,105.24015808105469,105.52716064453124,107.14030456542969,108.31798553466795,108.65448760986328,106.97601928710938,107.4451171875,108.01318054199218,108.18142242431641,107.9577621459961,107.36396560668943,107.56486740112305,107.711336517334,107.63909149169922,107.50449905395507,107.17890129089355,107.22442626953124,107.25015754699707,107.19028358459472,107.03045425415037,106.67072881062826,106.6006696065267,106.50689137776692,106.3247848510742,106.10375137329102,103.95291468302408,103.8482770284017,103.76452700297037,103.65060005187988,103.47590573628744,1642120.0,1431020.0,1061440.0,862880.0,759040.0,1260340.0,1165630.0,961490.0,899830.0,842190.0,994320.0,944565.0,895695.0,849625.0,863265.0,1045433.3333333335,1012936.6666666665,941380.0,916633.3333333335,898393.3333333335,1025506.6666666665,1027515.0,999403.3333333335,1004730.0,1004773.3333333335,0
2020-01-27,102.31077020574764,102.81549754904994,101.53883871039473,101.56852722167969,1733400,1,104.7492904663086,106.4653564453125,106.82113990783691,106.58602930704753,104.05669237772624,1844060.0,1353470.0,1108675.0,1068036.666666667,1034235.0,104.27030181884766,105.24015808105469,105.52716064453124,107.14030456542969,108.31798553466795,106.09918212890624,106.97601928710938,107.4451171875,108.01318054199218,108.18142242431641,107.02847213745115,107.36396560668943,107.56486740112305,107.711336517334,107.63909149169922,107.08636817932128,107.17890129089355,107.22442626953124,107.25015754699707,107.19028358459472,106.68673782348631,106.67072881062826,106.6006696065267,106.50689137776692,106.3247848510742,104.02559038798016,103.95291468302408,103.8482770284017,103.76452700297037,103.65060005187988,1752440.0,1642120.0,1431020.0,1061440.0,862880.0,1255740.0,1260340.0,1165630.0,961490.0,899830.0,1043155.0,994320.0,944565.0,895695.0,849625.0,1046746.6666666665,1045433.3333333335,1012936.6666666665,941380.0,916633.3333333335,1020021.6666666665,1025506.6666666665,1027515.0,999403.3333333335,1004730.0,0
2020-01-28,102.46912209663635,103.29053950261223,102.08315633729565,102.34046936035156,1575300,1,103.78932342529295,105.90125198364258,106.59104499816894,106.4422671000163,104.10329297383628,1816300.0,1438870.0,1152460.0,1077683.333333333,1042870.0,101.56852722167969,104.27030181884766,105.24015808105469,105.52716064453124,107.14030456542969,104.7492904663086,106.09918212890624,106.97601928710938,107.4451171875,108.01318054199218,106.4653564453125,107.02847213745115,107.36396560668943,107.56486740112305,107.711336517334,106.82113990783691,107.08636817932128,107.17890129089355,107.22442626953124,107.25015754699707,106.58602930704753,106.68673782348631,106.67072881062826,106.6006696065267,106.50689137776692,104.05669237772624,104.02559038798016,103.95291468302408,103.8482770284017,103.76452700297037,1844060.0,1752440.0,1642120.0,1431020.0,1061440.0,1353470.0,1255740.0,1260340.0,1165630.0,961490.0,1108675.0,1043155.0,994320.0,944565.0,895695.0,1068036.666666667,1046746.6666666665,1045433.3333333335,1012936.6666666665,941380.0,1034235.0,1020021.6666666665,1025506.6666666665,1027515.0,999403.3333333335,0
2020-01-29,102.94415760445558,104.29009224868172,102.2415017689457,102.3503646850586,1043900,0,103.15396423339844,105.29954071044922,106.35055809020996,106.32779668172199,104.15812174479169,1450000.0,1440510.0,1175080.0,1075180.0,1044180.0,102.34046936035156,101.56852722167969,104.27030181884766,105.24015808105469,105.52716064453124,103.78932342529295,104.7492904663086,106.09918212890624,106.97601928710938,107.4451171875,105.90125198364258,106.4653564453125,107.02847213745115,107.36396560668943,107.56486740112305,106.59104499816894,106.82113990783691,107.08636817932128,107.17890129089355,107.22442626953124,106.4422671000163,106.58602930704753,106.68673782348631,106.67072881062826,106.6006696065267,104.10329297383628,104.05669237772624,104.02559038798016,103.95291468302408,103.8482770284017,1816300.0,1844060.0,1752440.0,1642120.0,1431020.0,1438870.0,1353470.0,1255740.0,1260340.0,1165630.0,1152460.0,1108675.0,1043155.0,994320.0,944565.0,1077683.333333333,1068036.666666667,1046746.6666666665,1045433.3333333335,1012936.6666666665,1042870.0,1034235.0,1020021.6666666665,1025506.6666666665,1027515.0,0
2020-01-30,101.28152357575209,102.19201402219238,99.86632089754299,100.81639099121094,1237300,0,102.26921081542969,104.6226150512695,106.03584671020508,106.13250401814777,104.14706776936848,1346460.0,1494290.0,1197275.0,1084956.666666667,1044638.3333333335,102.3503646850586,102.34046936035156,101.56852722167969,104.27030181884766,105.24015808105469,103.15396423339844,103.78932342529295,104.7492904663086,106.09918212890624,106.97601928710938,105.29954071044922,105.90125198364258,106.4653564453125,107.02847213745115,107.36396560668943,106.35055809020996,106.59104499816894,106.82113990783691,107.08636817932128,107.17890129089355,106.32779668172199,106.4422671000163,106.58602930704753,106.68673782348631,106.67072881062826,104.15812174479169,104.10329297383628,104.05669237772624,104.02559038798016,103.95291468302408,1450000.0,1816300.0,1844060.0,1752440.0,1642120.0,1440510.0,1438870.0,1353470.0,1255740.0,1260340.0,1175080.0,1152460.0,1108675.0,1043155.0,994320.0,1075180.0,1077683.333333333,1068036.666666667,1046746.6666666665,1045433.3333333335,1044180.0,1042870.0,1034235.0,1020021.6666666665,1025506.6666666665,0
2020-01-31,100.34135577067413,100.71742283672228,97.9265894768748,98.44121551513672,1553700,1,101.1033935546875,103.60128784179688,105.55289344787596,105.88739878336588,104.07306022644043,1428720.0,1590580.0,1216385.0,1105703.333333333,1052391.666666667,100.81639099121094,102.3503646850586,102.34046936035156,101.56852722167969,104.27030181884766,102.26921081542969,103.15396423339844,103.78932342529295,104.7492904663086,106.09918212890624,104.6226150512695,105.29954071044922,105.90125198364258,106.4653564453125,107.02847213745115,106.03584671020508,106.35055809020996,106.59104499816894,106.82113990783691,107.08636817932128,106.13250401814777,106.32779668172199,106.4422671000163,106.58602930704753,106.68673782348631,104.14706776936848,104.15812174479169,104.10329297383628,104.05669237772624,104.02559038798016,1346460.0,1450000.0,1816300.0,1844060.0,1752440.0,1494290.0,1440510.0,1438870.0,1353470.0,1255740.0,1197275.0,1175080.0,1152460.0,1108675.0,1043155.0,1084956.666666667,1075180.0,1077683.333333333,1068036.666666667,1046746.6666666665,1044638.3333333335,1044180.0,1042870.0,1034235.0,1020021.6666666665,0
2020-02-03,99.18346385717165,99.985083919022,98.70842499243544,98.91625213623048,1485600,1,100.57293853759764,102.66111450195312,105.15010299682619,105.68056055704751,104.0035142262777,1379160.0,1611610.0,1255720.0,1103620.0,1051985.0,98.44121551513672,100.81639099121094,102.3503646850586,102.34046936035156,101.56852722167969,101.1033935546875,102.26921081542969,103.15396423339844,103.78932342529295,104.7492904663086,103.60128784179688,104.6226150512695,105.29954071044922,105.90125198364258,106.4653564453125,105.55289344787596,106.03584671020508,106.35055809020996,106.59104499816894,106.82113990783691,105.88739878336588,106.13250401814777,106.32779668172199,106.4422671000163,106.58602930704753,104.07306022644043,104.14706776936848,104.15812174479169,104.10329297383628,104.05669237772624,1428720.0,1346460.0,1450000.0,1816300.0,1844060.0,1590580.0,1494290.0,1440510.0,1438870.0,1353470.0,1216385.0,1197275.0,1175080.0,1152460.0,1108675.0,1105703.333333333,1084956.666666667,1075180.0,1077683.333333333,1068036.666666667,1052391.666666667,1044638.3333333335,1044180.0,1042870.0,1034235.0,0
2020-02-04,100.79659811551576,102.8352973610763,100.65804669257788,102.7660140991211,1548900,1,100.65804748535156,102.22368545532228,104.96751098632812,105.57466684977213,104.02314364115395,1373880.0,1595090.0,1278290.0,1128826.666666667,1060225.0,98.91625213623048,98.44121551513672,100.81639099121094,102.3503646850586,102.34046936035156,100.57293853759764,101.1033935546875,102.26921081542969,103.15396423339844,103.78932342529295,102.66111450195312,103.60128784179688,104.6226150512695,105.29954071044922,105.90125198364258,105.15010299682619,105.55289344787596,106.03584671020508,106.35055809020996,106.59104499816894,105.68056055704751,105.88739878336588,106.13250401814777,106.32779668172199,106.4422671000163,104.0035142262777,104.07306022644043,104.14706776936848,104.15812174479169,104.10329297383628,1379160.0,1428720.0,1346460.0,1450000.0,1816300.0,1611610.0,1590580.0,1494290.0,1440510.0,1438870.0,1255720.0,1216385.0,1197275.0,1175080.0,1152460.0,1103620.0,1105703.333333333,1084956.666666667,1075180.0,1077683.333333333,1051985.0,1052391.666666667,1044638.3333333335,1044180.0,1042870.0,0
2020-02-05,104.56720503201484,104.56720503201484,102.98374714369385,103.5478515625,1002500,0,100.89754486083984,102.02575454711912,104.7953109741211,105.49153569539386,104.06172790527344,1365600.0,1407800.0,1286715.0,1098976.666666667,1059736.666666667,102.7660140991211,98.91625213623048,98.44121551513672,100.81639099121094,102.3503646850586,100.65804748535156,100.57293853759764,101.1033935546875,102.26921081542969,103.15396423339844,102.22368545532228,102.66111450195312,103.60128784179688,104.6226150512695,105.29954071044922,104.96751098632812,105.15010299682619,105.55289344787596,106.03584671020508,106.35055809020996,105.57466684977213,105.68056055704751,105.88739878336588,106.13250401814777,106.32779668172199,104.02314364115395,104.0035142262777,104.07306022644043,104.14706776936848,104.15812174479169,1373880.0,1379160.0,1428720.0,1346460.0,1450000.0,1595090.0,1611610.0,1590580.0,1494290.0,1440510.0,1278290.0,1255720.0,1216385.0,1197275.0,1175080.0,1128826.666666667,1103620.0,1105703.333333333,1084956.666666667,1075180.0,1060225.0,1051985.0,1052391.666666667,1044638.3333333335,1044180.0,0
2020-02-06,103.78536503259103,103.78536503259103,102.49880750673492,102.88477325439452,704900,0,101.31122131347657,101.79021606445312,104.57709083557128,105.38267288208007,104.08646341959637,1259120.0,1302790.0,1281565.0,1097143.333333333,1058315.0,103.5478515625,102.7660140991211,98.91625213623048,98.44121551513672,100.81639099121094,100.89754486083984,100.65804748535156,100.57293853759764,101.1033935546875,102.26921081542969,102.02575454711912,102.22368545532228,102.66111450195312,103.60128784179688,104.6226150512695,104.7953109741211,104.96751098632812,105.15010299682619,105.55289344787596,106.03584671020508,105.49153569539386,105.57466684977213,105.68056055704751,105.88739878336588,106.13250401814777,104.06172790527344,104.02314364115395,104.0035142262777,104.07306022644043,104.14706776936848,1365600.0,1373880.0,1379160.0,1428720.0,1346460.0,1407800.0,1595090.0,1611610.0,1590580.0,1494290.0,1286715.0,1278290.0,1255720.0,1216385.0,1197275.0,1098976.666666667,1128826.666666667,1103620.0,1105703.333333333,1084956.666666667,1059736.666666667,1060225.0,1051985.0,1052391.666666667,1044638.3333333335,0
2020-02-07,102.16232474928258,102.43942758072416,101.39038572535635,102.29097747802734,1394500,0,102.08117370605468,101.5922836303711,104.31037788391113,105.25500666300456,104.11002388000489,1227280.0,1328000.0,1291870.0,1138103.333333333,1071388.333333333,102.88477325439452,103.5478515625,102.7660140991211,98.91625213623048,98.44121551513672,101.31122131347657,100.89754486083984,100.65804748535156,100.57293853759764,101.1033935546875,101.79021606445312,102.02575454711912,102.22368545532228,102.66111450195312,103.60128784179688,104.57709083557128,104.7953109741211,104.96751098632812,105.15010299682619,105.55289344787596,105.38267288208007,105.49153569539386,105.57466684977213,105.68056055704751,105.88739878336588,104.08646341959637,104.06172790527344,104.02314364115395,104.0035142262777,104.07306022644043,1259120.0,1365600.0,1373880.0,1379160.0,1428720.0,1302790.0,1407800.0,1595090.0,1611610.0,1590580.0,1281565.0,1286715.0,1278290.0,1255720.0,1216385.0,1097143.333333333,1098976.666666667,1128826.666666667,1103620.0,1105703.333333333,1058315.0,1059736.666666667,1060225.0,1051985.0,1052391.666666667,0
