Date,Open,High,Low,Close,Volume,sgn,ma5,ma10,ma20,ma30,ma60,ma_vol5,ma_vol10,ma_vol20,ma_vol30,ma_vol60,Pre1Close,Pre2Close,Pre3Close,Pre4Close,Pre5Close,Pre1ma5,Pre2ma5,Pre3ma5,Pre4ma5,Pre5ma5,Pre1ma10,Pre2ma10,Pre3ma10,Pre4ma10,Pre5ma10,Pre1ma20,Pre2ma20,Pre3ma20,Pre4ma20,Pre5ma20,Pre1ma30,Pre2ma30,Pre3ma30,Pre4ma30,Pre5ma30,Pre1ma60,Pre2ma60,Pre3ma60,Pre4ma60,Pre5ma60,Pre1ma_vol5,Pre2ma_vol5,Pre3ma_vol5,Pre4ma_vol5,Pre5ma_vol5,Pre1ma_vol10,Pre2ma_vol10,Pre3ma_vol10,Pre4ma_vol10,Pre5ma_vol10,Pre1ma_vol20,Pre2ma_vol20,Pre3ma_vol20,Pre4ma_vol20,Pre5ma_vol20,Pre1ma_vol30,Pre2ma_vol30,Pre3ma_vol30,Pre4ma_vol30,Pre5ma_vol30,Pre1ma_vol60,Pre2ma_vol60,Pre3ma_vol60,Pre4ma_vol60,Pre5ma_vol60,predict
2018-02-09,194.9893547409256,202.06731285302376,193.7431687135365,200.6458740234375,1228400,1,201.0352996826172,205.77957916259768,207.23216400146484,202.2616963704427,189.55587565104167,1181260.0,939980.0,904475.0,996803.3333333335,998360.0,193.32452392578125,205.72796630859366,202.9532470703125,202.5248870849609,208.71690368652344,202.6495056152344,206.56331176757809,207.64204711914059,209.10047607421882,210.5238586425781,206.82033996582032,208.84149932861328,209.56292572021485,210.6445785522461,211.4497299194336,207.4151985168457,207.48919143676758,207.2652687072754,207.02917404174804,206.65337066650392,201.75802917480468,201.49191589355468,200.89348653157555,200.24215952555335,199.45031127929687,189.0122754414876,188.5955546061198,187.97016677856445,187.3181915283203,186.69585291544598,1092440.0,939840.0,902800.0,747020.0,698700.0,893720.0,824950.0,820090.0,794970.0,784250.0,916305.0,964045.0,977770.0,961355.0,971940.0,970570.0,942993.3333333335,941653.3333333335,924453.3333333335,921013.3333333335,989093.3333333335,984353.3333333335,991811.6666666665,992900.0,1007145.0,1
2018-02-12,202.90457173738025,207.12019071782345,200.5777074118297,206.27316284179688,942800,0,201.78495483398441,205.4427154541016,207.267212677002,202.97208709716801,190.15069681803382,1180460.0,963740.0,900865.0,1013830.0,998676.6666666665,200.6458740234375,193.32452392578125,205.72796630859366,202.9532470703125,202.5248870849609,201.0352996826172,202.6495056152344,206.56331176757809,207.64204711914059,209.10047607421882,205.77957916259768,206.82033996582032,208.84149932861328,209.56292572021485,210.6445785522461,207.23216400146484,207.4151985168457,207.48919143676758,207.2652687072754,207.02917404174804,202.2616963704427,201.75802917480468,201.49191589355468,200.89348653157555,200.24215952555335,189.55587565104167,189.0122754414876,188.5955546061198,187.97016677856445,187.3181915283203,1181260.0,1092440.0,939840.0,902800.0,747020.0,939980.0,893720.0,824950.0,820090.0,794970.0,904475.0,916305.0,964045.0,977770.0,961355.0,996803.3333333335,970570.0,942993.3333333335,941653.3333333335,924453.3333333335,998360.0,989093.3333333335,984353.3333333335,991811.6666666665,992900.0,1
2018-02-13,205.4845807221584,207.31492289769585,198.0269257470522,202.5054168701172,1277900,1,201.6953887939453,204.66871795654296,207.20441665649415,203.58998769124352,190.68110376993812,1156720.0,1029760.0,909540.0,1022580.0,1004011.6666666665,206.27316284179688,200.6458740234375,193.32452392578125,205.72796630859366,202.9532470703125,201.78495483398441,201.0352996826172,202.6495056152344,206.56331176757809,207.64204711914059,205.4427154541016,205.77957916259768,206.82033996582032,208.84149932861328,209.56292572021485,207.267212677002,207.23216400146484,207.4151985168457,207.48919143676758,207.2652687072754,202.97208709716801,202.2616963704427,201.75802917480468,201.49191589355468,200.89348653157555,190.15069681803382,189.55587565104167,189.0122754414876,188.5955546061198,187.97016677856445,1180460.0,1181260.0,1092440.0,939840.0,902800.0,963740.0,939980.0,893720.0,824950.0,820090.0,900865.0,904475.0,916305.0,964045.0,977770.0,1013830.0,996803.3333333335,970570.0,942993.3333333335,941653.3333333335,998676.6666666665,998360.0,989093.3333333335,984353.3333333335,991811.6666666665,0
2018-02-14,201.04504972381,205.20225660651118,200.0811964376113,204.2384033203125,918300,1,201.39747619628903,203.9803939819336,207.29642028808598,204.33121032714843,191.21271718343098,1163480.0,1051660.0,913635.0,1022333.3333333335,1001366.6666666665,202.5054168701172,206.27316284179688,200.6458740234375,193.32452392578125,205.72796630859366,201.6953887939453,201.78495483398441,201.0352996826172,202.6495056152344,206.56331176757809,204.66871795654296,205.4427154541016,205.77957916259768,206.82033996582032,208.84149932861328,207.20441665649415,207.267212677002,207.23216400146484,207.4151985168457,207.48919143676758,203.58998769124352,202.97208709716801,202.2616963704427,201.75802917480468,201.49191589355468,190.68110376993812,190.15069681803382,189.55587565104167,189.0122754414876,188.5955546061198,1156720.0,1180460.0,1181260.0,1092440.0,939840.0,1029760.0,963740.0,939980.0,893720.0,824950.0,909540.0,900865.0,904475.0,916305.0,964045.0,1022580.0,1013830.0,996803.3333333335,970570.0,942993.3333333335,1004011.6666666665,998676.6666666665,998360.0,989093.3333333335,984353.3333333335,1
2018-02-15,206.69184170571518,213.92556213878933,206.47765208333652,211.94918823242188,1399000,1,205.12240905761718,203.88595733642575,207.62695236206054,205.17628072102863,191.8537452697754,1153280.0,1122860.0,945120.0,1047420.0,1005785.0,204.2384033203125,202.5054168701172,206.27316284179688,200.6458740234375,193.32452392578125,201.39747619628903,201.6953887939453,201.78495483398441,201.0352996826172,202.6495056152344,203.9803939819336,204.66871795654296,205.4427154541016,205.77957916259768,206.82033996582032,207.29642028808598,207.20441665649415,207.267212677002,207.23216400146484,207.4151985168457,204.33121032714843,203.58998769124352,202.97208709716801,202.2616963704427,201.75802917480468,191.21271718343098,190.68110376993812,190.15069681803382,189.55587565104167,189.0122754414876,1163480.0,1156720.0,1180460.0,1181260.0,1092440.0,1051660.0,1029760.0,963740.0,939980.0,893720.0,913635.0,909540.0,900865.0,904475.0,916305.0,1022333.3333333335,1022580.0,1013830.0,996803.3333333335,970570.0,1001366.6666666665,1004011.6666666665,998676.6666666665,998360.0,989093.3333333335,1
2018-02-16,212.24124978562412,216.03822033033126,208.81423095058813,214.90887451171875,1396400,1,207.97500915527343,204.50515441894527,207.97744216918946,205.93729858398441,192.558344523112,1186880.0,1184070.0,984160.0,1042650.0,1014370.0,211.94918823242188,204.2384033203125,202.5054168701172,206.27316284179688,200.6458740234375,205.12240905761718,201.39747619628903,201.6953887939453,201.78495483398441,201.0352996826172,203.88595733642575,203.9803939819336,204.66871795654296,205.4427154541016,205.77957916259768,207.62695236206054,207.29642028808598,207.20441665649415,207.267212677002,207.23216400146484,205.17628072102863,204.33121032714843,203.58998769124352,202.97208709716801,202.2616963704427,191.8537452697754,191.21271718343098,190.68110376993812,190.15069681803382,189.55587565104167,1153280.0,1163480.0,1156720.0,1180460.0,1181260.0,1122860.0,1051660.0,1029760.0,963740.0,939980.0,945120.0,913635.0,909540.0,900865.0,904475.0,1047420.0,1022333.3333333335,1022580.0,1013830.0,996803.3333333335,1005785.0,1001366.6666666665,1004011.6666666665,998676.6666666665,998360.0,0
2018-02-20,209.80729663439305,221.10087399643984,202.7196081732053,215.6390686035156,4770100,1,209.8481903076172,205.81657257080082,208.23057556152344,206.6249735514323,193.2895184834798,1952340.0,1566400.0,1180685.0,1163036.666666667,1082003.333333333,214.90887451171875,211.94918823242188,204.2384033203125,202.5054168701172,206.27316284179688,207.97500915527343,205.12240905761718,201.39747619628903,201.6953887939453,201.78495483398441,204.50515441894527,203.88595733642575,203.9803939819336,204.66871795654296,205.4427154541016,207.97744216918946,207.62695236206054,207.29642028808598,207.20441665649415,207.267212677002,205.93729858398441,205.17628072102863,204.33121032714843,203.58998769124352,202.97208709716801,192.558344523112,191.8537452697754,191.21271718343098,190.68110376993812,190.15069681803382,1186880.0,1153280.0,1163480.0,1156720.0,1180460.0,1184070.0,1122860.0,1051660.0,1029760.0,963740.0,984160.0,945120.0,913635.0,909540.0,900865.0,1042650.0,1047420.0,1022333.3333333335,1022580.0,1013830.0,1014370.0,1005785.0,1001366.6666666665,1004011.6666666665,998676.6666666665,0
2018-02-21,216.28163992460486,229.76578178971766,215.9019428285876,224.44027709960938,3409700,0,214.2351623535156,207.96527557373048,208.76410064697262,207.4986043294271,194.17271982828774,2378700.0,1767710.0,1293900.0,1241083.333333333,1126070.0,215.6390686035156,214.90887451171875,211.94918823242188,204.2384033203125,202.5054168701172,209.8481903076172,207.97500915527343,205.12240905761718,201.39747619628903,201.6953887939453,205.81657257080082,204.50515441894527,203.88595733642575,203.9803939819336,204.66871795654296,208.23057556152344,207.97744216918946,207.62695236206054,207.29642028808598,207.20441665649415,206.6249735514323,205.93729858398441,205.17628072102863,204.33121032714843,203.58998769124352,193.2895184834798,192.558344523112,191.8537452697754,191.21271718343098,190.68110376993812,1952340.0,1186880.0,1153280.0,1163480.0,1156720.0,1566400.0,1184070.0,1122860.0,1051660.0,1029760.0,1180685.0,984160.0,945120.0,913635.0,909540.0,1163036.666666667,1042650.0,1047420.0,1022333.3333333335,1022580.0,1082003.333333333,1014370.0,1005785.0,1001366.6666666665,1004011.6666666665,0
2018-02-22,223.92427620908765,224.16767216148884,218.2774871422382,221.00352478027344,1791200,1,217.58818664550785,209.49283142089843,209.16716537475585,208.1570714314779,194.9858561197917,2553280.0,1858380.0,1341665.0,1262156.666666667,1150810.0,224.44027709960938,215.6390686035156,214.90887451171875,211.94918823242188,204.2384033203125,214.2351623535156,209.8481903076172,207.97500915527343,205.12240905761718,201.39747619628903,207.96527557373048,205.81657257080082,204.50515441894527,203.88595733642575,203.9803939819336,208.76410064697262,208.23057556152344,207.97744216918946,207.62695236206054,207.29642028808598,207.4986043294271,206.6249735514323,205.93729858398441,205.17628072102863,204.33121032714843,194.17271982828774,193.2895184834798,192.558344523112,191.8537452697754,191.21271718343098,2378700.0,1952340.0,1186880.0,1153280.0,1163480.0,1767710.0,1566400.0,1184070.0,1122860.0,1051660.0,1293900.0,1180685.0,984160.0,945120.0,913635.0,1241083.333333333,1163036.666666667,1042650.0,1047420.0,1022333.3333333335,1126070.0,1082003.333333333,1014370.0,1005785.0,1001366.6666666665,0
2018-02-23,221.95759857902272,223.19405398644108,219.07579926550426,222.80462646484366,1014800,0,219.7592742919922,212.4408416748047,209.6305908203125,209.09041290283204,195.87465235392253,2476440.0,1814860.0,1354290.0,1215823.333333333,1152830.0,221.00352478027344,224.44027709960938,215.6390686035156,214.90887451171875,211.94918823242188,217.58818664550785,214.2351623535156,209.8481903076172,207.97500915527343,205.12240905761718,209.49283142089843,207.96527557373048,205.81657257080082,204.50515441894527,203.88595733642575,209.16716537475585,208.76410064697262,208.23057556152344,207.97744216918946,207.62695236206054,208.1570714314779,207.4986043294271,206.6249735514323,205.93729858398441,205.17628072102863,194.9858561197917,194.17271982828774,193.2895184834798,192.558344523112,191.8537452697754,2553280.0,2378700.0,1952340.0,1186880.0,1153280.0,1858380.0,1767710.0,1566400.0,1184070.0,1122860.0,1341665.0,1293900.0,1180685.0,984160.0,945120.0,1262156.666666667,1241083.333333333,1163036.666666667,1042650.0,1047420.0,1150810.0,1126070.0,1082003.333333333,1014370.0,1005785.0,0
2018-02-26,224.61549395015209,224.9367634866672,221.4513470380359,221.99655151367188,980800,0,221.17680969238282,214.57590942382814,210.1777442932129,209.68007914225257,196.78607355753581,2393320.0,1790100.0,1365040.0,1199683.333333333,1137931.666666667,222.80462646484366,221.00352478027344,224.44027709960938,215.6390686035156,214.90887451171875,219.7592742919922,217.58818664550785,214.2351623535156,209.8481903076172,207.97500915527343,212.4408416748047,209.49283142089843,207.96527557373048,205.81657257080082,204.50515441894527,209.6305908203125,209.16716537475585,208.76410064697262,208.23057556152344,207.97744216918946,209.09041290283204,208.1570714314779,207.4986043294271,206.6249735514323,205.93729858398441,195.87465235392253,194.9858561197917,194.17271982828774,193.2895184834798,192.558344523112,2476440.0,2553280.0,2378700.0,1952340.0,1186880.0,1814860.0,1858380.0,1767710.0,1566400.0,1184070.0,1354290.0,1341665.0,1293900.0,1180685.0,984160.0,1215823.333333333,1262156.666666667,1241083.333333333,1163036.666666667,1042650.0,1152830.0,1150810.0,1126070.0,1082003.333333333,1014370.0,1
2018-02-27,222.93120823328425,224.88812112511903,220.1272970682809,220.48751831054688,634200,0,222.14649963378903,215.99734497070312,210.72003021240238,210.1772567749024,197.560991414388,1566140.0,1759240.0,1361490.0,1186990.0,1120970.0,221.99655151367188,222.80462646484366,221.00352478027344,224.44027709960938,215.6390686035156,221.17680969238282,219.7592742919922,217.58818664550785,214.2351623535156,209.8481903076172,214.57590942382814,212.4408416748047,209.49283142089843,207.96527557373048,205.81657257080082,210.1777442932129,209.6305908203125,209.16716537475585,208.76410064697262,208.23057556152344,209.68007914225257,209.09041290283204,208.1570714314779,207.4986043294271,206.6249735514323,196.78607355753581,195.87465235392253,194.9858561197917,194.17271982828774,193.2895184834798,2393320.0,2476440.0,2553280.0,2378700.0,1952340.0,1790100.0,1814860.0,1858380.0,1767710.0,1566400.0,1365040.0,1354290.0,1341665.0,1293900.0,1180685.0,1199683.333333333,1215823.333333333,1262156.666666667,1241083.333333333,1163036.666666667,1137931.666666667,1152830.0,1150810.0,1126070.0,1082003.333333333,1
2018-02-28,220.2343961616336,222.210770071267,216.4179346233313,216.53477478027344,918500,1,220.56539916992188,217.40028076171882,211.03449935913085,210.6030380249024,198.1568962097168,1067900.0,1723300.0,1376530.0,1180793.333333333,1114328.333333333,220.48751831054688,221.99655151367188,222.80462646484366,221.00352478027344,224.44027709960938,222.14649963378903,221.17680969238282,219.7592742919922,217.58818664550785,214.2351623535156,215.99734497070312,214.57590942382814,212.4408416748047,209.49283142089843,207.96527557373048,210.72003021240238,210.1777442932129,209.6305908203125,209.16716537475585,208.76410064697262,210.1772567749024,209.68007914225257,209.09041290283204,208.1570714314779,207.4986043294271,197.560991414388,196.78607355753581,195.87465235392253,194.9858561197917,194.17271982828774,1566140.0,2393320.0,2476440.0,2553280.0,2378700.0,1759240.0,1790100.0,1814860.0,1858380.0,1767710.0,1361490.0,1365040.0,1354290.0,1341665.0,1293900.0,1186990.0,1199683.333333333,1215823.333333333,1262156.666666667,1241083.333333333,1120970.0,1137931.666666667,1152830.0,1150810.0,1126070.0,1
2018-03-01,216.13558367023376,219.82545939547958,213.49716527900884,216.93392944335938,898900,1,219.75148010253903,218.66983337402343,211.32511367797846,211.08755798339843,198.78437881469728,889440.0,1721360.0,1386510.0,1182876.666666667,1104446.666666667,216.53477478027344,220.48751831054688,221.99655151367188,222.80462646484366,221.00352478027344,220.56539916992188,222.14649963378903,221.17680969238282,219.7592742919922,217.58818664550785,217.40028076171882,215.99734497070312,214.57590942382814,212.4408416748047,209.49283142089843,211.03449935913085,210.72003021240238,210.1777442932129,209.6305908203125,209.16716537475585,210.6030380249024,210.1772567749024,209.68007914225257,209.09041290283204,208.1570714314779,198.1568962097168,197.560991414388,196.78607355753581,195.87465235392253,194.9858561197917,1067900.0,1566140.0,2393320.0,2476440.0,2553280.0,1723300.0,1759240.0,1790100.0,1814860.0,1858380.0,1376530.0,1361490.0,1365040.0,1354290.0,1341665.0,1180793.333333333,1186990.0,1199683.333333333,1215823.333333333,1262156.666666667,1114328.333333333,1120970.0,1137931.666666667,1152830.0,1150810.0,0
2018-03-02,214.8602025399384,218.23853937824646,213.76004813644798,217.20654296875,873200,0,218.63186340332032,219.19556884765626,211.540763092041,211.4831578572591,199.3678494771321,861120.0,1668780.0,1395820.0,1186340.0,1096646.666666667,216.93392944335938,216.53477478027344,220.48751831054688,221.99655151367188,222.80462646484366,219.75148010253903,220.56539916992188,222.14649963378903,221.17680969238282,219.7592742919922,218.66983337402343,217.40028076171882,215.99734497070312,214.57590942382814,212.4408416748047,211.32511367797846,211.03449935913085,210.72003021240238,210.1777442932129,209.6305908203125,211.08755798339843,210.6030380249024,210.1772567749024,209.68007914225257,209.09041290283204,198.78437881469728,198.1568962097168,197.560991414388,196.78607355753581,195.87465235392253,889440.0,1067900.0,1566140.0,2393320.0,2476440.0,1721360.0,1723300.0,1759240.0,1790100.0,1814860.0,1386510.0,1376530.0,1361490.0,1365040.0,1354290.0,1182876.666666667,1180793.333333333,1186990.0,1199683.333333333,1215823.333333333,1104446.666666667,1114328.333333333,1120970.0,1137931.666666667,1152830.0,0
2018-03-05,216.4860864310136,216.4860864310136,212.24126062429923,213.8087310791016,930100,1,216.99429931640626,219.08555450439454,211.79535446166992,211.68014628092445,199.92900263468425,850980.0,1622150.0,1403110.0,1196823.333333333,1100363.333333333,217.20654296875,216.93392944335938,216.53477478027344,220.48751831054688,221.99655151367188,218.63186340332032,219.75148010253903,220.56539916992188,222.14649963378903,221.17680969238282,219.19556884765626,218.66983337402343,217.40028076171882,215.99734497070312,214.57590942382814,211.540763092041,211.32511367797846,211.03449935913085,210.72003021240238,210.1777442932129,211.4831578572591,211.08755798339843,210.6030380249024,210.1772567749024,209.68007914225257,199.3678494771321,198.78437881469728,198.1568962097168,197.560991414388,196.78607355753581,861120.0,889440.0,1067900.0,1566140.0,2393320.0,1668780.0,1721360.0,1723300.0,1759240.0,1790100.0,1395820.0,1386510.0,1376530.0,1361490.0,1365040.0,1186340.0,1182876.666666667,1180793.333333333,1186990.0,1199683.333333333,1096646.666666667,1104446.666666667,1114328.333333333,1120970.0,1137931.666666667,1
2018-03-06,217.59597326183902,217.89778185455043,212.82541871650304,215.59039306640625,965300,1,216.01487426757814,219.0806869506836,212.4486297607422,211.84727935791017,200.58993123372397,917200.0,1241670.0,1404035.0,1201013.333333333,1105850.0,213.8087310791016,217.20654296875,216.93392944335938,216.53477478027344,220.48751831054688,216.99429931640626,218.63186340332032,219.75148010253903,220.56539916992188,222.14649963378903,219.08555450439454,219.19556884765626,218.66983337402343,217.40028076171882,215.99734497070312,211.79535446166992,211.540763092041,211.32511367797846,211.03449935913085,210.72003021240238,211.68014628092445,211.4831578572591,211.08755798339843,210.6030380249024,210.1772567749024,199.92900263468425,199.3678494771321,198.78437881469728,198.1568962097168,197.560991414388,850980.0,861120.0,889440.0,1067900.0,1566140.0,1622150.0,1668780.0,1721360.0,1723300.0,1759240.0,1403110.0,1395820.0,1386510.0,1376530.0,1361490.0,1196823.333333333,1186340.0,1182876.666666667,1180793.333333333,1186990.0,1100363.333333333,1096646.666666667,1104446.666666667,1114328.333333333,1120970.0,1
2018-03-07,217.04101502673717,217.8198849862878,214.49023039352508,217.0702362060547,754800,0,216.12196655273442,218.3436828613281,213.15447921752929,211.9572947184245,201.3023910522461,884460.0,976180.0,1371945.0,1187993.333333333,1103118.333333333,215.59039306640625,213.8087310791016,217.20654296875,216.93392944335938,216.53477478027344,216.01487426757814,216.99429931640626,218.63186340332032,219.75148010253903,220.56539916992188,219.0806869506836,219.08555450439454,219.19556884765626,218.66983337402343,217.40028076171882,212.4486297607422,211.79535446166992,211.540763092041,211.32511367797846,211.03449935913085,211.84727935791017,211.68014628092445,211.4831578572591,211.08755798339843,210.6030380249024,200.58993123372397,199.92900263468425,199.3678494771321,198.78437881469728,198.1568962097168,917200.0,850980.0,861120.0,889440.0,1067900.0,1241670.0,1622150.0,1668780.0,1721360.0,1723300.0,1404035.0,1403110.0,1395820.0,1386510.0,1376530.0,1201013.333333333,1196823.333333333,1186340.0,1182876.666666667,1180793.333333333,1105850.0,1100363.333333333,1096646.666666667,1104446.666666667,1114328.333333333,0
2018-03-08,217.8977484400328,220.64326138956403,215.9505811926627,216.89495849609366,581100,1,216.11417236328128,217.93282623291012,213.71282882690429,212.08905232747398,201.9407157897949,820900.0,855170.0,1356775.0,1179500.0,1088030.0,217.0702362060547,215.59039306640625,213.8087310791016,217.20654296875,216.93392944335938,216.12196655273442,216.01487426757814,216.99429931640626,218.63186340332032,219.75148010253903,218.3436828613281,219.0806869506836,219.08555450439454,219.19556884765626,218.66983337402343,213.15447921752929,212.4486297607422,211.79535446166992,211.540763092041,211.32511367797846,211.9572947184245,211.84727935791017,211.68014628092445,211.4831578572591,211.08755798339843,201.3023910522461,200.58993123372397,199.92900263468425,199.3678494771321,198.78437881469728,884460.0,917200.0,850980.0,861120.0,889440.0,976180.0,1241670.0,1622150.0,1668780.0,1721360.0,1371945.0,1404035.0,1403110.0,1395820.0,1386510.0,1187993.333333333,1201013.333333333,1196823.333333333,1186340.0,1182876.666666667,1103118.333333333,1105850.0,1100363.333333333,1096646.666666667,1104446.666666667,0
2018-03-09,218.462466574292,224.3623819791033,216.88526558448976,224.17739868164062,656800,0,217.50834350585941,218.07010345458986,215.25547256469727,212.44376169840496,202.7481597900391,777620.0,819370.0,1317115.0,1175983.333333333,1081826.666666667,216.89495849609366,217.0702362060547,215.59039306640625,213.8087310791016,217.20654296875,216.11417236328128,216.12196655273442,216.01487426757814,216.99429931640626,218.63186340332032,217.93282623291012,218.3436828613281,219.0806869506836,219.08555450439454,219.19556884765626,213.71282882690429,213.15447921752929,212.4486297607422,211.79535446166992,211.540763092041,212.08905232747398,211.9572947184245,211.84727935791017,211.68014628092445,211.4831578572591,201.9407157897949,201.3023910522461,200.58993123372397,199.92900263468425,199.3678494771321,820900.0,884460.0,917200.0,850980.0,861120.0,855170.0,976180.0,1241670.0,1622150.0,1668780.0,1356775.0,1371945.0,1404035.0,1403110.0,1395820.0,1179500.0,1187993.333333333,1201013.333333333,1196823.333333333,1186340.0,1088030.0,1103118.333333333,1105850.0,1100363.333333333,1096646.666666667,0
2018-03-12,224.41104556312297,226.34848249760154,221.53897658454144,221.6752777099609,855300,0,219.08165283203124,218.03797607421882,216.30694274902345,212.79782155354818,203.51956685384118,762660.0,806820.0,1298460.0,1178966.666666667,1084926.666666667,224.17739868164062,216.89495849609366,217.0702362060547,215.59039306640625,213.8087310791016,217.50834350585941,216.11417236328128,216.12196655273442,216.01487426757814,216.99429931640626,218.07010345458986,217.93282623291012,218.3436828613281,219.0806869506836,219.08555450439454,215.25547256469727,213.71282882690429,213.15447921752929,212.4486297607422,211.79535446166992,212.44376169840496,212.08905232747398,211.9572947184245,211.84727935791017,211.68014628092445,202.7481597900391,201.9407157897949,201.3023910522461,200.58993123372397,199.92900263468425,777620.0,820900.0,884460.0,917200.0,850980.0,819370.0,855170.0,976180.0,1241670.0,1622150.0,1317115.0,1356775.0,1371945.0,1404035.0,1403110.0,1175983.333333333,1179500.0,1187993.333333333,1201013.333333333,1196823.333333333,1081826.666666667,1088030.0,1103118.333333333,1105850.0,1100363.333333333,0
2018-03-13,222.18155638402527,223.8561067838063,219.8157401224916,220.4193572998047,675300,1,220.0474456787109,218.03115997314453,217.01425247192384,213.15707346598307,204.27166061401368,704660.0,810930.0,1285085.0,1177970.0,1085570.0,221.6752777099609,224.17739868164062,216.89495849609366,217.0702362060547,215.59039306640625,219.08165283203124,217.50834350585941,216.11417236328128,216.12196655273442,216.01487426757814,218.03797607421882,218.07010345458986,217.93282623291012,218.3436828613281,219.0806869506836,216.30694274902345,215.25547256469727,213.71282882690429,213.15447921752929,212.4486297607422,212.79782155354818,212.44376169840496,212.08905232747398,211.9572947184245,211.84727935791017,203.51956685384118,202.7481597900391,201.9407157897949,201.3023910522461,200.58993123372397,762660.0,777620.0,820900.0,884460.0,917200.0,806820.0,819370.0,855170.0,976180.0,1241670.0,1298460.0,1317115.0,1356775.0,1371945.0,1404035.0,1178966.666666667,1175983.333333333,1179500.0,1187993.333333333,1201013.333333333,1084926.666666667,1081826.666666667,1088030.0,1103118.333333333,1105850.0,0
2018-03-14,220.24369937067848,222.89829739434632,218.8968770947608,221.20989990234366,394000,1,220.87537841796882,218.4986724853516,217.9494766235352,213.5225570678711,204.99685007731117,632500.0,758480.0,1240890.0,1170513.333333333,1068775.0,220.4193572998047,221.6752777099609,224.17739868164062,216.89495849609366,217.0702362060547,220.0474456787109,219.08165283203124,217.50834350585941,216.11417236328128,216.12196655273442,218.03115997314453,218.03797607421882,218.07010345458986,217.93282623291012,218.3436828613281,217.01425247192384,216.30694274902345,215.25547256469727,213.71282882690429,213.15447921752929,213.15707346598307,212.79782155354818,212.44376169840496,212.08905232747398,211.9572947184245,204.27166061401368,203.51956685384118,202.7481597900391,201.9407157897949,201.3023910522461,704660.0,762660.0,777620.0,820900.0,884460.0,810930.0,806820.0,819370.0,855170.0,976180.0,1285085.0,1298460.0,1317115.0,1356775.0,1371945.0,1177970.0,1178966.666666667,1175983.333333333,1179500.0,1187993.333333333,1085570.0,1084926.666666667,1081826.666666667,1088030.0,1103118.333333333,0
2018-03-15,221.90282153600617,222.78118972553128,220.65360067666526,221.36605834960938,808500,1,221.76959838867188,218.94188537597657,218.805859375,213.86403757731117,205.68375244140626,677980.0,749440.0,1235400.0,1174153.333333333,1060800.0,221.20989990234366,220.4193572998047,221.6752777099609,224.17739868164062,216.89495849609366,220.87537841796882,220.0474456787109,219.08165283203124,217.50834350585941,216.11417236328128,218.4986724853516,218.03115997314453,218.03797607421882,218.07010345458986,217.93282623291012,217.9494766235352,217.01425247192384,216.30694274902345,215.25547256469727,213.71282882690429,213.5225570678711,213.15707346598307,212.79782155354818,212.44376169840496,212.08905232747398,204.99685007731117,204.27166061401368,203.51956685384118,202.7481597900391,201.9407157897949,632500.0,704660.0,762660.0,777620.0,820900.0,758480.0,810930.0,806820.0,819370.0,855170.0,1240890.0,1285085.0,1298460.0,1317115.0,1356775.0,1170513.333333333,1177970.0,1178966.666666667,1175983.333333333,1179500.0,1068775.0,1085570.0,1084926.666666667,1081826.666666667,1088030.0,0
2018-03-16,222.0198887657052,226.44096134385185,221.98084224727032,224.2645721435547,904400,0,221.7870330810547,219.64768829345704,219.42162857055663,214.24307149251305,206.40338567097984,727500.0,752560.0,1210670.0,1181400.0,1048743.333333333,221.36605834960938,221.20989990234366,220.4193572998047,221.6752777099609,224.17739868164062,221.76959838867188,220.87537841796882,220.0474456787109,219.08165283203124,217.50834350585941,218.94188537597657,218.4986724853516,218.03115997314453,218.03797607421882,218.07010345458986,218.805859375,217.9494766235352,217.01425247192384,216.30694274902345,215.25547256469727,213.86403757731117,213.5225570678711,213.15707346598307,212.79782155354818,212.44376169840496,205.68375244140626,204.99685007731117,204.27166061401368,203.51956685384118,202.7481597900391,677980.0,632500.0,704660.0,762660.0,777620.0,749440.0,758480.0,810930.0,806820.0,819370.0,1235400.0,1240890.0,1285085.0,1298460.0,1317115.0,1174153.333333333,1170513.333333333,1177970.0,1178966.666666667,1175983.333333333,1060800.0,1068775.0,1085570.0,1084926.666666667,1081826.666666667,0
2018-03-19,223.2984206472333,224.74282931906959,221.44409792901263,222.19558715820312,636200,1,221.89109497070316,220.4863739013672,219.78596420288085,214.69236094156898,207.0713361104329,683680.0,723170.0,1172660.0,1176463.333333333,1048738.333333333,224.2645721435547,221.36605834960938,221.20989990234366,220.4193572998047,221.6752777099609,221.7870330810547,221.76959838867188,220.87537841796882,220.0474456787109,219.08165283203124,219.64768829345704,218.94188537597657,218.4986724853516,218.03115997314453,218.03797607421882,219.42162857055663,218.805859375,217.9494766235352,217.01425247192384,216.30694274902345,214.24307149251305,213.86403757731117,213.5225570678711,213.15707346598307,212.79782155354818,206.40338567097984,205.68375244140626,204.99685007731117,204.27166061401368,203.51956685384118,727500.0,677980.0,632500.0,704660.0,762660.0,752560.0,749440.0,758480.0,810930.0,806820.0,1210670.0,1235400.0,1240890.0,1285085.0,1298460.0,1181400.0,1174153.333333333,1170513.333333333,1177970.0,1178966.666666667,1048743.333333333,1060800.0,1068775.0,1085570.0,1084926.666666667,1
2018-03-20,222.5176431769117,227.2803062699611,222.03942007391785,226.0213165283203,574200,0,223.01148681640626,221.5294662475586,220.3050765991211,215.4755752563477,207.8588673909505,663460.0,684060.0,962865.0,1164043.333333333,1044248.3333333335,222.19558715820312,224.2645721435547,221.36605834960938,221.20989990234366,220.4193572998047,221.89109497070316,221.7870330810547,221.76959838867188,220.87537841796882,220.0474456787109,220.4863739013672,219.64768829345704,218.94188537597657,218.4986724853516,218.03115997314453,219.78596420288085,219.42162857055663,218.805859375,217.9494766235352,217.01425247192384,214.69236094156898,214.24307149251305,213.86403757731117,213.5225570678711,213.15707346598307,207.0713361104329,206.40338567097984,205.68375244140626,204.99685007731117,204.27166061401368,683680.0,727500.0,677980.0,632500.0,704660.0,723170.0,752560.0,749440.0,758480.0,810930.0,1172660.0,1210670.0,1235400.0,1240890.0,1285085.0,1176463.333333333,1181400.0,1174153.333333333,1170513.333333333,1177970.0,1048738.333333333,1048743.333333333,1060800.0,1068775.0,1085570.0,0
2018-03-21,225.884705867596,226.77282819321425,222.2639223737469,222.7714080810547,512800,0,223.32378845214845,222.0995834350586,220.22163314819332,216.1361806233724,208.51483357747398,687220.0,659860.0,818020.0,1134583.333333333,1038118.3333333335,226.0213165283203,222.19558715820312,224.2645721435547,221.36605834960938,221.20989990234366,223.01148681640626,221.89109497070316,221.7870330810547,221.76959838867188,220.87537841796882,221.5294662475586,220.4863739013672,219.64768829345704,218.94188537597657,218.4986724853516,220.3050765991211,219.78596420288085,219.42162857055663,218.805859375,217.9494766235352,215.4755752563477,214.69236094156898,214.24307149251305,213.86403757731117,213.5225570678711,207.8588673909505,207.0713361104329,206.40338567097984,205.68375244140626,204.99685007731117,663460.0,683680.0,727500.0,677980.0,632500.0,684060.0,723170.0,752560.0,749440.0,758480.0,962865.0,1172660.0,1210670.0,1235400.0,1240890.0,1164043.333333333,1176463.333333333,1181400.0,1174153.333333333,1170513.333333333,1044248.3333333335,1048738.333333333,1048743.333333333,1060800.0,1068775.0,1
2018-03-22,221.96136309860302,225.9920606447256,220.89757608403983,220.9561309814453,915900,1,223.24180297851564,222.50570068359372,220.219263458252,216.6437861124674,209.0678510030111,708700.0,693340.0,774255.0,1135630.0,1039311.6666666665,222.7714080810547,226.0213165283203,222.19558715820312,224.2645721435547,221.36605834960938,223.32378845214845,223.01148681640626,221.89109497070316,221.7870330810547,221.76959838867188,222.0995834350586,221.5294662475586,220.4863739013672,219.64768829345704,218.94188537597657,220.22163314819332,220.3050765991211,219.78596420288085,219.42162857055663,218.805859375,216.1361806233724,215.4755752563477,214.69236094156898,214.24307149251305,213.86403757731117,208.51483357747398,207.8588673909505,207.0713361104329,206.40338567097984,205.68375244140626,687220.0,663460.0,683680.0,727500.0,677980.0,659860.0,684060.0,723170.0,752560.0,749440.0,818020.0,962865.0,1172660.0,1210670.0,1235400.0,1134583.333333333,1164043.333333333,1176463.333333333,1181400.0,1174153.333333333,1038118.3333333335,1044248.3333333335,1048738.333333333,1048743.333333333,1060800.0,1
2018-03-23,221.74665084402656,225.5723910825409,220.50718433439133,221.2001037597656,799100,1,222.6289093017578,222.20797119140624,220.13903732299804,217.5729721069336,209.66550064086914,687640.0,707570.0,763470.0,1113933.333333333,1042251.6666666665,220.9561309814453,222.7714080810547,226.0213165283203,222.19558715820312,224.2645721435547,223.24180297851564,223.32378845214845,223.01148681640626,221.89109497070316,221.7870330810547,222.50570068359372,222.0995834350586,221.5294662475586,220.4863739013672,219.64768829345704,220.219263458252,220.22163314819332,220.3050765991211,219.78596420288085,219.42162857055663,216.6437861124674,216.1361806233724,215.4755752563477,214.69236094156898,214.24307149251305,209.0678510030111,208.51483357747398,207.8588673909505,207.0713361104329,206.40338567097984,708700.0,687220.0,663460.0,683680.0,727500.0,693340.0,659860.0,684060.0,723170.0,752560.0,774255.0,818020.0,962865.0,1172660.0,1210670.0,1135630.0,1134583.333333333,1164043.333333333,1176463.333333333,1181400.0,1039311.6666666665,1038118.3333333335,1044248.3333333335,1048738.333333333,1048743.333333333,1
2018-03-26,223.1032443985583,226.26532801102056,220.79022169505416,225.7187957763672,632500,1,223.33355102539062,222.61232299804686,220.3251495361328,218.40873616536462,210.33521626790363,686900.0,685290.0,746055.0,1094070.0,1045436.6666666665,221.2001037597656,220.9561309814453,222.7714080810547,226.0213165283203,222.19558715820312,222.6289093017578,223.24180297851564,223.32378845214845,223.01148681640626,221.89109497070316,222.20797119140624,222.50570068359372,222.0995834350586,221.5294662475586,220.4863739013672,220.13903732299804,220.219263458252,220.22163314819332,220.3050765991211,219.78596420288085,217.5729721069336,216.6437861124674,216.1361806233724,215.4755752563477,214.69236094156898,209.66550064086914,209.0678510030111,208.51483357747398,207.8588673909505,207.0713361104329,687640.0,708700.0,687220.0,663460.0,683680.0,707570.0,693340.0,659860.0,684060.0,723170.0,763470.0,774255.0,818020.0,962865.0,1172660.0,1113933.333333333,1135630.0,1134583.333333333,1164043.333333333,1176463.333333333,1042251.6666666665,1039311.6666666665,1038118.3333333335,1044248.3333333335,1048738.333333333,1
2018-03-27,226.4214805901128,228.1586786894964,223.95231649744218,226.01158142089844,795100,1,223.33160400390625,223.17154541015626,220.6013526916504,219.0666834513346,211.01938527425133,731080.0,697270.0,754100.0,1089146.666666667,1051488.333333333,225.7187957763672,221.2001037597656,220.9561309814453,222.7714080810547,226.0213165283203,223.33355102539062,222.6289093017578,223.24180297851564,223.32378845214845,223.01148681640626,222.61232299804686,222.20797119140624,222.50570068359372,222.0995834350586,221.5294662475586,220.3251495361328,220.13903732299804,220.219263458252,220.22163314819332,220.3050765991211,218.40873616536462,217.5729721069336,216.6437861124674,216.1361806233724,215.4755752563477,210.33521626790363,209.66550064086914,209.0678510030111,208.51483357747398,207.8588673909505,686900.0,687640.0,708700.0,687220.0,663460.0,685290.0,707570.0,693340.0,659860.0,684060.0,746055.0,763470.0,774255.0,818020.0,962865.0,1094070.0,1113933.333333333,1135630.0,1134583.333333333,1164043.333333333,1045436.6666666665,1042251.6666666665,1039311.6666666665,1038118.3333333335,1044248.3333333335,1
2018-03-28,226.41172114986446,228.78328376496776,225.7187868065384,228.2465057373047,738500,0,224.42662353515624,223.87520599365237,221.18693923950195,219.92471974690758,211.75735371907555,776220.0,731720.0,745100.0,1071166.666666667,1046873.3333333335,226.01158142089844,225.7187957763672,221.2001037597656,220.9561309814453,222.7714080810547,223.33160400390625,223.33355102539062,222.6289093017578,223.24180297851564,223.32378845214845,223.17154541015626,222.61232299804686,222.20797119140624,222.50570068359372,222.0995834350586,220.6013526916504,220.3251495361328,220.13903732299804,220.219263458252,220.22163314819332,219.0666834513346,218.40873616536462,217.5729721069336,216.6437861124674,216.1361806233724,211.01938527425133,210.33521626790363,209.66550064086914,209.0678510030111,208.51483357747398,731080.0,686900.0,687640.0,708700.0,687220.0,697270.0,685290.0,707570.0,693340.0,659860.0,754100.0,746055.0,763470.0,774255.0,818020.0,1089146.666666667,1094070.0,1113933.333333333,1135630.0,1134583.333333333,1051488.333333333,1045436.6666666665,1042251.6666666665,1039311.6666666665,1038118.3333333335,1
2018-03-29,228.91990906980493,230.19840721576446,226.7728119237128,227.94395446777344,963800,0,225.82418823242188,224.5329956054688,221.7374404907226,220.71490478515625,212.5230575561524,785800.0,747250.0,748345.0,1072683.333333333,1047508.3333333335,228.2465057373047,226.01158142089844,225.7187957763672,221.2001037597656,220.9561309814453,224.42662353515624,223.33160400390625,223.33355102539062,222.6289093017578,223.24180297851564,223.87520599365237,223.17154541015626,222.61232299804686,222.20797119140624,222.50570068359372,221.18693923950195,220.6013526916504,220.3251495361328,220.13903732299804,220.219263458252,219.92471974690758,219.0666834513346,218.40873616536462,217.5729721069336,216.6437861124674,211.75735371907555,211.01938527425133,210.33521626790363,209.66550064086914,209.0678510030111,776220.0,731080.0,686900.0,687640.0,708700.0,731720.0,697270.0,685290.0,707570.0,693340.0,745100.0,754100.0,746055.0,763470.0,774255.0,1071166.666666667,1089146.666666667,1094070.0,1113933.333333333,1135630.0,1046873.3333333335,1051488.333333333,1045436.6666666665,1042251.6666666665,1039311.6666666665,1
2018-04-02,227.68042503449627,231.2328989168372,223.0934417363137,224.8794403076172,733600,1,226.5600555419922,224.594482421875,222.121085357666,221.1459131876628,213.1610969543457,772700.0,730170.0,741365.0,1050503.333333333,1048961.666666667,227.94395446777344,228.2465057373047,226.01158142089844,225.7187957763672,221.2001037597656,225.82418823242188,224.42662353515624,223.33160400390625,223.33355102539062,222.6289093017578,224.5329956054688,223.87520599365237,223.17154541015626,222.61232299804686,222.20797119140624,221.7374404907226,221.18693923950195,220.6013526916504,220.3251495361328,220.13903732299804,220.71490478515625,219.92471974690758,219.0666834513346,218.40873616536462,217.5729721069336,212.5230575561524,211.75735371907555,211.01938527425133,210.33521626790363,209.66550064086914,785800.0,776220.0,731080.0,686900.0,687640.0,747250.0,731720.0,697270.0,685290.0,707570.0,748345.0,745100.0,754100.0,746055.0,763470.0,1072683.333333333,1071166.666666667,1089146.666666667,1094070.0,1113933.333333333,1047508.3333333335,1046873.3333333335,1051488.333333333,1045436.6666666665,1042251.6666666665,1
2018-04-03,226.33363806308537,228.81255622973703,224.59644004185168,227.8561248779297,539000,0,226.98752136230468,225.1605361938477,222.8234550476074,221.5774881998698,213.7573933919271,754000.0,720450.0,721810.0,1021923.3333333335,1032286.6666666665,224.8794403076172,227.94395446777344,228.2465057373047,226.01158142089844,225.7187957763672,226.5600555419922,225.82418823242188,224.42662353515624,223.33160400390625,223.33355102539062,224.594482421875,224.5329956054688,223.87520599365237,223.17154541015626,222.61232299804686,222.121085357666,221.7374404907226,221.18693923950195,220.6013526916504,220.3251495361328,221.1459131876628,220.71490478515625,219.92471974690758,219.0666834513346,218.40873616536462,213.1610969543457,212.5230575561524,211.75735371907555,211.01938527425133,210.33521626790363,772700.0,785800.0,776220.0,731080.0,686900.0,730170.0,747250.0,731720.0,697270.0,685290.0,741365.0,748345.0,745100.0,754100.0,746055.0,1050503.333333333,1072683.333333333,1071166.666666667,1089146.666666667,1094070.0,1048961.666666667,1047508.3333333335,1046873.3333333335,1051488.333333333,1045436.6666666665,1
2018-04-04,220.27293549788158,226.4409753051352,219.8337589356545,225.8846740722656,1026200,1,226.96213989257814,225.1468719482422,223.3381690979004,221.91900838216145,214.27199096679686,800220.0,765650.0,724855.0,897126.6666666665,1030081.6666666665,227.8561248779297,224.8794403076172,227.94395446777344,228.2465057373047,226.01158142089844,226.98752136230468,226.5600555419922,225.82418823242188,224.42662353515624,223.33160400390625,225.1605361938477,224.594482421875,224.5329956054688,223.87520599365237,223.17154541015626,222.8234550476074,222.121085357666,221.7374404907226,221.18693923950195,220.6013526916504,221.5774881998698,221.1459131876628,220.71490478515625,219.92471974690758,219.0666834513346,213.7573933919271,213.1610969543457,212.5230575561524,211.75735371907555,211.01938527425133,754000.0,772700.0,785800.0,776220.0,731080.0,720450.0,730170.0,747250.0,731720.0,697270.0,721810.0,741365.0,748345.0,745100.0,754100.0,1021923.3333333335,1050503.333333333,1072683.333333333,1071166.666666667,1089146.666666667,1032286.6666666665,1048961.666666667,1047508.3333333335,1046873.3333333335,1051488.333333333,1
2018-04-05,227.66093591688232,230.55952229830925,226.73378201627887,230.12033081054688,610900,0,227.33690490722657,225.88176422119145,223.990673828125,222.10834350585938,214.80347391764323,774700.0,775460.0,717660.0,803833.3333333335,1022458.3333333335,225.8846740722656,227.8561248779297,224.8794403076172,227.94395446777344,228.2465057373047,226.96213989257814,226.98752136230468,226.5600555419922,225.82418823242188,224.42662353515624,225.1468719482422,225.1605361938477,224.594482421875,224.5329956054688,223.87520599365237,223.3381690979004,222.8234550476074,222.121085357666,221.7374404907226,221.18693923950195,221.91900838216145,221.5774881998698,221.1459131876628,220.71490478515625,219.92471974690758,214.27199096679686,213.7573933919271,213.1610969543457,212.5230575561524,211.75735371907555,800220.0,754000.0,772700.0,785800.0,776220.0,765650.0,720450.0,730170.0,747250.0,731720.0,724855.0,721810.0,741365.0,748345.0,745100.0,897126.6666666665,1021923.3333333335,1050503.333333333,1072683.333333333,1071166.666666667,1030081.6666666665,1032286.6666666665,1048961.666666667,1047508.3333333335,1046873.3333333335,0
2018-04-06,228.07084491821328,230.06178585507448,224.69403527120136,225.89447021484366,658200,1,226.92700805664063,226.37559814453124,224.4406494140625,222.27137502034503,215.2142232259115,713580.0,749690.0,721515.0,766066.6666666665,1014111.6666666665,230.12033081054688,225.8846740722656,227.8561248779297,224.8794403076172,227.94395446777344,227.33690490722657,226.96213989257814,226.98752136230468,226.5600555419922,225.82418823242188,225.88176422119145,225.1468719482422,225.1605361938477,224.594482421875,224.5329956054688,223.990673828125,223.3381690979004,222.8234550476074,222.121085357666,221.7374404907226,222.10834350585938,221.91900838216145,221.5774881998698,221.1459131876628,220.71490478515625,214.80347391764323,214.27199096679686,213.7573933919271,213.1610969543457,212.5230575561524,774700.0,800220.0,754000.0,772700.0,785800.0,775460.0,765650.0,720450.0,730170.0,747250.0,717660.0,724855.0,721810.0,741365.0,748345.0,803833.3333333335,897126.6666666665,1021923.3333333335,1050503.333333333,1072683.333333333,1022458.3333333335,1030081.6666666665,1032286.6666666665,1048961.666666667,1047508.3333333335,1
2018-04-09,227.0851141436144,229.54452395910118,226.3238707303257,226.84112548828125,380200,0,227.31934509277343,226.9397003173828,224.57383575439454,222.40592498779296,215.7481689453125,642900.0,707800.0,707685.0,744913.3333333335,980368.3333333335,225.89447021484366,230.12033081054688,225.8846740722656,227.8561248779297,224.8794403076172,226.92700805664063,227.33690490722657,226.96213989257814,226.98752136230468,226.5600555419922,226.37559814453124,225.88176422119145,225.1468719482422,225.1605361938477,224.594482421875,224.4406494140625,223.990673828125,223.3381690979004,222.8234550476074,222.121085357666,222.27137502034503,222.10834350585938,221.91900838216145,221.5774881998698,221.1459131876628,215.2142232259115,214.80347391764323,214.27199096679686,213.7573933919271,213.1610969543457,713580.0,774700.0,800220.0,754000.0,772700.0,749690.0,775460.0,765650.0,720450.0,730170.0,721515.0,717660.0,724855.0,721810.0,741365.0,766066.6666666665,803833.3333333335,897126.6666666665,1021923.3333333335,1050503.333333333,1014111.6666666665,1022458.3333333335,1030081.6666666665,1032286.6666666665,1048961.666666667,1
2018-04-10,228.39291459510326,229.02727916982684,225.30889428340345,226.12869262695312,438200,0,226.97385864257814,226.9806900024414,224.79650650024413,222.54366302490237,216.11187108357746,622740.0,688370.0,686830.0,726826.6666666665,963255.0,226.84112548828125,225.89447021484366,230.12033081054688,225.8846740722656,227.8561248779297,227.31934509277343,226.92700805664063,227.33690490722657,226.96213989257814,226.98752136230468,226.9397003173828,226.37559814453124,225.88176422119145,225.1468719482422,225.1605361938477,224.57383575439454,224.4406494140625,223.990673828125,223.3381690979004,222.8234550476074,222.40592498779296,222.27137502034503,222.10834350585938,221.91900838216145,221.5774881998698,215.7481689453125,215.2142232259115,214.80347391764323,214.27199096679686,213.7573933919271,642900.0,713580.0,774700.0,800220.0,754000.0,707800.0,749690.0,775460.0,765650.0,720450.0,707685.0,721515.0,717660.0,724855.0,721810.0,744913.3333333335,766066.6666666665,803833.3333333335,897126.6666666665,1021923.3333333335,980368.3333333335,1014111.6666666665,1022458.3333333335,1030081.6666666665,1032286.6666666665,1
2018-04-11,225.24053860248924,227.20221673142063,224.16699755854614,225.44549560546875,326700,1,226.8860229492188,226.92408142089843,225.04781341552732,222.70892893473308,216.4430928548177,482840.0,641530.0,669400.0,716576.6666666665,951783.3333333335,226.12869262695312,226.84112548828125,225.89447021484366,230.12033081054688,225.8846740722656,226.97385864257814,227.31934509277343,226.92700805664063,227.33690490722657,226.96213989257814,226.9806900024414,226.9397003173828,226.37559814453124,225.88176422119145,225.1468719482422,224.79650650024413,224.57383575439454,224.4406494140625,223.990673828125,223.3381690979004,222.54366302490237,222.40592498779296,222.27137502034503,222.10834350585938,221.91900838216145,216.11187108357746,215.7481689453125,215.2142232259115,214.80347391764323,214.27199096679686,622740.0,642900.0,713580.0,774700.0,800220.0,688370.0,707800.0,749690.0,775460.0,765650.0,686830.0,707685.0,721515.0,717660.0,724855.0,726826.6666666665,744913.3333333335,766066.6666666665,803833.3333333335,897126.6666666665,963255.0,980368.3333333335,1014111.6666666665,1022458.3333333335,1030081.6666666665,0
2018-04-12,226.50928856129687,228.97845238826844,225.767568462326,225.91395568847656,398700,0,226.04474792480468,226.6908264160156,225.28301620483398,223.02156829833984,216.8123031616211,440400.0,607550.0,669635.0,699250.0,940021.6666666665,225.44549560546875,226.12869262695312,226.84112548828125,225.89447021484366,230.12033081054688,226.8860229492188,226.97385864257814,227.31934509277343,226.92700805664063,227.33690490722657,226.92408142089843,226.9806900024414,226.9397003173828,226.37559814453124,225.88176422119145,225.04781341552732,224.79650650024413,224.57383575439454,224.4406494140625,223.990673828125,222.70892893473308,222.54366302490237,222.40592498779296,222.27137502034503,222.10834350585938,216.4430928548177,216.11187108357746,215.7481689453125,215.2142232259115,214.80347391764323,482840.0,622740.0,642900.0,713580.0,774700.0,641530.0,688370.0,707800.0,749690.0,775460.0,669400.0,686830.0,707685.0,721515.0,717660.0,716576.6666666665,726826.6666666665,744913.3333333335,766066.6666666665,803833.3333333335,951783.3333333335,963255.0,980368.3333333335,1014111.6666666665,1022458.3333333335,1
2018-04-13,226.79232435301842,227.67067749613895,224.1474809554112,224.7818603515625,528600,1,225.82222595214844,226.37461700439454,225.45380630493165,223.28316599527997,217.18536198933919,414480.0,564030.0,655640.0,686906.6666666665,934891.6666666665,225.91395568847656,225.44549560546875,226.12869262695312,226.84112548828125,225.89447021484366,226.04474792480468,226.8860229492188,226.97385864257814,227.31934509277343,226.92700805664063,226.6908264160156,226.92408142089843,226.9806900024414,226.9397003173828,226.37559814453124,225.28301620483398,225.04781341552732,224.79650650024413,224.57383575439454,224.4406494140625,223.02156829833984,222.70892893473308,222.54366302490237,222.40592498779296,222.27137502034503,216.8123031616211,216.4430928548177,216.11187108357746,215.7481689453125,215.2142232259115,440400.0,482840.0,622740.0,642900.0,713580.0,607550.0,641530.0,688370.0,707800.0,749690.0,669635.0,669400.0,686830.0,707685.0,721515.0,699250.0,716576.6666666665,726826.6666666665,744913.3333333335,766066.6666666665,940021.6666666665,951783.3333333335,963255.0,980368.3333333335,1014111.6666666665,0
2018-04-16,225.50407172634854,229.18342480714344,224.9868169699897,226.7630615234375,353400,1,225.80661315917968,226.56297912597657,225.57873077392574,223.60171661376958,217.54243723551429,409120.0,526010.0,628090.0,669580.0,927960.0,224.7818603515625,225.91395568847656,225.44549560546875,226.12869262695312,226.84112548828125,225.82222595214844,226.04474792480468,226.8860229492188,226.97385864257814,227.31934509277343,226.37461700439454,226.6908264160156,226.92408142089843,226.9806900024414,226.9397003173828,225.45380630493165,225.28301620483398,225.04781341552732,224.79650650024413,224.57383575439454,223.28316599527997,223.02156829833984,222.70892893473308,222.54366302490237,222.40592498779296,217.18536198933919,216.8123031616211,216.4430928548177,216.11187108357746,215.7481689453125,414480.0,440400.0,482840.0,622740.0,642900.0,564030.0,607550.0,641530.0,688370.0,707800.0,655640.0,669635.0,669400.0,686830.0,707685.0,686906.6666666665,699250.0,716576.6666666665,726826.6666666665,744913.3333333335,934891.6666666665,940021.6666666665,951783.3333333335,963255.0,980368.3333333335,0
2018-04-17,228.98824860015426,233.17508757494187,228.66618177257263,231.45741271972656,414100,1,226.87235717773441,226.92310791015626,226.04182205200195,224.19000600179038,217.93507614135743,404300.0,513520.0,616985.0,652380.0,924601.6666666665,226.7630615234375,224.7818603515625,225.91395568847656,225.44549560546875,226.12869262695312,225.80661315917968,225.82222595214844,226.04474792480468,226.8860229492188,226.97385864257814,226.56297912597657,226.37461700439454,226.6908264160156,226.92408142089843,226.9806900024414,225.57873077392574,225.45380630493165,225.28301620483398,225.04781341552732,224.79650650024413,223.60171661376958,223.28316599527997,223.02156829833984,222.70892893473308,222.54366302490237,217.54243723551429,217.18536198933919,216.8123031616211,216.4430928548177,216.11187108357746,409120.0,414480.0,440400.0,482840.0,622740.0,526010.0,564030.0,607550.0,641530.0,688370.0,628090.0,655640.0,669635.0,669400.0,686830.0,669580.0,686906.6666666665,699250.0,716576.6666666665,726826.6666666665,927960.0,934891.6666666665,940021.6666666665,951783.3333333335,963255.0,0
2018-04-18,231.66235650255115,233.45812442287485,230.85231233505368,232.462646484375,399600,1,228.2757873535156,227.58090515136718,226.3638885498047,224.752414449056,218.2998469034831,418880.0,450860.0,608255.0,633523.3333333335,917268.3333333335,231.45741271972656,226.7630615234375,224.7818603515625,225.91395568847656,225.44549560546875,226.87235717773441,225.80661315917968,225.82222595214844,226.04474792480468,226.8860229492188,226.92310791015626,226.56297912597657,226.37461700439454,226.6908264160156,226.92408142089843,226.04182205200195,225.57873077392574,225.45380630493165,225.28301620483398,225.04781341552732,224.19000600179038,223.60171661376958,223.28316599527997,223.02156829833984,222.70892893473308,217.93507614135743,217.54243723551429,217.18536198933919,216.8123031616211,216.4430928548177,404300.0,409120.0,414480.0,440400.0,482840.0,513520.0,526010.0,564030.0,607550.0,641530.0,616985.0,628090.0,655640.0,669635.0,669400.0,652380.0,669580.0,686906.6666666665,699250.0,716576.6666666665,924601.6666666665,927960.0,934891.6666666665,940021.6666666665,951783.3333333335,1
2018-04-19,232.03320273224185,235.6052000896801,231.19388119292927,234.9025115966797,401500,0,230.07349853515626,228.05912322998046,226.97044372558597,225.34682362874352,218.65205917358398,419440.0,429920.0,602690.0,621746.6666666665,904870.0,232.462646484375,231.45741271972656,226.7630615234375,224.7818603515625,225.91395568847656,228.2757873535156,226.87235717773441,225.80661315917968,225.82222595214844,226.04474792480468,227.58090515136718,226.92310791015626,226.56297912597657,226.37461700439454,226.6908264160156,226.3638885498047,226.04182205200195,225.57873077392574,225.45380630493165,225.28301620483398,224.752414449056,224.19000600179038,223.60171661376958,223.28316599527997,223.02156829833984,218.2998469034831,217.93507614135743,217.54243723551429,217.18536198933919,216.8123031616211,418880.0,404300.0,409120.0,414480.0,440400.0,450860.0,513520.0,526010.0,564030.0,607550.0,608255.0,616985.0,628090.0,655640.0,669635.0,633523.3333333335,652380.0,669580.0,686906.6666666665,699250.0,917268.3333333335,924601.6666666665,927960.0,934891.6666666665,940021.6666666665,1
2018-04-20,233.7899164031229,235.29287986394402,232.48214087473667,233.184814453125,487700,1,231.75408935546875,228.78815765380855,227.5818778991699,225.88981882731116,218.98943557739258,411260.0,412870.0,581280.0,618633.3333333335,899066.6666666665,234.9025115966797,232.462646484375,231.45741271972656,226.7630615234375,224.7818603515625,230.07349853515626,228.2757873535156,226.87235717773441,225.80661315917968,225.82222595214844,228.05912322998046,227.58090515136718,226.92310791015626,226.56297912597657,226.37461700439454,226.97044372558597,226.3638885498047,226.04182205200195,225.57873077392574,225.45380630493165,225.34682362874352,224.752414449056,224.19000600179038,223.60171661376958,223.28316599527997,218.65205917358398,218.2998469034831,217.93507614135743,217.54243723551429,217.18536198933919,419440.0,418880.0,404300.0,409120.0,414480.0,429920.0,450860.0,513520.0,526010.0,564030.0,602690.0,608255.0,616985.0,628090.0,655640.0,621746.6666666665,633523.3333333335,652380.0,669580.0,686906.6666666665,904870.0,917268.3333333335,924601.6666666665,927960.0,934891.6666666665,1
2018-04-23,233.8582364418531,237.9474885977724,232.70661716217842,233.7216033935547,657100,0,233.1457977294922,229.476205444336,228.20795288085938,226.207958984375,219.32586034139,472000.0,440560.0,574180.0,618643.3333333335,897313.3333333335,233.184814453125,234.9025115966797,232.462646484375,231.45741271972656,226.7630615234375,231.75408935546875,230.07349853515626,228.2757873535156,226.87235717773441,225.80661315917968,228.78815765380855,228.05912322998046,227.58090515136718,226.92310791015626,226.56297912597657,227.5818778991699,226.97044372558597,226.3638885498047,226.04182205200195,225.57873077392574,225.88981882731116,225.34682362874352,224.752414449056,224.19000600179038,223.60171661376958,218.98943557739258,218.65205917358398,218.2998469034831,217.93507614135743,217.54243723551429,411260.0,419440.0,418880.0,404300.0,409120.0,412870.0,429920.0,450860.0,513520.0,526010.0,581280.0,602690.0,608255.0,616985.0,628090.0,618633.3333333335,621746.6666666665,633523.3333333335,652380.0,669580.0,899066.6666666665,904870.0,917268.3333333335,924601.6666666665,927960.0,1
2018-04-24,234.59025126261363,234.65857524693908,223.6693146329026,226.245849609375,891600,1,232.10348510742188,229.48792114257813,228.23430557250973,226.36031138102211,219.57906646728514,567500.0,485900.0,587135.0,619853.3333333335,899410.0,233.7216033935547,233.184814453125,234.9025115966797,232.462646484375,231.45741271972656,233.1457977294922,231.75408935546875,230.07349853515626,228.2757873535156,226.87235717773441,229.476205444336,228.78815765380855,228.05912322998046,227.58090515136718,226.92310791015626,228.20795288085938,227.5818778991699,226.97044372558597,226.3638885498047,226.04182205200195,226.207958984375,225.88981882731116,225.34682362874352,224.752414449056,224.19000600179038,219.32586034139,218.98943557739258,218.65205917358398,218.2998469034831,217.93507614135743,472000.0,411260.0,419440.0,418880.0,404300.0,440560.0,412870.0,429920.0,450860.0,513520.0,574180.0,581280.0,602690.0,608255.0,616985.0,618643.3333333335,618633.3333333335,621746.6666666665,633523.3333333335,652380.0,897313.3333333335,899066.6666666665,904870.0,917268.3333333335,924601.6666666665,1
2018-04-25,226.7142680611737,229.55429966532088,225.142980479776,227.9146881103516,845200,1,231.1938934326172,229.7348403930664,228.32946090698243,226.61015574137366,219.8836146036784,656620.0,537750.0,589640.0,625516.6666666665,901743.3333333335,226.245849609375,233.7216033935547,233.184814453125,234.9025115966797,232.462646484375,232.10348510742188,233.1457977294922,231.75408935546875,230.07349853515626,228.2757873535156,229.48792114257813,229.476205444336,228.78815765380855,228.05912322998046,227.58090515136718,228.23430557250973,228.20795288085938,227.5818778991699,226.97044372558597,226.3638885498047,226.36031138102211,226.207958984375,225.88981882731116,225.34682362874352,224.752414449056,219.57906646728514,219.32586034139,218.98943557739258,218.65205917358398,218.2998469034831,567500.0,472000.0,411260.0,419440.0,418880.0,485900.0,440560.0,412870.0,429920.0,450860.0,587135.0,574180.0,581280.0,602690.0,608255.0,619853.3333333335,618643.3333333335,618633.3333333335,621746.6666666665,633523.3333333335,899410.0,897313.3333333335,899066.6666666665,904870.0,917268.3333333335,0
2018-04-26,243.54949006971938,248.86844002521443,240.08484802432446,244.58399963378903,1709100,0,233.13019104003902,231.60184478759768,229.14633560180664,227.3892923990885,220.4559247334798,918140.0,668790.0,638170.0,669353.3333333335,919933.3333333335,227.9146881103516,226.245849609375,233.7216033935547,233.184814453125,234.9025115966797,231.1938934326172,232.10348510742188,233.1457977294922,231.75408935546875,230.07349853515626,229.7348403930664,229.48792114257813,229.476205444336,228.78815765380855,228.05912322998046,228.32946090698243,228.23430557250973,228.20795288085938,227.5818778991699,226.97044372558597,226.61015574137366,226.36031138102211,226.207958984375,225.88981882731116,225.34682362874352,219.8836146036784,219.57906646728514,219.32586034139,218.98943557739258,218.65205917358398,656620.0,567500.0,472000.0,411260.0,419440.0,537750.0,485900.0,440560.0,412870.0,429920.0,589640.0,587135.0,574180.0,581280.0,602690.0,625516.6666666665,619853.3333333335,618643.3333333335,618633.3333333335,621746.6666666665,901743.3333333335,899410.0,897313.3333333335,899066.6666666665,904870.0,1
2018-04-27,245.92103600894526,246.72132592928025,241.2071735025644,242.44664001464844,987700,0,234.98255615234376,233.36832275390626,229.8714698791504,228.09197845458985,220.9780080159505,1018140.0,714700.0,639365.0,675326.6666666665,924740.0,244.58399963378903,227.9146881103516,226.245849609375,233.7216033935547,233.184814453125,233.13019104003902,231.1938934326172,232.10348510742188,233.1457977294922,231.75408935546875,231.60184478759768,229.7348403930664,229.48792114257813,229.476205444336,228.78815765380855,229.14633560180664,228.32946090698243,228.23430557250973,228.20795288085938,227.5818778991699,227.3892923990885,226.61015574137366,226.36031138102211,226.207958984375,225.88981882731116,220.4559247334798,219.8836146036784,219.57906646728514,219.32586034139,218.98943557739258,918140.0,656620.0,567500.0,472000.0,411260.0,668790.0,537750.0,485900.0,440560.0,412870.0,638170.0,589640.0,587135.0,574180.0,581280.0,669353.3333333335,625516.6666666665,619853.3333333335,618643.3333333335,618633.3333333335,919933.3333333335,901743.3333333335,899410.0,897313.3333333335,899066.6666666665,1
2018-04-30,243.98867581066227,243.98867581066227,235.898017873211,235.9175262451172,841400,1,235.42174072265624,234.28376922607418,230.4233741760254,228.48041025797522,221.36174087524415,1055000.0,763500.0,644755.0,673226.6666666665,927313.3333333335,242.44664001464844,244.58399963378903,227.9146881103516,226.245849609375,233.7216033935547,234.98255615234376,233.13019104003902,231.1938934326172,232.10348510742188,233.1457977294922,233.36832275390626,231.60184478759768,229.7348403930664,229.48792114257813,229.476205444336,229.8714698791504,229.14633560180664,228.32946090698243,228.23430557250973,228.20795288085938,228.09197845458985,227.3892923990885,226.61015574137366,226.36031138102211,226.207958984375,220.9780080159505,220.4559247334798,219.8836146036784,219.57906646728514,219.32586034139,1018140.0,918140.0,656620.0,567500.0,472000.0,714700.0,668790.0,537750.0,485900.0,440560.0,639365.0,638170.0,589640.0,587135.0,574180.0,675326.6666666665,669353.3333333335,625516.6666666665,619853.3333333335,618643.3333333335,924740.0,919933.3333333335,901743.3333333335,899410.0,897313.3333333335,1
2018-05-01,236.32742840174146,242.84681364506744,235.2636413358985,241.72445678710938,645700,0,238.51746215820316,235.3104736328125,231.1167907714844,229.13137257893882,221.9118667602539,1005820.0,786660.0,650090.0,673543.3333333335,925003.3333333335,235.9175262451172,242.44664001464844,244.58399963378903,227.9146881103516,226.245849609375,235.42174072265624,234.98255615234376,233.13019104003902,231.1938934326172,232.10348510742188,234.28376922607418,233.36832275390626,231.60184478759768,229.7348403930664,229.48792114257813,230.4233741760254,229.8714698791504,229.14633560180664,228.32946090698243,228.23430557250973,228.48041025797522,228.09197845458985,227.3892923990885,226.61015574137366,226.36031138102211,221.36174087524415,220.9780080159505,220.4559247334798,219.8836146036784,219.57906646728514,1055000.0,1018140.0,918140.0,656620.0,567500.0,763500.0,714700.0,668790.0,537750.0,485900.0,644755.0,639365.0,638170.0,589640.0,587135.0,673226.6666666665,675326.6666666665,669353.3333333335,625516.6666666665,619853.3333333335,927313.3333333335,924740.0,919933.3333333335,901743.3333333335,899410.0,0
2018-05-02,240.80704383798823,241.04126341164158,237.53758996481338,238.40618896484366,521500,1,240.6157623291016,235.90482788085941,231.74286651611328,229.54420166015626,222.509888458252,941080.0,798850.0,624855.0,671786.6666666665,917915.0,241.72445678710938,235.9175262451172,242.44664001464844,244.58399963378903,227.9146881103516,238.51746215820316,235.42174072265624,234.98255615234376,233.13019104003902,231.1938934326172,235.3104736328125,234.28376922607418,233.36832275390626,231.60184478759768,229.7348403930664,231.1167907714844,230.4233741760254,229.8714698791504,229.14633560180664,228.32946090698243,229.13137257893882,228.48041025797522,228.09197845458985,227.3892923990885,226.61015574137366,221.9118667602539,221.36174087524415,220.9780080159505,220.4559247334798,219.8836146036784,1005820.0,1055000.0,1018140.0,918140.0,656620.0,786660.0,763500.0,714700.0,668790.0,537750.0,650090.0,644755.0,639365.0,638170.0,589640.0,673543.3333333335,673226.6666666665,675326.6666666665,669353.3333333335,625516.6666666665,925003.3333333335,927313.3333333335,924740.0,919933.3333333335,901743.3333333335,1
2018-05-03,237.24482407760632,240.44595429724487,235.65402804557937,239.9189453125,552500,1,239.68275146484376,236.4064712524414,232.2327972412109,230.11578623453772,223.12598342895507,709760.0,813950.0,621935.0,673110.0,903846.6666666665,238.40618896484366,241.72445678710938,235.9175262451172,242.44664001464844,244.58399963378903,240.6157623291016,238.51746215820316,235.42174072265624,234.98255615234376,233.13019104003902,235.90482788085941,235.3104736328125,234.28376922607418,233.36832275390626,231.60184478759768,231.74286651611328,231.1167907714844,230.4233741760254,229.8714698791504,229.14633560180664,229.54420166015626,229.13137257893882,228.48041025797522,228.09197845458985,227.3892923990885,222.509888458252,221.9118667602539,221.36174087524415,220.9780080159505,220.4559247334798,941080.0,1005820.0,1055000.0,1018140.0,918140.0,798850.0,786660.0,763500.0,714700.0,668790.0,624855.0,650090.0,644755.0,639365.0,638170.0,671786.6666666665,673543.3333333335,673226.6666666665,675326.6666666665,669353.3333333335,917915.0,925003.3333333335,927313.3333333335,924740.0,919933.3333333335,1
2018-05-04,239.51878165158212,243.20788893304496,238.5916277386436,242.2709808349609,307500,1,239.64761962890626,237.315087890625,233.0516227722168,230.8262812296549,223.73503367106116,573720.0,795930.0,604400.0,652830.0,894230.0,239.9189453125,238.40618896484366,241.72445678710938,235.9175262451172,242.44664001464844,239.68275146484376,240.6157623291016,238.51746215820316,235.42174072265624,234.98255615234376,236.4064712524414,235.90482788085941,235.3104736328125,234.28376922607418,233.36832275390626,232.2327972412109,231.74286651611328,231.1167907714844,230.4233741760254,229.8714698791504,230.11578623453772,229.54420166015626,229.13137257893882,228.48041025797522,228.09197845458985,223.12598342895507,222.509888458252,221.9118667602539,221.36174087524415,220.9780080159505,709760.0,941080.0,1005820.0,1055000.0,1018140.0,813950.0,798850.0,786660.0,763500.0,714700.0,621935.0,624855.0,650090.0,644755.0,639365.0,673110.0,671786.6666666665,673543.3333333335,673226.6666666665,675326.6666666665,903846.6666666665,917915.0,925003.3333333335,927313.3333333335,924740.0,1
2018-05-07,243.52997679579,244.96463140613307,242.69065515226882,244.4766540527344,565900,0,241.35944519042968,238.39059295654297,233.93339920043945,231.60216623942054,224.58756917317712,518620.0,786810.0,613685.0,645056.6666666665,879495.0,242.2709808349609,239.9189453125,238.40618896484366,241.72445678710938,235.9175262451172,239.64761962890626,239.68275146484376,240.6157623291016,238.51746215820316,235.42174072265624,237.315087890625,236.4064712524414,235.90482788085941,235.3104736328125,234.28376922607418,233.0516227722168,232.2327972412109,231.74286651611328,231.1167907714844,230.4233741760254,230.8262812296549,230.11578623453772,229.54420166015626,229.13137257893882,228.48041025797522,223.73503367106116,223.12598342895507,222.509888458252,221.9118667602539,221.36174087524415,573720.0,709760.0,941080.0,1005820.0,1055000.0,795930.0,813950.0,798850.0,786660.0,763500.0,604400.0,621935.0,624855.0,650090.0,644755.0,652830.0,673110.0,671786.6666666665,673543.3333333335,673226.6666666665,894230.0,903846.6666666665,917915.0,925003.3333333335,927313.3333333335,1
2018-05-08,243.8032152309898,244.60350514777184,242.03673979502608,244.3887939453125,627600,0,241.8923126220703,240.20488739013672,234.8464042663574,232.22449951171882,225.31661783854167,515000.0,760410.0,623155.0,644893.3333333335,869481.6666666665,244.4766540527344,242.2709808349609,239.9189453125,238.40618896484366,241.72445678710938,241.35944519042968,239.64761962890626,239.68275146484376,240.6157623291016,238.51746215820316,238.39059295654297,237.315087890625,236.4064712524414,235.90482788085941,235.3104736328125,233.93339920043945,233.0516227722168,232.2327972412109,231.74286651611328,231.1167907714844,231.60216623942054,230.8262812296549,230.11578623453772,229.54420166015626,229.13137257893882,224.58756917317712,223.73503367106116,223.12598342895507,222.509888458252,221.9118667602539,518620.0,573720.0,709760.0,941080.0,1005820.0,786810.0,795930.0,813950.0,798850.0,786660.0,613685.0,604400.0,621935.0,624855.0,650090.0,645056.6666666665,652830.0,673110.0,671786.6666666665,673543.3333333335,879495.0,894230.0,903846.6666666665,917915.0,925003.3333333335,1
2018-05-09,243.50070337820583,244.34002503562587,239.36264999178138,243.90084838867188,543100,0,242.99124450683598,241.8035034179688,235.76917190551757,232.82080841064453,225.94374593098962,519320.0,730200.0,633975.0,636493.3333333335,862820.0,244.3887939453125,244.4766540527344,242.2709808349609,239.9189453125,238.40618896484366,241.8923126220703,241.35944519042968,239.64761962890626,239.68275146484376,240.6157623291016,240.20488739013672,238.39059295654297,237.315087890625,236.4064712524414,235.90482788085941,234.8464042663574,233.93339920043945,233.0516227722168,232.2327972412109,231.74286651611328,232.22449951171882,231.60216623942054,230.8262812296549,230.11578623453772,229.54420166015626,225.31661783854167,224.58756917317712,223.73503367106116,223.12598342895507,222.509888458252,515000.0,518620.0,573720.0,709760.0,941080.0,760410.0,786810.0,795930.0,813950.0,798850.0,623155.0,613685.0,604400.0,621935.0,624855.0,644893.3333333335,645056.6666666665,652830.0,673110.0,671786.6666666665,869481.6666666665,879495.0,894230.0,903846.6666666665,917915.0,0
2018-05-10,244.47666710457577,246.07723231349703,243.46168070774985,243.7154235839844,572900,1,243.75054016113282,241.71664581298828,236.65924530029298,233.33643900553383,226.6305793762207,523400.0,616580.0,642685.0,630973.3333333335,851070.0,243.90084838867188,244.3887939453125,244.4766540527344,242.2709808349609,239.9189453125,242.99124450683598,241.8923126220703,241.35944519042968,239.64761962890626,239.68275146484376,241.8035034179688,240.20488739013672,238.39059295654297,237.315087890625,236.4064712524414,235.76917190551757,234.8464042663574,233.93339920043945,233.0516227722168,232.2327972412109,232.82080841064453,232.22449951171882,231.60216623942054,230.8262812296549,230.11578623453772,225.94374593098962,225.31661783854167,224.58756917317712,223.73503367106116,223.12598342895507,519320.0,515000.0,518620.0,573720.0,709760.0,730200.0,760410.0,786810.0,795930.0,813950.0,633975.0,623155.0,613685.0,604400.0,621935.0,636493.3333333335,644893.3333333335,645056.6666666665,652830.0,673110.0,862820.0,869481.6666666665,879495.0,894230.0,903846.6666666665,0
2018-05-11,243.8715709383341,245.0817452639951,241.9294156785668,243.90084838867188,325700,0,244.076513671875,241.86206665039063,237.61519470214844,233.86833546956382,227.29162012736003,527040.0,550380.0,632540.0,609703.3333333335,841193.3333333335,243.7154235839844,243.90084838867188,244.3887939453125,244.4766540527344,242.2709808349609,243.75054016113282,242.99124450683598,241.8923126220703,241.35944519042968,239.64761962890626,241.71664581298828,241.8035034179688,240.20488739013672,238.39059295654297,237.315087890625,236.65924530029298,235.76917190551757,234.8464042663574,233.93339920043945,233.0516227722168,233.33643900553383,232.82080841064453,232.22449951171882,231.60216623942054,230.8262812296549,226.6305793762207,225.94374593098962,225.31661783854167,224.58756917317712,223.73503367106116,523400.0,519320.0,515000.0,518620.0,573720.0,616580.0,730200.0,760410.0,786810.0,795930.0,642685.0,633975.0,623155.0,613685.0,604400.0,630973.3333333335,636493.3333333335,644893.3333333335,645056.6666666665,652830.0,851070.0,862820.0,869481.6666666665,879495.0,894230.0,0
2018-05-14,243.61776844822484,243.70561567499558,239.7139502731807,240.2214508056641,414600,1,243.2254730224609,242.2924591064453,238.28811416625976,234.37973581949868,227.76282450358073,496780.0,507700.0,635600.0,599070.0,824786.6666666665,243.90084838867188,243.7154235839844,243.90084838867188,244.3887939453125,244.4766540527344,244.076513671875,243.75054016113282,242.99124450683598,241.8923126220703,241.35944519042968,241.86206665039063,241.71664581298828,241.8035034179688,240.20488739013672,238.39059295654297,237.61519470214844,236.65924530029298,235.76917190551757,234.8464042663574,233.93339920043945,233.86833546956382,233.33643900553383,232.82080841064453,232.22449951171882,231.60216623942054,227.29162012736003,226.6305793762207,225.94374593098962,225.31661783854167,224.58756917317712,527040.0,523400.0,519320.0,515000.0,518620.0,550380.0,616580.0,730200.0,760410.0,786810.0,632540.0,642685.0,633975.0,623155.0,613685.0,609703.3333333335,630973.3333333335,636493.3333333335,644893.3333333335,645056.6666666665,841193.3333333335,851070.0,862820.0,869481.6666666665,879495.0,0
2018-05-15,241.1193702198744,241.70494900736483,236.9715626688303,241.15841674804688,423900,1,242.57939758300785,242.23585510253903,238.77316436767575,234.82314554850257,228.20031687418617,456040.0,485520.0,636090.0,595233.3333333335,808578.3333333335,240.2214508056641,243.90084838867188,243.7154235839844,243.90084838867188,244.3887939453125,243.2254730224609,244.076513671875,243.75054016113282,242.99124450683598,241.8923126220703,242.2924591064453,241.86206665039063,241.71664581298828,241.8035034179688,240.20488739013672,238.28811416625976,237.61519470214844,236.65924530029298,235.76917190551757,234.8464042663574,234.37973581949868,233.86833546956382,233.33643900553383,232.82080841064453,232.22449951171882,227.76282450358073,227.29162012736003,226.6305793762207,225.94374593098962,225.31661783854167,496780.0,527040.0,523400.0,519320.0,515000.0,507700.0,550380.0,616580.0,730200.0,760410.0,635600.0,632540.0,642685.0,633975.0,623155.0,599070.0,609703.3333333335,630973.3333333335,636493.3333333335,644893.3333333335,824786.6666666665,841193.3333333335,851070.0,862820.0,869481.6666666665,0
2018-05-16,240.5630257500137,243.80318688810073,240.5630257500137,241.392578125,389900,0,242.07774353027344,242.53449401855468,239.21966094970702,235.3400756835937,228.62954203287757,425400.0,472360.0,635605.0,574023.3333333335,735575.0,241.15841674804688,240.2214508056641,243.90084838867188,243.7154235839844,243.90084838867188,242.57939758300785,243.2254730224609,244.076513671875,243.75054016113282,242.99124450683598,242.23585510253903,242.2924591064453,241.86206665039063,241.71664581298828,241.8035034179688,238.77316436767575,238.28811416625976,237.61519470214844,236.65924530029298,235.76917190551757,234.82314554850257,234.37973581949868,233.86833546956382,233.33643900553383,232.82080841064453,228.20031687418617,227.76282450358073,227.29162012736003,226.6305793762207,225.94374593098962,456040.0,496780.0,527040.0,523400.0,519320.0,485520.0,507700.0,550380.0,616580.0,730200.0,636090.0,635600.0,632540.0,642685.0,633975.0,595233.3333333335,599070.0,609703.3333333335,630973.3333333335,636493.3333333335,808578.3333333335,824786.6666666665,841193.3333333335,851070.0,862820.0,0
2018-05-17,240.16291268987192,242.71015482267518,240.0848345338915,240.6216125488281,335900,0,241.4589813232422,242.6047607421875,239.50561599731446,235.69011840820312,228.89923095703125,378000.0,450700.0,632325.0,564856.6666666665,684345.0,241.392578125,241.15841674804688,240.2214508056641,243.90084838867188,243.7154235839844,242.07774353027344,242.57939758300785,243.2254730224609,244.076513671875,243.75054016113282,242.53449401855468,242.23585510253903,242.2924591064453,241.86206665039063,241.71664581298828,239.21966094970702,238.77316436767575,238.28811416625976,237.61519470214844,236.65924530029298,235.3400756835937,234.82314554850257,234.37973581949868,233.86833546956382,233.33643900553383,228.62954203287757,228.20031687418617,227.76282450358073,227.29162012736003,226.6305793762207,425400.0,456040.0,496780.0,527040.0,523400.0,472360.0,485520.0,507700.0,550380.0,616580.0,635605.0,636090.0,635600.0,632540.0,642685.0,574023.3333333335,595233.3333333335,599070.0,609703.3333333335,630973.3333333335,735575.0,808578.3333333335,824786.6666666665,841193.3333333335,851070.0,0
2018-05-18,241.34380679567693,242.02698693007443,237.40095675897493,238.9722442626953,697900,1,240.47326049804687,242.2748870849609,239.79498748779298,236.12604420979815,229.1987096150716,452440.0,489740.0,642835.0,566180.0,666123.3333333335,240.6216125488281,241.392578125,241.15841674804688,240.2214508056641,243.90084838867188,241.4589813232422,242.07774353027344,242.57939758300785,243.2254730224609,244.076513671875,242.6047607421875,242.53449401855468,242.23585510253903,242.2924591064453,241.86206665039063,239.50561599731446,239.21966094970702,238.77316436767575,238.28811416625976,237.61519470214844,235.69011840820312,235.3400756835937,234.82314554850257,234.37973581949868,233.86833546956382,228.89923095703125,228.62954203287757,228.20031687418617,227.76282450358073,227.29162012736003,378000.0,425400.0,456040.0,496780.0,527040.0,450700.0,472360.0,485520.0,507700.0,550380.0,632325.0,635605.0,636090.0,635600.0,632540.0,564856.6666666665,574023.3333333335,595233.3333333335,599070.0,609703.3333333335,684345.0,735575.0,808578.3333333335,824786.6666666665,841193.3333333335,0
2018-05-21,239.49927109228642,243.2859799935917,238.93323048610958,242.3978576660156,536300,0,240.90854187011718,242.0670074462891,240.22880020141602,236.644601949056,229.52526346842444,476780.0,486780.0,636795.0,571383.3333333335,658148.3333333335,238.9722442626953,240.6216125488281,241.392578125,241.15841674804688,240.2214508056641,240.47326049804687,241.4589813232422,242.07774353027344,242.57939758300785,243.2254730224609,242.2748870849609,242.6047607421875,242.53449401855468,242.23585510253903,242.2924591064453,239.79498748779298,239.50561599731446,239.21966094970702,238.77316436767575,238.28811416625976,236.12604420979815,235.69011840820312,235.3400756835937,234.82314554850257,234.37973581949868,229.1987096150716,228.89923095703125,228.62954203287757,228.20031687418617,227.76282450358073,452440.0,378000.0,425400.0,456040.0,496780.0,489740.0,450700.0,472360.0,485520.0,507700.0,642835.0,632325.0,635605.0,636090.0,635600.0,566180.0,564856.6666666665,574023.3333333335,595233.3333333335,599070.0,666123.3333333335,684345.0,735575.0,808578.3333333335,824786.6666666665,0
2018-05-22,243.2469312712101,243.5201973694389,240.77776731028752,242.24169921875,318400,1,241.1251983642578,241.8522979736328,241.02859268188482,237.18170216878255,229.86268259684246,455680.0,455860.0,608135.0,567390.0,647108.3333333335,242.3978576660156,238.9722442626953,240.6216125488281,241.392578125,241.15841674804688,240.90854187011718,240.47326049804687,241.4589813232422,242.07774353027344,242.57939758300785,242.0670074462891,242.2748870849609,242.6047607421875,242.53449401855468,242.23585510253903,240.22880020141602,239.79498748779298,239.50561599731446,239.21966094970702,238.77316436767575,236.644601949056,236.12604420979815,235.69011840820312,235.3400756835937,234.82314554850257,229.52526346842444,229.1987096150716,228.89923095703125,228.62954203287757,228.20031687418617,476780.0,452440.0,378000.0,425400.0,456040.0,486780.0,489740.0,450700.0,472360.0,485520.0,636795.0,642835.0,632325.0,635605.0,636090.0,571383.3333333335,566180.0,564856.6666666665,574023.3333333335,595233.3333333335,658148.3333333335,666123.3333333335,684345.0,735575.0,808578.3333333335,0
2018-05-23,242.0367432904661,244.24239534808268,241.7732313760268,243.4909210205078,520500,1,241.54486694335938,241.8113052368164,241.8074043273926,237.78321634928383,230.24607264200847,481800.0,453600.0,591900.0,573850.0,645213.3333333335,242.24169921875,242.3978576660156,238.9722442626953,240.6216125488281,241.392578125,241.1251983642578,240.90854187011718,240.47326049804687,241.4589813232422,242.07774353027344,241.8522979736328,242.0670074462891,242.2748870849609,242.6047607421875,242.53449401855468,241.02859268188482,240.22880020141602,239.79498748779298,239.50561599731446,239.21966094970702,237.18170216878255,236.644601949056,236.12604420979815,235.69011840820312,235.3400756835937,229.86268259684246,229.52526346842444,229.1987096150716,228.89923095703125,228.62954203287757,455680.0,476780.0,452440.0,378000.0,425400.0,455860.0,486780.0,489740.0,450700.0,472360.0,608135.0,636795.0,642835.0,632325.0,635605.0,567390.0,571383.3333333335,566180.0,564856.6666666665,574023.3333333335,647108.3333333335,658148.3333333335,666123.3333333335,684345.0,735575.0,0
2018-05-24,243.9300909089624,247.78510853424515,243.71537970930646,246.1747894287109,521000,0,242.65550231933597,242.0572418212891,241.88694381713867,238.45857747395837,230.7400728861491,518820.0,448410.0,532495.0,577926.6666666665,638588.3333333335,243.4909210205078,242.24169921875,242.3978576660156,238.9722442626953,240.6216125488281,241.54486694335938,241.1251983642578,240.90854187011718,240.47326049804687,241.4589813232422,241.8113052368164,241.8522979736328,242.0670074462891,242.2748870849609,242.6047607421875,241.8074043273926,241.02859268188482,240.22880020141602,239.79498748779298,239.50561599731446,237.78321634928383,237.18170216878255,236.644601949056,236.12604420979815,235.69011840820312,230.24607264200847,229.86268259684246,229.52526346842444,229.1987096150716,228.89923095703125,481800.0,455680.0,476780.0,452440.0,378000.0,453600.0,455860.0,486780.0,489740.0,450700.0,591900.0,608135.0,636795.0,642835.0,632325.0,573850.0,567390.0,571383.3333333335,566180.0,564856.6666666665,645213.3333333335,647108.3333333335,658148.3333333335,666123.3333333335,684345.0,1
2018-05-25,245.74539601745843,248.10720460038658,244.05699855907864,244.32049560546875,283600,0,243.72515258789062,242.09920654296874,241.9806365966797,239.1098653157552,231.19651565551757,435960.0,444200.0,497290.0,569760.0,628333.3333333335,246.1747894287109,243.4909210205078,242.24169921875,242.3978576660156,238.9722442626953,242.65550231933597,241.54486694335938,241.1251983642578,240.90854187011718,240.47326049804687,242.0572418212891,241.8113052368164,241.8522979736328,242.0670074462891,242.2748870849609,241.88694381713867,241.8074043273926,241.02859268188482,240.22880020141602,239.79498748779298,238.45857747395837,237.78321634928383,237.18170216878255,236.644601949056,236.12604420979815,230.7400728861491,230.24607264200847,229.86268259684246,229.52526346842444,229.1987096150716,518820.0,481800.0,455680.0,476780.0,452440.0,448410.0,453600.0,455860.0,486780.0,489740.0,532495.0,591900.0,608135.0,636795.0,642835.0,577926.6666666665,573850.0,567390.0,571383.3333333335,566180.0,638588.3333333335,645213.3333333335,647108.3333333335,658148.3333333335,666123.3333333335,0
2018-05-29,243.4616459187144,243.4616459187144,237.3326372080767,239.8896484375,673900,1,243.2235107421875,242.0660263061524,242.17924270629882,239.54741821289062,231.57456741333007,463480.0,470130.0,488915.0,580443.3333333335,625011.6666666665,244.32049560546875,246.1747894287109,243.4909210205078,242.24169921875,242.3978576660156,243.72515258789062,242.65550231933597,241.54486694335938,241.1251983642578,240.90854187011718,242.09920654296874,242.0572418212891,241.8113052368164,241.8522979736328,242.0670074462891,241.9806365966797,241.88694381713867,241.8074043273926,241.02859268188482,240.22880020141602,239.1098653157552,238.45857747395837,237.78321634928383,237.18170216878255,236.644601949056,231.19651565551757,230.7400728861491,230.24607264200847,229.86268259684246,229.52526346842444,435960.0,518820.0,481800.0,455680.0,476780.0,444200.0,448410.0,453600.0,455860.0,486780.0,497290.0,532495.0,591900.0,608135.0,636795.0,569760.0,577926.6666666665,573850.0,567390.0,571383.3333333335,628333.3333333335,638588.3333333335,645213.3333333335,647108.3333333335,658148.3333333335,0
2018-05-30,241.54878984221736,247.57042859388372,240.99248851144463,245.64779663085938,586800,0,243.90473022460938,242.51496429443358,242.37540969848632,240.0204310099284,232.10521850585937,517160.0,486420.0,485970.0,586200.0,619290.0,239.8896484375,244.32049560546875,246.1747894287109,243.4909210205078,242.24169921875,243.2235107421875,243.72515258789062,242.65550231933597,241.54486694335938,241.1251983642578,242.0660263061524,242.09920654296874,242.0572418212891,241.8113052368164,241.8522979736328,242.17924270629882,241.9806365966797,241.88694381713867,241.8074043273926,241.02859268188482,239.54741821289062,239.1098653157552,238.45857747395837,237.78321634928383,237.18170216878255,231.57456741333007,231.19651565551757,230.7400728861491,230.24607264200847,229.86268259684246,463480.0,435960.0,518820.0,481800.0,455680.0,470130.0,444200.0,448410.0,453600.0,455860.0,488915.0,497290.0,532495.0,591900.0,608135.0,580443.3333333335,569760.0,577926.6666666665,573850.0,567390.0,625011.6666666665,628333.3333333335,638588.3333333335,645213.3333333335,647108.3333333335,0
2018-05-31,245.0817306761441,246.48710777625527,243.1395904238649,245.43307495117188,579600,1,244.29316101074215,242.9190139770508,242.72675399780275,240.45277862548832,232.60259653727212,528980.0,505390.0,488875.0,592200.0,612861.6666666665,245.64779663085938,239.8896484375,244.32049560546875,246.1747894287109,243.4909210205078,243.90473022460938,243.2235107421875,243.72515258789062,242.65550231933597,241.54486694335938,242.51496429443358,242.0660263061524,242.09920654296874,242.0572418212891,241.8113052368164,242.37540969848632,242.17924270629882,241.9806365966797,241.88694381713867,241.8074043273926,240.0204310099284,239.54741821289062,239.1098653157552,238.45857747395837,237.78321634928383,232.10521850585937,231.57456741333007,231.19651565551757,230.7400728861491,230.24607264200847,517160.0,463480.0,435960.0,518820.0,481800.0,486420.0,470130.0,444200.0,448410.0,453600.0,485970.0,488915.0,497290.0,532495.0,591900.0,586200.0,580443.3333333335,569760.0,577926.6666666665,573850.0,619290.0,625011.6666666665,628333.3333333335,638588.3333333335,645213.3333333335,1
2018-06-01,247.3264127204881,251.2399853018572,246.5358918779073,246.77012634277344,557400,1,244.4122283935547,243.53386535644526,243.0693130493164,240.8483657836914,233.09759470621742,536260.0,527540.0,489120.0,597396.6666666665,609571.6666666665,245.43307495117188,245.64779663085938,239.8896484375,244.32049560546875,246.1747894287109,244.29316101074215,243.90473022460938,243.2235107421875,243.72515258789062,242.65550231933597,242.9190139770508,242.51496429443358,242.0660263061524,242.09920654296874,242.0572418212891,242.72675399780275,242.37540969848632,242.17924270629882,241.9806365966797,241.88694381713867,240.45277862548832,240.0204310099284,239.54741821289062,239.1098653157552,238.45857747395837,232.60259653727212,232.10521850585937,231.57456741333007,231.19651565551757,230.7400728861491,528980.0,517160.0,463480.0,435960.0,518820.0,505390.0,486420.0,470130.0,444200.0,448410.0,488875.0,485970.0,488915.0,497290.0,532495.0,592200.0,586200.0,580443.3333333335,569760.0,577926.6666666665,612861.6666666665,619290.0,625011.6666666665,628333.3333333335,638588.3333333335,1
2018-06-04,246.73108920653831,249.84438687886336,246.52614707238288,249.2490539550781,488200,1,245.39794006347657,244.5615463256836,243.41821670532227,241.3838404337565,233.63682963053387,577180.0,506570.0,498155.0,597413.3333333335,608023.3333333335,246.77012634277344,245.43307495117188,245.64779663085938,239.8896484375,244.32049560546875,244.4122283935547,244.29316101074215,243.90473022460938,243.2235107421875,243.72515258789062,243.53386535644526,242.9190139770508,242.51496429443358,242.0660263061524,242.09920654296874,243.0693130493164,242.72675399780275,242.37540969848632,242.17924270629882,241.9806365966797,240.8483657836914,240.45277862548832,240.0204310099284,239.54741821289062,239.1098653157552,233.09759470621742,232.60259653727212,232.10521850585937,231.57456741333007,231.19651565551757,536260.0,528980.0,517160.0,463480.0,435960.0,527540.0,505390.0,486420.0,470130.0,444200.0,489120.0,488875.0,485970.0,488915.0,497290.0,597396.6666666665,592200.0,586200.0,580443.3333333335,569760.0,609571.6666666665,612861.6666666665,619290.0,625011.6666666665,628333.3333333335,1
2018-06-05,248.96603467439564,256.920059035355,248.87818743894337,256.31497192382807,805200,1,248.6830047607422,245.95325775146483,244.01013259887696,242.136952718099,234.17245585123695,603440.0,533460.0,510120.0,602350.0,610496.6666666665,249.2490539550781,246.77012634277344,245.43307495117188,245.64779663085938,239.8896484375,245.39794006347657,244.4122283935547,244.29316101074215,243.90473022460938,243.2235107421875,244.5615463256836,243.53386535644526,242.9190139770508,242.51496429443358,242.0660263061524,243.41821670532227,243.0693130493164,242.72675399780275,242.37540969848632,242.17924270629882,241.3838404337565,240.8483657836914,240.45277862548832,240.0204310099284,239.54741821289062,233.63682963053387,233.09759470621742,232.60259653727212,232.10521850585937,231.57456741333007,577180.0,536260.0,528980.0,517160.0,463480.0,506570.0,527540.0,505390.0,486420.0,470130.0,498155.0,489120.0,488875.0,485970.0,488915.0,597413.3333333335,597396.6666666665,592200.0,586200.0,580443.3333333335,608023.3333333335,609571.6666666665,612861.6666666665,619290.0,625011.6666666665,1
2018-06-06,257.6227603683554,263.3321012540242,257.2616618989389,263.14666748046875,817900,1,252.1827789306641,248.04375457763672,244.94802627563482,243.3669799804688,234.86364568074544,649660.0,583410.0,519635.0,599893.3333333335,609873.3333333335,256.31497192382807,249.2490539550781,246.77012634277344,245.43307495117188,245.64779663085938,248.6830047607422,245.39794006347657,244.4122283935547,244.29316101074215,243.90473022460938,245.95325775146483,244.5615463256836,243.53386535644526,242.9190139770508,242.51496429443358,244.01013259887696,243.41821670532227,243.0693130493164,242.72675399780275,242.37540969848632,242.136952718099,241.3838404337565,240.8483657836914,240.45277862548832,240.0204310099284,234.17245585123695,233.63682963053387,233.09759470621742,232.60259653727212,232.10521850585937,603440.0,577180.0,536260.0,528980.0,517160.0,533460.0,506570.0,527540.0,505390.0,486420.0,510120.0,498155.0,489120.0,488875.0,485970.0,602350.0,597413.3333333335,597396.6666666665,592200.0,586200.0,610496.6666666665,608023.3333333335,609571.6666666665,612861.6666666665,619290.0,1
2018-06-07,263.7224736042083,266.9919277238786,261.2728178379029,265.49871826171875,889400,0,256.19590759277344,250.24453430175785,246.0279197692871,244.6197809855143,235.61496836344398,711620.0,620300.0,536950.0,601366.6666666665,613441.6666666665,263.14666748046875,256.31497192382807,249.2490539550781,246.77012634277344,245.43307495117188,252.1827789306641,248.6830047607422,245.39794006347657,244.4122283935547,244.29316101074215,248.04375457763672,245.95325775146483,244.5615463256836,243.53386535644526,242.9190139770508,244.94802627563482,244.01013259887696,243.41821670532227,243.0693130493164,242.72675399780275,243.3669799804688,242.136952718099,241.3838404337565,240.8483657836914,240.45277862548832,234.86364568074544,234.17245585123695,233.63682963053387,233.09759470621742,232.60259653727212,649660.0,603440.0,577180.0,536260.0,528980.0,583410.0,533460.0,506570.0,527540.0,505390.0,519635.0,510120.0,498155.0,489120.0,488875.0,599893.3333333335,602350.0,597413.3333333335,597396.6666666665,592200.0,609873.3333333335,610496.6666666665,608023.3333333335,609571.6666666665,612861.6666666665,1
2018-06-08,257.9838602943179,265.1278558040657,256.7346394770757,263.5468139648437,670900,0,259.5512451171875,251.9817367553711,247.01948928833008,245.2518747965495,236.32058359781902,734320.0,635290.0,541850.0,566760.0,618056.6666666665,265.49871826171875,263.14666748046875,256.31497192382807,249.2490539550781,246.77012634277344,256.19590759277344,252.1827789306641,248.6830047607422,245.39794006347657,244.4122283935547,250.24453430175785,248.04375457763672,245.95325775146483,244.5615463256836,243.53386535644526,246.0279197692871,244.94802627563482,244.01013259887696,243.41821670532227,243.0693130493164,244.6197809855143,243.3669799804688,242.136952718099,241.3838404337565,240.8483657836914,235.61496836344398,234.86364568074544,234.17245585123695,233.63682963053387,233.09759470621742,711620.0,649660.0,603440.0,577180.0,536260.0,620300.0,583410.0,533460.0,506570.0,527540.0,536950.0,519635.0,510120.0,498155.0,489120.0,601366.6666666665,599893.3333333335,602350.0,597413.3333333335,597396.6666666665,613441.6666666665,609873.3333333335,610496.6666666665,608023.3333333335,609571.6666666665,1
2018-06-11,263.0197671378714,264.21043295225826,261.5851126712231,263.28326416015625,453300,1,262.35808715820315,253.87801361083984,247.9886100769043,245.94642893473304,237.01920369466146,727340.0,652260.0,548230.0,548946.6666666665,612136.6666666665,263.5468139648437,265.49871826171875,263.14666748046875,256.31497192382807,249.2490539550781,259.5512451171875,256.19590759277344,252.1827789306641,248.6830047607422,245.39794006347657,251.9817367553711,250.24453430175785,248.04375457763672,245.95325775146483,244.5615463256836,247.01948928833008,246.0279197692871,244.94802627563482,244.01013259887696,243.41821670532227,245.2518747965495,244.6197809855143,243.3669799804688,242.136952718099,241.3838404337565,236.32058359781902,235.61496836344398,234.86364568074544,234.17245585123695,233.63682963053387,734320.0,711620.0,649660.0,603440.0,577180.0,635290.0,620300.0,583410.0,533460.0,506570.0,541850.0,536950.0,519635.0,510120.0,498155.0,566760.0,601366.6666666665,599893.3333333335,602350.0,597413.3333333335,618056.6666666665,613441.6666666665,609873.3333333335,610496.6666666665,608023.3333333335,1
2018-06-12,263.0881086253037,267.0407131415999,262.21949466920944,266.63082885742193,551100,1,264.4212585449219,256.55213165283203,249.3090789794922,246.97020568847657,237.7253079732259,676520.0,639980.0,555055.0,539270.0,606248.3333333335,263.28326416015625,263.5468139648437,265.49871826171875,263.14666748046875,256.31497192382807,262.35808715820315,259.5512451171875,256.19590759277344,252.1827789306641,248.6830047607422,253.87801361083984,251.9817367553711,250.24453430175785,248.04375457763672,245.95325775146483,247.9886100769043,247.01948928833008,246.0279197692871,244.94802627563482,244.01013259887696,245.94642893473304,245.2518747965495,244.6197809855143,243.3669799804688,242.136952718099,237.01920369466146,236.32058359781902,235.61496836344398,234.86364568074544,234.17245585123695,727340.0,734320.0,711620.0,649660.0,603440.0,652260.0,635290.0,620300.0,583410.0,533460.0,548230.0,541850.0,536950.0,519635.0,510120.0,548946.6666666665,566760.0,601366.6666666665,599893.3333333335,602350.0,612136.6666666665,618056.6666666665,613441.6666666665,609873.3333333335,610496.6666666665,1
2018-06-13,266.7283818509464,269.48058098740023,266.3087285185584,267.00164794921875,478400,1,265.1922546386719,258.687516784668,250.60124053955082,247.81277872721355,238.47207565307616,608620.0,629140.0,557780.0,533693.3333333335,603618.3333333335,266.63082885742193,263.28326416015625,263.5468139648437,265.49871826171875,263.14666748046875,264.4212585449219,262.35808715820315,259.5512451171875,256.19590759277344,252.1827789306641,256.55213165283203,253.87801361083984,251.9817367553711,250.24453430175785,248.04375457763672,249.3090789794922,247.9886100769043,247.01948928833008,246.0279197692871,244.94802627563482,246.97020568847657,245.94642893473304,245.2518747965495,244.6197809855143,243.3669799804688,237.7253079732259,237.01920369466146,236.32058359781902,235.61496836344398,234.86364568074544,676520.0,727340.0,734320.0,711620.0,649660.0,639980.0,652260.0,635290.0,620300.0,583410.0,555055.0,548230.0,541850.0,536950.0,519635.0,539270.0,548946.6666666665,566760.0,601366.6666666665,599893.3333333335,606248.3333333335,612136.6666666665,618056.6666666665,613441.6666666665,609873.3333333335,1
2018-06-14,268.351169808881,268.351169808881,264.6644202425963,267.60794067382807,538700,1,265.61409912109383,260.9050033569336,251.9120086669922,248.7861704508464,239.16518605550132,538480.0,625050.0,565220.0,534266.6666666665,603026.6666666665,267.00164794921875,266.63082885742193,263.28326416015625,263.5468139648437,265.49871826171875,265.1922546386719,264.4212585449219,262.35808715820315,259.5512451171875,256.19590759277344,258.687516784668,256.55213165283203,253.87801361083984,251.9817367553711,250.24453430175785,250.60124053955082,249.3090789794922,247.9886100769043,247.01948928833008,246.0279197692871,247.81277872721355,246.97020568847657,245.94642893473304,245.2518747965495,244.6197809855143,238.47207565307616,237.7253079732259,237.01920369466146,236.32058359781902,235.61496836344398,608620.0,676520.0,727340.0,734320.0,711620.0,629140.0,639980.0,652260.0,635290.0,620300.0,557780.0,555055.0,548230.0,541850.0,536950.0,533693.3333333335,539270.0,548946.6666666665,566760.0,601366.6666666665,603618.3333333335,606248.3333333335,612136.6666666665,618056.6666666665,613441.6666666665,1
2018-06-15,267.7644934832058,271.2361004067347,264.8698562539205,271.216552734375,559300,1,267.148046875,263.34964599609367,253.44175567626957,249.8294240315755,239.97260513305665,516160.0,625240.0,576390.0,534493.3333333335,603801.6666666665,267.60794067382807,267.00164794921875,266.63082885742193,263.28326416015625,263.5468139648437,265.61409912109383,265.1922546386719,264.4212585449219,262.35808715820315,259.5512451171875,260.9050033569336,258.687516784668,256.55213165283203,253.87801361083984,251.9817367553711,251.9120086669922,250.60124053955082,249.3090789794922,247.9886100769043,247.01948928833008,248.7861704508464,247.81277872721355,246.97020568847657,245.94642893473304,245.2518747965495,239.16518605550132,238.47207565307616,237.7253079732259,237.01920369466146,236.32058359781902,538480.0,608620.0,676520.0,727340.0,734320.0,625050.0,629140.0,639980.0,652260.0,635290.0,565220.0,557780.0,555055.0,548230.0,541850.0,534266.6666666665,533693.3333333335,539270.0,548946.6666666665,566760.0,603026.6666666665,603618.3333333335,606248.3333333335,612136.6666666665,618056.6666666665,1
2018-06-18,271.0600558896056,276.9569165913892,269.29981054486524,275.50961303710943,509100,1,269.59331665039065,265.9757019042969,255.26862411499025,250.93737843831383,240.88182983398443,527320.0,627330.0,566950.0,541213.3333333335,597021.6666666665,271.216552734375,267.60794067382807,267.00164794921875,266.63082885742193,263.28326416015625,267.148046875,265.61409912109383,265.1922546386719,264.4212585449219,262.35808715820315,263.34964599609367,260.9050033569336,258.687516784668,256.55213165283203,253.87801361083984,253.44175567626957,251.9120086669922,250.60124053955082,249.3090789794922,247.9886100769043,249.8294240315755,248.7861704508464,247.81277872721355,246.97020568847657,245.94642893473304,239.97260513305665,239.16518605550132,238.47207565307616,237.7253079732259,237.01920369466146,516160.0,538480.0,608620.0,676520.0,727340.0,625240.0,625050.0,629140.0,639980.0,652260.0,576390.0,565220.0,557780.0,555055.0,548230.0,534493.3333333335,534266.6666666665,533693.3333333335,539270.0,548946.6666666665,603801.6666666665,603026.6666666665,603618.3333333335,606248.3333333335,612136.6666666665,1
2018-06-19,275.5095824995107,281.68025912304387,274.10137444229605,281.04461669921875,674200,1,272.47607421875,268.44866638183595,257.2009620666504,252.15631052652995,241.87923838297527,551940.0,614230.0,573845.0,544823.3333333335,594940.0,275.50961303710943,271.216552734375,267.60794067382807,267.00164794921875,266.63082885742193,269.59331665039065,267.148046875,265.61409912109383,265.1922546386719,264.4212585449219,265.9757019042969,263.34964599609367,260.9050033569336,258.687516784668,256.55213165283203,255.26862411499025,253.44175567626957,251.9120086669922,250.60124053955082,249.3090789794922,250.93737843831383,249.8294240315755,248.7861704508464,247.81277872721355,246.97020568847657,240.88182983398443,239.97260513305665,239.16518605550132,238.47207565307616,237.7253079732259,527320.0,516160.0,538480.0,608620.0,676520.0,627330.0,625240.0,625050.0,629140.0,639980.0,566950.0,576390.0,565220.0,557780.0,555055.0,541213.3333333335,534493.3333333335,534266.6666666665,533693.3333333335,539270.0,597021.6666666665,603801.6666666665,603026.6666666665,603618.3333333335,606248.3333333335,1
2018-06-20,283.6164911170325,283.6164911170325,279.3821085064189,281.5433044433594,587200,1,275.3844055175781,270.288330078125,259.16604232788086,253.39479420979816,242.80964686075848,573700.0,591160.0,587285.0,543476.6666666665,594185.0,281.04461669921875,275.50961303710943,271.216552734375,267.60794067382807,267.00164794921875,272.47607421875,269.59331665039065,267.148046875,265.61409912109383,265.1922546386719,268.44866638183595,265.9757019042969,263.34964599609367,260.9050033569336,258.687516784668,257.2009620666504,255.26862411499025,253.44175567626957,251.9120086669922,250.60124053955082,252.15631052652995,250.93737843831383,249.8294240315755,248.7861704508464,247.81277872721355,241.87923838297527,240.88182983398443,239.97260513305665,239.16518605550132,238.47207565307616,551940.0,527320.0,516160.0,538480.0,608620.0,614230.0,627330.0,625240.0,625050.0,629140.0,573845.0,566950.0,576390.0,565220.0,557780.0,544823.3333333335,541213.3333333335,534493.3333333335,534266.6666666665,533693.3333333335,594940.0,597021.6666666665,603801.6666666665,603026.6666666665,603618.3333333335,1
2018-06-21,282.82447579844916,286.20810336865935,279.69514703864115,284.34027099609375,775600,1,278.73087158203117,272.1724853515625,261.20850982666013,254.7427749633789,243.7817916870117,621080.0,579780.0,600040.0,551226.6666666665,593860.0,281.5433044433594,281.04461669921875,275.50961303710943,271.216552734375,267.60794067382807,275.3844055175781,272.47607421875,269.59331665039065,267.148046875,265.61409912109383,270.288330078125,268.44866638183595,265.9757019042969,263.34964599609367,260.9050033569336,259.16604232788086,257.2009620666504,255.26862411499025,253.44175567626957,251.9120086669922,253.39479420979816,252.15631052652995,250.93737843831383,249.8294240315755,248.7861704508464,242.80964686075848,241.87923838297527,240.88182983398443,239.97260513305665,239.16518605550132,573700.0,551940.0,527320.0,516160.0,538480.0,591160.0,614230.0,627330.0,625240.0,625050.0,587285.0,573845.0,566950.0,576390.0,565220.0,543476.6666666665,544823.3333333335,541213.3333333335,534493.3333333335,534266.6666666665,594185.0,594940.0,597021.6666666665,603801.6666666665,603026.6666666665,1
2018-06-22,287.19573077648215,287.3228652366259,282.951558715351,285.9342346191406,519700,0,281.6744079589844,274.4112274169922,263.1964820861816,256.1500686645508,244.7432538350423,613160.0,564660.0,599975.0,549453.3333333335,590213.3333333335,284.34027099609375,281.5433044433594,281.04461669921875,275.50961303710943,271.216552734375,278.73087158203117,275.3844055175781,272.47607421875,269.59331665039065,267.148046875,272.1724853515625,270.288330078125,268.44866638183595,265.9757019042969,263.34964599609367,261.20850982666013,259.16604232788086,257.2009620666504,255.26862411499025,253.44175567626957,254.7427749633789,253.39479420979816,252.15631052652995,250.93737843831383,249.8294240315755,243.7817916870117,242.80964686075848,241.87923838297527,240.88182983398443,239.97260513305665,621080.0,573700.0,551940.0,527320.0,516160.0,579780.0,591160.0,614230.0,627330.0,625240.0,600040.0,587285.0,573845.0,566950.0,576390.0,551226.6666666665,543476.6666666665,544823.3333333335,541213.3333333335,534493.3333333335,593860.0,594185.0,594940.0,597021.6666666665,603801.6666666665,1
2018-06-25,285.77774357635013,287.0099032208868,270.4439261073677,273.33859252929693,1182100,1,281.24020385742193,275.41676025390626,264.647386932373,257.1313268025716,245.49983113606768,747760.0,637540.0,644900.0,578000.0,593851.6666666665,285.9342346191406,284.34027099609375,281.5433044433594,281.04461669921875,275.50961303710943,281.6744079589844,278.73087158203117,275.3844055175781,272.47607421875,269.59331665039065,274.4112274169922,272.1724853515625,270.288330078125,268.44866638183595,265.9757019042969,263.1964820861816,261.20850982666013,259.16604232788086,257.2009620666504,255.26862411499025,256.1500686645508,254.7427749633789,253.39479420979816,252.15631052652995,250.93737843831383,244.7432538350423,243.7817916870117,242.80964686075848,241.87923838297527,240.88182983398443,613160.0,621080.0,573700.0,551940.0,527320.0,564660.0,579780.0,591160.0,614230.0,627330.0,599975.0,600040.0,587285.0,573845.0,566950.0,549453.3333333335,551226.6666666665,543476.6666666665,544823.3333333335,541213.3333333335,590213.3333333335,593860.0,594185.0,594940.0,597021.6666666665,1
2018-06-26,275.74428632179075,279.85156498106966,272.40957333071947,276.85910034179693,1211000,0,280.4031005859375,276.43958740234376,266.49585952758787,258.3525817871094,246.36615880330402,855120.0,703530.0,671755.0,604546.6666666665,601808.3333333335,273.33859252929693,285.9342346191406,284.34027099609375,281.5433044433594,281.04461669921875,281.24020385742193,281.6744079589844,278.73087158203117,275.3844055175781,272.47607421875,275.41676025390626,274.4112274169922,272.1724853515625,270.288330078125,268.44866638183595,264.647386932373,263.1964820861816,261.20850982666013,259.16604232788086,257.2009620666504,257.1313268025716,256.1500686645508,254.7427749633789,253.39479420979816,252.15631052652995,245.49983113606768,244.7432538350423,243.7817916870117,242.80964686075848,241.87923838297527,747760.0,613160.0,621080.0,573700.0,551940.0,637540.0,564660.0,579780.0,591160.0,614230.0,644900.0,599975.0,600040.0,587285.0,573845.0,578000.0,549453.3333333335,551226.6666666665,543476.6666666665,544823.3333333335,593851.6666666665,590213.3333333335,593860.0,594185.0,594940.0,1
2018-06-27,277.387200539306,278.86387034606287,273.4755177399679,275.25534057617193,516600,1,279.1455078125,277.26495666503905,267.9762367248535,259.4891459147136,247.1561457316081,841000.0,707350.0,668245.0,607636.6666666665,601435.0,276.85910034179693,273.33859252929693,285.9342346191406,284.34027099609375,281.5433044433594,280.4031005859375,281.24020385742193,281.6744079589844,278.73087158203117,275.3844055175781,276.43958740234376,275.41676025390626,274.4112274169922,272.1724853515625,270.288330078125,266.49585952758787,264.647386932373,263.1964820861816,261.20850982666013,259.16604232788086,258.3525817871094,257.1313268025716,256.1500686645508,254.7427749633789,253.39479420979816,246.36615880330402,245.49983113606768,244.7432538350423,243.7817916870117,242.80964686075848,855120.0,747760.0,613160.0,621080.0,573700.0,703530.0,637540.0,564660.0,579780.0,591160.0,671755.0,644900.0,599975.0,600040.0,587285.0,604546.6666666665,578000.0,549453.3333333335,551226.6666666665,543476.6666666665,601808.3333333335,593851.6666666665,590213.3333333335,593860.0,594185.0,0
2018-06-28,273.7199544035073,277.11333988626023,273.03542792870047,275.86160278320307,324900,1,277.44977416992185,278.09032287597654,269.4976631164551,260.6381134033203,247.98909454345704,750860.0,685970.0,655510.0,605470.0,589746.6666666665,275.25534057617193,276.85910034179693,273.33859252929693,285.9342346191406,284.34027099609375,279.1455078125,280.4031005859375,281.24020385742193,281.6744079589844,278.73087158203117,277.26495666503905,276.43958740234376,275.41676025390626,274.4112274169922,272.1724853515625,267.9762367248535,266.49585952758787,264.647386932373,263.1964820861816,261.20850982666013,259.4891459147136,258.3525817871094,257.1313268025716,256.1500686645508,254.7427749633789,247.1561457316081,246.36615880330402,245.49983113606768,244.7432538350423,243.7817916870117,841000.0,855120.0,747760.0,613160.0,621080.0,707350.0,703530.0,637540.0,564660.0,579780.0,668245.0,671755.0,644900.0,599975.0,600040.0,607636.6666666665,604546.6666666665,578000.0,549453.3333333335,551226.6666666665,601435.0,601808.3333333335,593851.6666666665,590213.3333333335,593860.0,0
2018-06-29,277.76858719455424,278.09128787478926,273.99379800196,275.9398803710937,318300,0,275.4509033203125,278.5626556396484,270.9561508178711,261.8153889973958,248.75275370279945,710580.0,661870.0,643555.0,604883.3333333335,584870.0,275.86160278320307,275.25534057617193,276.85910034179693,273.33859252929693,285.9342346191406,277.44977416992185,279.1455078125,280.4031005859375,281.24020385742193,281.6744079589844,278.09032287597654,277.26495666503905,276.43958740234376,275.41676025390626,274.4112274169922,269.4976631164551,267.9762367248535,266.49585952758787,264.647386932373,263.1964820861816,260.6381134033203,259.4891459147136,258.3525817871094,257.1313268025716,256.1500686645508,247.98909454345704,247.1561457316081,246.36615880330402,245.49983113606768,244.7432538350423,750860.0,841000.0,855120.0,747760.0,613160.0,685970.0,707350.0,703530.0,637540.0,564660.0,655510.0,668245.0,671755.0,644900.0,599975.0,605470.0,607636.6666666665,604546.6666666665,578000.0,549453.3333333335,589746.6666666665,601435.0,601808.3333333335,593851.6666666665,590213.3333333335,1
2018-07-02,272.48783681653043,275.1673299711847,270.4439563011863,274.79571533203125,496100,0,275.74232788085936,278.49126586914065,272.23348388671883,263.009504699707,249.56777445475257,573380.0,660570.0,643950.0,598156.6666666665,582168.3333333335,275.9398803710937,275.86160278320307,275.25534057617193,276.85910034179693,273.33859252929693,275.4509033203125,277.44977416992185,279.1455078125,280.4031005859375,281.24020385742193,278.5626556396484,278.09032287597654,277.26495666503905,276.43958740234376,275.41676025390626,270.9561508178711,269.4976631164551,267.9762367248535,266.49585952758787,264.647386932373,261.8153889973958,260.6381134033203,259.4891459147136,258.3525817871094,257.1313268025716,248.75275370279945,247.98909454345704,247.1561457316081,246.36615880330402,245.49983113606768,710580.0,750860.0,841000.0,855120.0,747760.0,661870.0,685970.0,707350.0,703530.0,637540.0,643555.0,655510.0,668245.0,671755.0,644900.0,604883.3333333335,605470.0,607636.6666666665,604546.6666666665,578000.0,584870.0,589746.6666666665,601435.0,601808.3333333335,593851.6666666665,1
2018-07-03,276.48748462302774,276.98620380395414,272.5758024686151,273.94488525390625,202500,0,275.15948486328125,277.7812927246094,273.11497955322267,264.06107228597006,250.35283711751305,371680.0,613400.0,613815.0,587030.0,579206.6666666665,274.79571533203125,275.9398803710937,275.86160278320307,275.25534057617193,276.85910034179693,275.74232788085936,275.4509033203125,277.44977416992185,279.1455078125,280.4031005859375,278.49126586914065,278.5626556396484,278.09032287597654,277.26495666503905,276.43958740234376,272.23348388671883,270.9561508178711,269.4976631164551,267.9762367248535,266.49585952758787,263.009504699707,261.8153889973958,260.6381134033203,259.4891459147136,258.3525817871094,249.56777445475257,248.75275370279945,247.98909454345704,247.1561457316081,246.36615880330402,573380.0,710580.0,750860.0,841000.0,855120.0,660570.0,661870.0,685970.0,707350.0,703530.0,643950.0,643555.0,655510.0,668245.0,671755.0,598156.6666666665,604883.3333333335,605470.0,607636.6666666665,604546.6666666665,582168.3333333335,584870.0,589746.6666666665,601435.0,601808.3333333335,1
2018-07-05,274.5023325656947,275.63669423309835,268.5663471836921,271.607666015625,534500,1,274.42994995117186,276.787728881836,273.5380294799805,265.0399378458659,251.11082000732418,375260.0,608130.0,599645.0,594233.3333333335,580811.6666666665,273.94488525390625,274.79571533203125,275.9398803710937,275.86160278320307,275.25534057617193,275.15948486328125,275.74232788085936,275.4509033203125,277.44977416992185,279.1455078125,277.7812927246094,278.49126586914065,278.5626556396484,278.09032287597654,277.26495666503905,273.11497955322267,272.23348388671883,270.9561508178711,269.4976631164551,267.9762367248535,264.06107228597006,263.009504699707,261.8153889973958,260.6381134033203,259.4891459147136,250.35283711751305,249.56777445475257,248.75275370279945,247.98909454345704,247.1561457316081,371680.0,573380.0,710580.0,750860.0,841000.0,613400.0,660570.0,661870.0,685970.0,707350.0,613815.0,643950.0,643555.0,655510.0,668245.0,587030.0,598156.6666666665,604883.3333333335,605470.0,607636.6666666665,579206.6666666665,582168.3333333335,584870.0,589746.6666666665,601435.0,1
2018-07-06,272.79097552554873,274.6881439620224,272.2237648396336,272.98654174804693,482000,0,273.8549377441406,275.65235595703126,273.91242065429685,266.02312520345055,251.90317077636718,406680.0,578770.0,579275.0,592950.0,583400.0,271.607666015625,273.94488525390625,274.79571533203125,275.9398803710937,275.86160278320307,274.42994995117186,275.15948486328125,275.74232788085936,275.4509033203125,277.44977416992185,276.787728881836,277.7812927246094,278.49126586914065,278.5626556396484,278.09032287597654,273.5380294799805,273.11497955322267,272.23348388671883,270.9561508178711,269.4976631164551,265.0399378458659,264.06107228597006,263.009504699707,261.8153889973958,260.6381134033203,251.11082000732418,250.35283711751305,249.56777445475257,248.75275370279945,247.98909454345704,375260.0,371680.0,573380.0,710580.0,750860.0,608130.0,613400.0,660570.0,661870.0,685970.0,599645.0,613815.0,643950.0,643555.0,655510.0,594233.3333333335,587030.0,598156.6666666665,604883.3333333335,605470.0,580811.6666666665,579206.6666666665,582168.3333333335,584870.0,589746.6666666665,1
2018-07-09,275.7736005117592,275.9691965631044,271.5294288227239,272.12594604492193,529200,0,273.09215087890624,274.2715270996094,274.34137725830084,266.8881637573242,252.67337061564132,448860.0,579720.0,572190.0,593223.3333333335,585575.0,272.98654174804693,271.607666015625,273.94488525390625,274.79571533203125,275.9398803710937,273.8549377441406,274.42994995117186,275.15948486328125,275.74232788085936,275.4509033203125,275.65235595703126,276.787728881836,277.7812927246094,278.49126586914065,278.5626556396484,273.91242065429685,273.5380294799805,273.11497955322267,272.23348388671883,270.9561508178711,266.02312520345055,265.0399378458659,264.06107228597006,263.009504699707,261.8153889973958,251.90317077636718,251.11082000732418,250.35283711751305,249.56777445475257,248.75275370279945,406680.0,375260.0,371680.0,573380.0,710580.0,578770.0,608130.0,613400.0,660570.0,661870.0,579275.0,599645.0,613815.0,643950.0,643555.0,592950.0,594233.3333333335,587030.0,598156.6666666665,604883.3333333335,583400.0,580811.6666666665,579206.6666666665,582168.3333333335,584870.0,0
2018-07-10,272.3313260368498,274.404512831875,265.7890351571379,266.37579345703125,648800,1,271.40816650390633,273.5752471923828,274.49600372314455,267.6233403523763,253.36660283406573,479400.0,526390.0,581965.0,605396.6666666665,587578.3333333335,272.12594604492193,272.98654174804693,271.607666015625,273.94488525390625,274.79571533203125,273.09215087890624,273.8549377441406,274.42994995117186,275.15948486328125,275.74232788085936,274.2715270996094,275.65235595703126,276.787728881836,277.7812927246094,278.49126586914065,274.34137725830084,273.91242065429685,273.5380294799805,273.11497955322267,272.23348388671883,266.8881637573242,266.02312520345055,265.0399378458659,264.06107228597006,263.009504699707,252.67337061564132,251.90317077636718,251.11082000732418,250.35283711751305,249.56777445475257,448860.0,406680.0,375260.0,371680.0,573380.0,579720.0,578770.0,608130.0,613400.0,660570.0,572190.0,579275.0,599645.0,613815.0,643950.0,593223.3333333335,592950.0,594233.3333333335,587030.0,598156.6666666665,585575.0,583400.0,580811.6666666665,579206.6666666665,582168.3333333335,1
2018-07-11,265.4076860845952,274.53170341191185,265.4076860845952,273.48532104492193,784000,0,271.31625366210943,273.2378692626953,274.8387283325195,268.74319610595705,254.14530715942382,595700.0,483690.0,593610.0,609066.6666666665,594755.0,266.37579345703125,272.12594604492193,272.98654174804693,271.607666015625,273.94488525390625,271.40816650390633,273.09215087890624,273.8549377441406,274.42994995117186,275.15948486328125,273.5752471923828,274.2715270996094,275.65235595703126,276.787728881836,277.7812927246094,274.49600372314455,274.34137725830084,273.91242065429685,273.5380294799805,273.11497955322267,267.6233403523763,266.8881637573242,266.02312520345055,265.0399378458659,264.06107228597006,253.36660283406573,252.67337061564132,251.90317077636718,251.11082000732418,250.35283711751305,479400.0,448860.0,406680.0,375260.0,371680.0,526390.0,579720.0,578770.0,608130.0,613400.0,581965.0,572190.0,579275.0,599645.0,613815.0,605396.6666666665,593223.3333333335,592950.0,594233.3333333335,587030.0,587578.3333333335,585575.0,583400.0,580811.6666666665,579206.6666666665,0
2018-07-12,274.45339766594793,274.45339766594793,271.7249909624962,272.86917114257807,345400,1,271.5685546875,272.999252319336,275.1321044921875,269.6505752563477,254.83550313313802,557880.0,466570.0,586960.0,601020.0,593610.0,273.48532104492193,266.37579345703125,272.12594604492193,272.98654174804693,271.607666015625,271.31625366210943,271.40816650390633,273.09215087890624,273.8549377441406,274.42994995117186,273.2378692626953,273.5752471923828,274.2715270996094,275.65235595703126,276.787728881836,274.8387283325195,274.49600372314455,274.34137725830084,273.91242065429685,273.5380294799805,268.74319610595705,267.6233403523763,266.8881637573242,266.02312520345055,265.0399378458659,254.14530715942382,253.36660283406573,252.67337061564132,251.90317077636718,251.11082000732418,595700.0,479400.0,448860.0,406680.0,375260.0,483690.0,526390.0,579720.0,578770.0,608130.0,593610.0,581965.0,572190.0,579275.0,599645.0,609066.6666666665,605396.6666666665,593223.3333333335,592950.0,594233.3333333335,594755.0,587578.3333333335,585575.0,583400.0,580811.6666666665,1
2018-07-13,273.04524084515157,277.0840582672732,272.76166531870547,275.1868896484375,456200,0,272.0086242675781,272.93178100585936,275.511051940918,270.64236907958986,255.5475738525391,552720.0,479700.0,582835.0,596906.6666666665,594553.3333333335,272.86917114257807,273.48532104492193,266.37579345703125,272.12594604492193,272.98654174804693,271.5685546875,271.31625366210943,271.40816650390633,273.09215087890624,273.8549377441406,272.999252319336,273.2378692626953,273.5752471923828,274.2715270996094,275.65235595703126,275.1321044921875,274.8387283325195,274.49600372314455,274.34137725830084,273.91242065429685,269.6505752563477,268.74319610595705,267.6233403523763,266.8881637573242,266.02312520345055,254.83550313313802,254.14530715942382,253.36660283406573,252.67337061564132,251.90317077636718,557880.0,595700.0,479400.0,448860.0,406680.0,466570.0,483690.0,526390.0,579720.0,578770.0,586960.0,593610.0,581965.0,572190.0,579275.0,601020.0,609066.6666666665,605396.6666666665,593223.3333333335,592950.0,593610.0,594755.0,587578.3333333335,585575.0,583400.0,1
2018-07-16,275.74425264136534,277.42627714429744,271.9792526375257,273.025634765625,354000,1,272.18856201171883,272.6403564453125,275.6015060424805,271.51755269368493,256.18295923868817,517680.0,483270.0,572570.0,590126.6666666665,593761.6666666665,275.1868896484375,272.86917114257807,273.48532104492193,266.37579345703125,272.12594604492193,272.0086242675781,271.5685546875,271.31625366210943,271.40816650390633,273.09215087890624,272.93178100585936,272.999252319336,273.2378692626953,273.5752471923828,274.2715270996094,275.511051940918,275.1321044921875,274.8387283325195,274.49600372314455,274.34137725830084,270.64236907958986,269.6505752563477,268.74319610595705,267.6233403523763,266.8881637573242,255.5475738525391,254.83550313313802,254.14530715942382,253.36660283406573,252.67337061564132,552720.0,557880.0,595700.0,479400.0,448860.0,479700.0,466570.0,483690.0,526390.0,579720.0,582835.0,586960.0,593610.0,581965.0,572190.0,596906.6666666665,601020.0,609066.6666666665,605396.6666666665,593223.3333333335,594553.3333333335,593610.0,594755.0,587578.3333333335,585575.0,1
2018-07-17,272.3704444067984,276.65374156137716,271.50011056075874,275.812744140625,844500,1,274.0759521484375,272.7420593261719,275.61666259765633,272.40300903320315,256.89342473347983,556820.0,518110.0,589340.0,602003.3333333335,599708.3333333335,273.025634765625,275.1868896484375,272.86917114257807,273.48532104492193,266.37579345703125,272.18856201171883,272.0086242675781,271.5685546875,271.31625366210943,271.40816650390633,272.6403564453125,272.93178100585936,272.999252319336,273.2378692626953,273.5752471923828,275.6015060424805,275.511051940918,275.1321044921875,274.8387283325195,274.49600372314455,271.51755269368493,270.64236907958986,269.6505752563477,268.74319610595705,267.6233403523763,256.18295923868817,255.5475738525391,254.83550313313802,254.14530715942382,253.36660283406573,517680.0,552720.0,557880.0,595700.0,479400.0,483270.0,479700.0,466570.0,483690.0,526390.0,572570.0,582835.0,586960.0,593610.0,581965.0,590126.6666666665,596906.6666666665,601020.0,609066.6666666665,605396.6666666665,593761.6666666665,594553.3333333335,593610.0,594755.0,587578.3333333335,1
2018-07-18,275.8127600095604,278.590051190382,273.9840530926347,277.41653442382807,1079800,0,274.8621948242188,273.08922424316404,275.43525848388674,273.1063944498698,257.62167358398443,615980.0,605840.0,609620.0,611156.6666666665,606753.3333333335,275.812744140625,273.025634765625,275.1868896484375,272.86917114257807,273.48532104492193,274.0759521484375,272.18856201171883,272.0086242675781,271.5685546875,271.31625366210943,272.7420593261719,272.6403564453125,272.93178100585936,272.999252319336,273.2378692626953,275.61666259765633,275.6015060424805,275.511051940918,275.1321044921875,274.8387283325195,272.40300903320315,271.51755269368493,270.64236907958986,269.6505752563477,268.74319610595705,256.89342473347983,256.18295923868817,255.5475738525391,254.83550313313802,254.14530715942382,556820.0,517680.0,552720.0,557880.0,595700.0,518110.0,483270.0,479700.0,466570.0,483690.0,589340.0,572570.0,582835.0,586960.0,593610.0,602003.3333333335,590126.6666666665,596906.6666666665,601020.0,609066.6666666665,599708.3333333335,593761.6666666665,594553.3333333335,593610.0,594755.0,1
2018-07-19,268.92819563978514,278.4824702465754,266.8745561770544,270.63955688476557,1970200,1,274.41627197265626,272.99241333007814,274.890071105957,273.356157430013,258.36156870524087,940940.0,749410.0,678770.0,649566.6666666665,624730.0,277.41653442382807,275.812744140625,273.025634765625,275.1868896484375,272.86917114257807,274.8621948242188,274.0759521484375,272.18856201171883,272.0086242675781,271.5685546875,273.08922424316404,272.7420593261719,272.6403564453125,272.93178100585936,272.999252319336,275.43525848388674,275.61666259765633,275.6015060424805,275.511051940918,275.1321044921875,273.1063944498698,272.40300903320315,271.51755269368493,270.64236907958986,269.6505752563477,257.62167358398443,256.89342473347983,256.18295923868817,255.5475738525391,254.83550313313802,615980.0,556820.0,517680.0,552720.0,557880.0,605840.0,518110.0,483270.0,479700.0,466570.0,609620.0,589340.0,572570.0,582835.0,586960.0,611156.6666666665,602003.3333333335,590126.6666666665,596906.6666666665,601020.0,606753.3333333335,599708.3333333335,593761.6666666665,594553.3333333335,593610.0,1
2018-07-20,268.92819192304336,276.24304948710784,268.92819192304336,271.05029296875,586600,0,273.58895263671883,272.7987884521484,274.22557220458987,273.5412099202474,259.0804954528809,967020.0,759870.0,669320.0,639473.3333333335,620420.0,270.63955688476557,277.41653442382807,275.812744140625,273.025634765625,275.1868896484375,274.41627197265626,274.8621948242188,274.0759521484375,272.18856201171883,272.0086242675781,272.99241333007814,273.08922424316404,272.7420593261719,272.6403564453125,272.93178100585936,274.890071105957,275.43525848388674,275.61666259765633,275.6015060424805,275.511051940918,273.356157430013,273.1063944498698,272.40300903320315,271.51755269368493,270.64236907958986,258.36156870524087,257.62167358398443,256.89342473347983,256.18295923868817,255.5475738525391,940940.0,615980.0,556820.0,517680.0,552720.0,749410.0,605840.0,518110.0,483270.0,479700.0,678770.0,609620.0,589340.0,572570.0,582835.0,649566.6666666665,611156.6666666665,602003.3333333335,590126.6666666665,596906.6666666665,624730.0,606753.3333333335,599708.3333333335,593761.6666666665,594553.3333333335,1
2018-07-23,270.6590899270792,270.68842635308533,265.21209454014144,265.7499389648437,690400,0,272.1338134765625,272.16118774414065,273.216357421875,273.6146474202474,259.4332611083984,1034300.0,775990.0,677855.0,640123.3333333335,603441.6666666665,271.05029296875,270.63955688476557,277.41653442382807,275.812744140625,273.025634765625,273.58895263671883,274.41627197265626,274.8621948242188,274.0759521484375,272.18856201171883,272.7987884521484,272.99241333007814,273.08922424316404,272.7420593261719,272.6403564453125,274.22557220458987,274.890071105957,275.43525848388674,275.61666259765633,275.6015060424805,273.5412099202474,273.356157430013,273.1063944498698,272.40300903320315,271.51755269368493,259.0804954528809,258.36156870524087,257.62167358398443,256.89342473347983,256.18295923868817,967020.0,940940.0,615980.0,556820.0,517680.0,759870.0,749410.0,605840.0,518110.0,483270.0,669320.0,678770.0,609620.0,589340.0,572570.0,639473.3333333335,649566.6666666665,611156.6666666665,602003.3333333335,590126.6666666665,620420.0,624730.0,606753.3333333335,599708.3333333335,593761.6666666665,0
2018-07-24,265.5641335811992,265.5641335811992,256.2445508311376,257.2615966796875,913300,0,268.423583984375,271.24976806640626,272.41250762939455,273.41392517089844,259.6801770528157,1048060.0,802440.0,664415.0,655456.6666666665,602201.6666666665,265.7499389648437,271.05029296875,270.63955688476557,277.41653442382807,275.812744140625,272.1338134765625,273.58895263671883,274.41627197265626,274.8621948242188,274.0759521484375,272.16118774414065,272.7987884521484,272.99241333007814,273.08922424316404,272.7420593261719,273.216357421875,274.22557220458987,274.890071105957,275.43525848388674,275.61666259765633,273.6146474202474,273.5412099202474,273.356157430013,273.1063944498698,272.40300903320315,259.4332611083984,259.0804954528809,258.36156870524087,257.62167358398443,256.89342473347983,1034300.0,967020.0,940940.0,615980.0,556820.0,775990.0,759870.0,749410.0,605840.0,518110.0,677855.0,669320.0,678770.0,609620.0,589340.0,640123.3333333335,639473.3333333335,649566.6666666665,611156.6666666665,602003.3333333335,603441.6666666665,620420.0,624730.0,606753.3333333335,599708.3333333335,0
2018-07-25,257.525641751432,260.26383770482647,255.29598367823317,256.41082763671875,632100,0,264.22244262695307,269.5423187255859,271.3900939941406,273.07325846354166,260.02173207600913,958520.0,787250.0,635470.0,658156.6666666665,598713.3333333335,257.2615966796875,265.7499389648437,271.05029296875,270.63955688476557,277.41653442382807,268.423583984375,272.1338134765625,273.58895263671883,274.41627197265626,274.8621948242188,271.24976806640626,272.16118774414065,272.7987884521484,272.99241333007814,273.08922424316404,272.41250762939455,273.216357421875,274.22557220458987,274.890071105957,275.43525848388674,273.41392517089844,273.6146474202474,273.5412099202474,273.356157430013,273.1063944498698,259.6801770528157,259.4332611083984,259.0804954528809,258.36156870524087,257.62167358398443,1048060.0,1034300.0,967020.0,940940.0,615980.0,802440.0,775990.0,759870.0,749410.0,605840.0,664415.0,677855.0,669320.0,678770.0,609620.0,655456.6666666665,640123.3333333335,639473.3333333335,649566.6666666665,611156.6666666665,602201.6666666665,603441.6666666665,620420.0,624730.0,606753.3333333335,1
2018-07-26,256.1271701767109,257.25177282001823,253.91706022387368,254.25933837890625,504900,1,260.94639892578124,267.68133544921875,270.3402938842773,272.6485148111979,260.2306467692057,665460.0,803200.0,634885.0,659040.0,596366.6666666665,256.41082763671875,257.2615966796875,265.7499389648437,271.05029296875,270.63955688476557,264.22244262695307,268.423583984375,272.1338134765625,273.58895263671883,274.41627197265626,269.5423187255859,271.24976806640626,272.16118774414065,272.7987884521484,272.99241333007814,271.3900939941406,272.41250762939455,273.216357421875,274.22557220458987,274.890071105957,273.07325846354166,273.41392517089844,273.6146474202474,273.5412099202474,273.356157430013,260.02173207600913,259.6801770528157,259.4332611083984,259.0804954528809,258.36156870524087,958520.0,1048060.0,1034300.0,967020.0,940940.0,787250.0,802440.0,775990.0,759870.0,749410.0,635470.0,664415.0,677855.0,669320.0,678770.0,658156.6666666665,655456.6666666665,640123.3333333335,639473.3333333335,649566.6666666665,598713.3333333335,602201.6666666665,603441.6666666665,620420.0,624730.0,1
2018-07-27,257.0660104219772,257.30070184068967,254.054027788004,254.9439392089844,694200,0,257.72512817382807,265.65704040527345,269.2944107055664,272.22638142903645,260.5062759399414,686980.0,827000.0,653350.0,664223.3333333335,599245.0,254.25933837890625,256.41082763671875,257.2615966796875,265.7499389648437,271.05029296875,260.94639892578124,264.22244262695307,268.423583984375,272.1338134765625,273.58895263671883,267.68133544921875,269.5423187255859,271.24976806640626,272.16118774414065,272.7987884521484,270.3402938842773,271.3900939941406,272.41250762939455,273.216357421875,274.22557220458987,272.6485148111979,273.07325846354166,273.41392517089844,273.6146474202474,273.5412099202474,260.2306467692057,260.02173207600913,259.6801770528157,259.4332611083984,259.0804954528809,665460.0,958520.0,1048060.0,1034300.0,967020.0,803200.0,787250.0,802440.0,775990.0,759870.0,634885.0,635470.0,664415.0,677855.0,669320.0,659040.0,658156.6666666665,655456.6666666665,640123.3333333335,639473.3333333335,596366.6666666665,598713.3333333335,602201.6666666665,603441.6666666665,620420.0,1
2018-07-30,254.44518089765685,255.7947161939869,250.31835448651537,250.74864196777344,702300,1,254.7248687744141,263.4293411254883,268.0348487854004,271.5441177368164,260.686770884196,689360.0,861830.0,672550.0,668990.0,601741.6666666665,254.9439392089844,254.25933837890625,256.41082763671875,257.2615966796875,265.7499389648437,257.72512817382807,260.94639892578124,264.22244262695307,268.423583984375,272.1338134765625,265.65704040527345,267.68133544921875,269.5423187255859,271.24976806640626,272.16118774414065,269.2944107055664,270.3402938842773,271.3900939941406,272.41250762939455,273.216357421875,272.22638142903645,272.6485148111979,273.07325846354166,273.41392517089844,273.6146474202474,260.5062759399414,260.2306467692057,260.02173207600913,259.6801770528157,259.4332611083984,686980.0,665460.0,958520.0,1048060.0,1034300.0,827000.0,803200.0,787250.0,802440.0,775990.0,653350.0,634885.0,635470.0,664415.0,677855.0,664223.3333333335,659040.0,658156.6666666665,655456.6666666665,640123.3333333335,599245.0,596366.6666666665,598713.3333333335,602201.6666666665,603441.6666666665,1
2018-07-31,249.36978053393096,257.27136672311923,248.03980777420796,256.86065673828125,682800,1,254.64468078613282,261.5341323852539,267.1380958557129,270.92248586018883,260.92993214925133,643260.0,845660.0,681885.0,674780.0,607996.6666666665,250.74864196777344,254.9439392089844,254.25933837890625,256.41082763671875,257.2615966796875,254.7248687744141,257.72512817382807,260.94639892578124,264.22244262695307,268.423583984375,263.4293411254883,265.65704040527345,267.68133544921875,269.5423187255859,271.24976806640626,268.0348487854004,269.2944107055664,270.3402938842773,271.3900939941406,272.41250762939455,271.5441177368164,272.22638142903645,272.6485148111979,273.07325846354166,273.41392517089844,260.686770884196,260.5062759399414,260.2306467692057,260.02173207600913,259.6801770528157,689360.0,686980.0,665460.0,958520.0,1048060.0,861830.0,827000.0,803200.0,787250.0,802440.0,672550.0,653350.0,634885.0,635470.0,664415.0,668990.0,664223.3333333335,659040.0,658156.6666666665,655456.6666666665,601741.6666666665,599245.0,596366.6666666665,598713.3333333335,602201.6666666665,1
2018-08-01,257.6820896108721,264.76222552114183,257.0268696483448,264.37106323242193,986600,1,256.2367279052734,260.2295852661133,266.6594047546387,270.36670074462893,261.26150563557945,714160.0,836340.0,721090.0,685193.3333333335,615008.3333333335,256.86065673828125,250.74864196777344,254.9439392089844,254.25933837890625,256.41082763671875,254.64468078613282,254.7248687744141,257.72512817382807,260.94639892578124,264.22244262695307,261.5341323852539,263.4293411254883,265.65704040527345,267.68133544921875,269.5423187255859,267.1380958557129,268.0348487854004,269.2944107055664,270.3402938842773,271.3900939941406,270.92248586018883,271.5441177368164,272.22638142903645,272.6485148111979,273.07325846354166,260.92993214925133,260.686770884196,260.5062759399414,260.2306467692057,260.02173207600913,643260.0,689360.0,686980.0,665460.0,958520.0,845660.0,861830.0,827000.0,803200.0,787250.0,681885.0,672550.0,653350.0,634885.0,635470.0,674780.0,668990.0,664223.3333333335,659040.0,658156.6666666665,607996.6666666665,601741.6666666665,599245.0,596366.6666666665,598713.3333333335,1
2018-08-02,263.64742976688547,271.5490159838786,263.64742976688547,270.63955688476557,982200,1,259.5127716064453,260.2295852661133,266.6109992980957,270.00324249267584,261.699018351237,809620.0,737540.0,743475.0,698360.0,620918.3333333335,264.37106323242193,256.86065673828125,250.74864196777344,254.9439392089844,254.25933837890625,256.2367279052734,254.64468078613282,254.7248687744141,257.72512817382807,260.94639892578124,260.2295852661133,261.5341323852539,263.4293411254883,265.65704040527345,267.68133544921875,266.6594047546387,267.1380958557129,268.0348487854004,269.2944107055664,270.3402938842773,270.36670074462893,270.92248586018883,271.5441177368164,272.22638142903645,272.6485148111979,261.26150563557945,260.92993214925133,260.686770884196,260.5062759399414,260.2306467692057,714160.0,643260.0,689360.0,686980.0,665460.0,836340.0,845660.0,861830.0,827000.0,803200.0,721090.0,681885.0,672550.0,653350.0,634885.0,685193.3333333335,674780.0,668990.0,664223.3333333335,659040.0,615008.3333333335,607996.6666666665,601741.6666666665,599245.0,596366.6666666665,1
2018-08-03,271.372985566878,273.6906527767161,267.86225394746344,273.32882690429693,613800,1,263.1897491455078,260.457438659668,266.6281135559082,269.63619435628254,262.1894846598307,793540.0,740260.0,750065.0,692966.6666666665,622096.6666666665,270.63955688476557,264.37106323242193,256.86065673828125,250.74864196777344,254.9439392089844,259.5127716064453,256.2367279052734,254.64468078613282,254.7248687744141,257.72512817382807,260.2295852661133,260.2295852661133,261.5341323852539,263.4293411254883,265.65704040527345,266.6109992980957,266.6594047546387,267.1380958557129,268.0348487854004,269.2944107055664,270.00324249267584,270.36670074462893,270.92248586018883,271.5441177368164,272.22638142903645,261.699018351237,261.26150563557945,260.92993214925133,260.686770884196,260.5062759399414,809620.0,714160.0,643260.0,689360.0,686980.0,737540.0,836340.0,845660.0,861830.0,827000.0,743475.0,721090.0,681885.0,672550.0,653350.0,698360.0,685193.3333333335,674780.0,668990.0,664223.3333333335,620918.3333333335,615008.3333333335,607996.6666666665,601741.6666666665,599245.0,1
2018-08-06,273.2995223758729,276.2234959665764,271.4219013415471,273.95474243164057,483400,0,267.83096923828117,261.27791900634764,266.7195533752441,269.2368779500326,262.69347330729164,749760.0,719560.0,747775.0,691756.6666666665,620605.0,273.32882690429693,270.63955688476557,264.37106323242193,256.86065673828125,250.74864196777344,263.1897491455078,259.5127716064453,256.2367279052734,254.64468078613282,254.7248687744141,260.457438659668,260.2295852661133,260.2295852661133,261.5341323852539,263.4293411254883,266.6281135559082,266.6109992980957,266.6594047546387,267.1380958557129,268.0348487854004,269.63619435628254,270.00324249267584,270.36670074462893,270.92248586018883,271.5441177368164,262.1894846598307,261.699018351237,261.26150563557945,260.92993214925133,260.686770884196,793540.0,809620.0,714160.0,643260.0,689360.0,740260.0,737540.0,836340.0,845660.0,861830.0,750065.0,743475.0,721090.0,681885.0,672550.0,692966.6666666665,698360.0,685193.3333333335,674780.0,668990.0,622096.6666666665,620918.3333333335,615008.3333333335,607996.6666666665,601741.6666666665,0
2018-08-07,272.1259383248338,273.3385800899899,269.45623434669267,271.32406616210943,443600,1,270.72365112304686,262.68416595458984,266.966967010498,269.1697270711263,263.15052693684896,701920.0,672590.0,737515.0,667140.0,622570.0,273.95474243164057,273.32882690429693,270.63955688476557,264.37106323242193,256.86065673828125,267.83096923828117,263.1897491455078,259.5127716064453,256.2367279052734,254.64468078613282,261.27791900634764,260.457438659668,260.2295852661133,260.2295852661133,261.5341323852539,266.7195533752441,266.6281135559082,266.6109992980957,266.6594047546387,267.1380958557129,269.2368779500326,269.63619435628254,270.00324249267584,270.36670074462893,270.92248586018883,262.69347330729164,262.1894846598307,261.699018351237,261.26150563557945,260.92993214925133,749760.0,793540.0,809620.0,714160.0,643260.0,719560.0,740260.0,737540.0,836340.0,845660.0,747775.0,750065.0,743475.0,721090.0,681885.0,691756.6666666665,692966.6666666665,698360.0,685193.3333333335,674780.0,620605.0,622096.6666666665,620918.3333333335,615008.3333333335,607996.6666666665,1
2018-08-08,271.676089728951,281.1716893581932,270.8839765172501,280.5849609375,556700,1,273.9664306640625,265.101579284668,267.3219490051269,269.2939224243164,263.82325210571287,615940.0,665050.0,726150.0,645330.0,624938.3333333335,271.32406616210943,273.95474243164057,273.32882690429693,270.63955688476557,264.37106323242193,270.72365112304686,267.83096923828117,263.1897491455078,259.5127716064453,256.2367279052734,262.68416595458984,261.27791900634764,260.457438659668,260.2295852661133,260.2295852661133,266.966967010498,266.7195533752441,266.6281135559082,266.6109992980957,266.6594047546387,269.1697270711263,269.2368779500326,269.63619435628254,270.00324249267584,270.36670074462893,263.15052693684896,262.69347330729164,262.1894846598307,261.699018351237,261.26150563557945,701920.0,749760.0,793540.0,809620.0,714160.0,672590.0,719560.0,740260.0,737540.0,836340.0,737515.0,747775.0,750065.0,743475.0,721090.0,667140.0,691756.6666666665,692966.6666666665,698360.0,685193.3333333335,622570.0,620605.0,622096.6666666665,620918.3333333335,615008.3333333335,0
2018-08-09,280.55569841400813,288.72131280502606,279.65599819235854,285.0150146484375,567600,0,276.84152221679693,268.1771469116211,267.9292411804199,269.6192448933919,264.55419540405273,533020.0,671320.0,737260.0,647030.0,627333.3333333335,280.5849609375,271.32406616210943,273.95474243164057,273.32882690429693,270.63955688476557,273.9664306640625,270.72365112304686,267.83096923828117,263.1897491455078,259.5127716064453,265.101579284668,262.68416595458984,261.27791900634764,260.457438659668,260.2295852661133,267.3219490051269,266.966967010498,266.7195533752441,266.6281135559082,266.6109992980957,269.2939224243164,269.1697270711263,269.2368779500326,269.63619435628254,270.00324249267584,263.82325210571287,263.15052693684896,262.69347330729164,262.1894846598307,261.699018351237,615940.0,701920.0,749760.0,793540.0,809620.0,665050.0,672590.0,719560.0,740260.0,737540.0,726150.0,737515.0,747775.0,750065.0,743475.0,645330.0,667140.0,691756.6666666665,692966.6666666665,698360.0,624938.3333333335,622570.0,620605.0,622096.6666666665,620918.3333333335,0
2018-08-10,283.3720456555692,287.20550759479715,282.13009721919286,284.8780517578125,455200,0,279.1513671875,271.1705581665039,268.4137992858887,269.91979319254557,265.27895329793296,501300.0,647420.0,737210.0,651373.3333333335,628421.6666666665,285.0150146484375,280.5849609375,271.32406616210943,273.95474243164057,273.32882690429693,276.84152221679693,273.9664306640625,270.72365112304686,267.83096923828117,263.1897491455078,268.1771469116211,265.101579284668,262.68416595458984,261.27791900634764,260.457438659668,267.9292411804199,267.3219490051269,266.966967010498,266.7195533752441,266.6281135559082,269.6192448933919,269.2939224243164,269.1697270711263,269.2368779500326,269.63619435628254,264.55419540405273,263.82325210571287,263.15052693684896,262.69347330729164,262.1894846598307,533020.0,615940.0,701920.0,749760.0,793540.0,671320.0,665050.0,672590.0,719560.0,740260.0,737260.0,726150.0,737515.0,747775.0,750065.0,647030.0,645330.0,667140.0,691756.6666666665,692966.6666666665,627333.3333333335,624938.3333333335,622570.0,620605.0,622096.6666666665,1
2018-08-13,286.63827611223616,286.63827611223616,280.56539789479734,282.2278747558594,334500,0,280.80599365234383,274.3184814453125,268.87391128540037,270.12939300537107,265.97239100138347,471520.0,610640.0,736235.0,651913.3333333335,628398.3333333335,284.8780517578125,285.0150146484375,280.5849609375,271.32406616210943,273.95474243164057,279.1513671875,276.84152221679693,273.9664306640625,270.72365112304686,267.83096923828117,271.1705581665039,268.1771469116211,265.101579284668,262.68416595458984,261.27791900634764,268.4137992858887,267.9292411804199,267.3219490051269,266.966967010498,266.7195533752441,269.91979319254557,269.6192448933919,269.2939224243164,269.1697270711263,269.2368779500326,265.27895329793296,264.55419540405273,263.82325210571287,263.15052693684896,262.69347330729164,501300.0,533020.0,615940.0,701920.0,749760.0,647420.0,671320.0,665050.0,672590.0,719560.0,737210.0,737260.0,726150.0,737515.0,747775.0,651373.3333333335,647030.0,645330.0,667140.0,691756.6666666665,628421.6666666665,627333.3333333335,624938.3333333335,622570.0,620605.0,1
2018-08-14,283.90009167129944,283.90009167129944,278.589990636568,281.16192626953125,962000,0,282.7735656738281,276.7486083984375,269.1413703918457,270.3416000366211,266.6755523681641,575200.0,638560.0,742110.0,667443.3333333335,632800.0,282.2278747558594,284.8780517578125,285.0150146484375,280.5849609375,271.32406616210943,280.80599365234383,279.1513671875,276.84152221679693,273.9664306640625,270.72365112304686,274.3184814453125,271.1705581665039,268.1771469116211,265.101579284668,262.68416595458984,268.87391128540037,268.4137992858887,267.9292411804199,267.3219490051269,266.966967010498,270.12939300537107,269.91979319254557,269.6192448933919,269.2939224243164,269.1697270711263,265.97239100138347,265.27895329793296,264.55419540405273,263.82325210571287,263.15052693684896,471520.0,501300.0,533020.0,615940.0,701920.0,610640.0,647420.0,671320.0,665050.0,672590.0,736235.0,737210.0,737260.0,726150.0,737515.0,651913.3333333335,651373.3333333335,647030.0,645330.0,667140.0,628398.3333333335,628421.6666666665,627333.3333333335,624938.3333333335,622570.0,0
2018-08-15,279.1963569191754,281.4358036549231,274.9521847069806,277.915283203125,551400,1,282.2396301269531,278.1030303955078,269.1663078308105,270.4739466349284,267.26750946044916,574140.0,595040.0,715690.0,679073.3333333335,633051.6666666665,281.16192626953125,282.2278747558594,284.8780517578125,285.0150146484375,280.5849609375,282.7735656738281,280.80599365234383,279.1513671875,276.84152221679693,273.9664306640625,276.7486083984375,274.3184814453125,271.1705581665039,268.1771469116211,265.101579284668,269.1413703918457,268.87391128540037,268.4137992858887,267.9292411804199,267.3219490051269,270.3416000366211,270.12939300537107,269.91979319254557,269.6192448933919,269.2939224243164,266.6755523681641,265.97239100138347,265.27895329793296,264.55419540405273,263.82325210571287,575200.0,471520.0,501300.0,533020.0,615940.0,638560.0,610640.0,647420.0,671320.0,665050.0,742110.0,736235.0,737210.0,737260.0,726150.0,667443.3333333335,651913.3333333335,651373.3333333335,647030.0,645330.0,632800.0,628398.3333333335,628421.6666666665,627333.3333333335,624938.3333333335,0
2018-08-16,279.64619013591783,283.4698635874473,278.6095965995081,281.36734008789057,631700,0,281.51009521484383,279.1758087158203,269.7026969909668,270.7992691040039,267.91960347493495,586960.0,559990.0,648765.0,682313.3333333335,638273.3333333335,277.915283203125,281.16192626953125,282.2278747558594,284.8780517578125,285.0150146484375,282.2396301269531,282.7735656738281,280.80599365234383,279.1513671875,276.84152221679693,278.1030303955078,276.7486083984375,274.3184814453125,271.1705581665039,268.1771469116211,269.1663078308105,269.1413703918457,268.87391128540037,268.4137992858887,267.9292411804199,270.4739466349284,270.3416000366211,270.12939300537107,269.91979319254557,269.6192448933919,267.26750946044916,266.6755523681641,265.97239100138347,265.27895329793296,264.55419540405273,574140.0,575200.0,471520.0,501300.0,533020.0,595040.0,638560.0,610640.0,647420.0,671320.0,715690.0,742110.0,736235.0,737210.0,737260.0,679073.3333333335,667443.3333333335,651913.3333333335,651373.3333333335,647030.0,633051.6666666665,632800.0,628398.3333333335,628421.6666666665,627333.3333333335,0
2018-08-17,281.4162561816179,282.677782362296,277.8859764398379,278.74655151367193,329800,0,280.28379516601564,279.7175811767578,270.0875099182129,270.99126942952466,268.50719731648763,561880.0,531590.0,635925.0,677240.0,635095.0,281.36734008789057,277.915283203125,281.16192626953125,282.2278747558594,284.8780517578125,281.51009521484383,282.2396301269531,282.7735656738281,280.80599365234383,279.1513671875,279.1758087158203,278.1030303955078,276.7486083984375,274.3184814453125,271.1705581665039,269.7026969909668,269.1663078308105,269.1413703918457,268.87391128540037,268.4137992858887,270.7992691040039,270.4739466349284,270.3416000366211,270.12939300537107,269.91979319254557,267.91960347493495,267.26750946044916,266.6755523681641,265.97239100138347,265.27895329793296,586960.0,574140.0,575200.0,471520.0,501300.0,559990.0,595040.0,638560.0,610640.0,647420.0,648765.0,715690.0,742110.0,736235.0,737210.0,682313.3333333335,679073.3333333335,667443.3333333335,651913.3333333335,651373.3333333335,638273.3333333335,633051.6666666665,632800.0,628398.3333333335,628421.6666666665,1
2018-08-20,278.75628541698444,280.2427439907005,275.61716830575085,278.46292114257807,395700,1,279.5308044433594,280.16839904785155,270.7231590270996,271.20250193278,269.0453328450521,574120.0,522820.0,621190.0,672790.0,633006.6666666665,278.74655151367193,281.36734008789057,277.915283203125,281.16192626953125,282.2278747558594,280.28379516601564,281.51009521484383,282.2396301269531,282.7735656738281,280.80599365234383,279.7175811767578,279.1758087158203,278.1030303955078,276.7486083984375,274.3184814453125,270.0875099182129,269.7026969909668,269.1663078308105,269.1413703918457,268.87391128540037,270.99126942952466,270.7992691040039,270.4739466349284,270.3416000366211,270.12939300537107,268.50719731648763,267.91960347493495,267.26750946044916,266.6755523681641,265.97239100138347,561880.0,586960.0,574140.0,575200.0,471520.0,531590.0,559990.0,595040.0,638560.0,610640.0,635925.0,648765.0,715690.0,742110.0,736235.0,677240.0,682313.3333333335,679073.3333333335,667443.3333333335,651913.3333333335,635095.0,638273.3333333335,633051.6666666665,632800.0,628398.3333333335,0
2018-08-21,279.12785615459546,282.9515290963557,278.50200251971603,281.0250244140625,275200,1,279.5034240722656,281.13849487304685,271.91133041381835,271.69080963134763,269.657074991862,436760.0,505980.0,589285.0,660336.6666666665,632866.6666666665,278.46292114257807,278.74655151367193,281.36734008789057,277.915283203125,281.16192626953125,279.5308044433594,280.28379516601564,281.51009521484383,282.2396301269531,282.7735656738281,280.16839904785155,279.7175811767578,279.1758087158203,278.1030303955078,276.7486083984375,270.7231590270996,270.0875099182129,269.7026969909668,269.1663078308105,269.1413703918457,271.20250193278,270.99126942952466,270.7992691040039,270.4739466349284,270.3416000366211,269.0453328450521,268.50719731648763,267.91960347493495,267.26750946044916,266.6755523681641,574120.0,561880.0,586960.0,574140.0,575200.0,522820.0,531590.0,559990.0,595040.0,638560.0,621190.0,635925.0,648765.0,715690.0,742110.0,672790.0,677240.0,682313.3333333335,679073.3333333335,667443.3333333335,633006.6666666665,635095.0,638273.3333333335,633051.6666666665,632800.0,0
2018-08-22,280.5751893743013,285.55280140660966,280.0373151640219,285.10296630859375,432500,0,280.9409606933594,281.59029541015633,273.34593734741213,272.0780644734701,270.41063028971354,412980.0,493560.0,579305.0,648620.0,628843.3333333335,281.0250244140625,278.46292114257807,278.74655151367193,281.36734008789057,277.915283203125,279.5034240722656,279.5308044433594,280.28379516601564,281.51009521484383,282.2396301269531,281.13849487304685,280.16839904785155,279.7175811767578,279.1758087158203,278.1030303955078,271.91133041381835,270.7231590270996,270.0875099182129,269.7026969909668,269.1663078308105,271.69080963134763,271.20250193278,270.99126942952466,270.7992691040039,270.4739466349284,269.657074991862,269.0453328450521,268.50719731648763,267.91960347493495,267.26750946044916,436760.0,574120.0,561880.0,586960.0,574140.0,505980.0,522820.0,531590.0,559990.0,595040.0,589285.0,621190.0,635925.0,648765.0,715690.0,660336.6666666665,672790.0,677240.0,682313.3333333335,679073.3333333335,632866.6666666665,633006.6666666665,635095.0,638273.3333333335,633051.6666666665,0
2018-08-23,285.78754520421296,288.00744436613564,282.5408710548476,283.01025390625,290400,1,281.26954345703126,281.3898193359375,274.7834831237793,272.41610056559244,271.03333791097003,344720.0,465840.0,568580.0,646786.6666666665,623903.3333333335,285.10296630859375,281.0250244140625,278.46292114257807,278.74655151367193,281.36734008789057,280.9409606933594,279.5034240722656,279.5308044433594,280.28379516601564,281.51009521484383,281.59029541015633,281.13849487304685,280.16839904785155,279.7175811767578,279.1758087158203,273.34593734741213,271.91133041381835,270.7231590270996,270.0875099182129,269.7026969909668,272.0780644734701,271.69080963134763,271.20250193278,270.99126942952466,270.7992691040039,270.41063028971354,269.657074991862,269.0453328450521,268.50719731648763,267.91960347493495,412980.0,436760.0,574120.0,561880.0,586960.0,493560.0,505980.0,522820.0,531590.0,559990.0,579305.0,589285.0,621190.0,635925.0,648765.0,648620.0,660336.6666666665,672790.0,677240.0,682313.3333333335,628843.3333333335,632866.6666666665,633006.6666666665,635095.0,638273.3333333335,0
2018-08-24,283.0493756008228,293.70870548069064,283.0493756008228,291.3714904785156,680900,0,283.79453125,282.03916320800784,276.60486068725584,272.9555872599284,271.7989781697591,414940.0,488410.0,567915.0,654276.6666666665,625591.6666666665,283.01025390625,285.10296630859375,281.0250244140625,278.46292114257807,278.74655151367193,281.26954345703126,280.9409606933594,279.5034240722656,279.5308044433594,280.28379516601564,281.3898193359375,281.59029541015633,281.13849487304685,280.16839904785155,279.7175811767578,274.7834831237793,273.34593734741213,271.91133041381835,270.7231590270996,270.0875099182129,272.41610056559244,272.0780644734701,271.69080963134763,271.20250193278,270.99126942952466,271.03333791097003,270.41063028971354,269.657074991862,269.0453328450521,268.50719731648763,344720.0,412980.0,436760.0,574120.0,561880.0,465840.0,493560.0,505980.0,522820.0,531590.0,568580.0,579305.0,589285.0,621190.0,635925.0,646786.6666666665,648620.0,660336.6666666665,672790.0,677240.0,623903.3333333335,628843.3333333335,632866.6666666665,633006.6666666665,635095.0,0
2018-08-27,292.3983134349458,293.37623421566485,288.9169178430886,291.3128356933594,452900,1,286.36451416015626,282.9476593017578,278.63307037353513,273.56516062418615,272.54135665893557,426380.0,500250.0,555445.0,657573.3333333335,623850.0,291.3714904785156,283.01025390625,285.10296630859375,281.0250244140625,278.46292114257807,283.79453125,281.26954345703126,280.9409606933594,279.5034240722656,279.5308044433594,282.03916320800784,281.3898193359375,281.59029541015633,281.13849487304685,280.16839904785155,276.60486068725584,274.7834831237793,273.34593734741213,271.91133041381835,270.7231590270996,272.9555872599284,272.41610056559244,272.0780644734701,271.69080963134763,271.20250193278,271.7989781697591,271.03333791097003,270.41063028971354,269.657074991862,269.0453328450521,414940.0,344720.0,412980.0,436760.0,574120.0,488410.0,465840.0,493560.0,505980.0,522820.0,567915.0,568580.0,579305.0,589285.0,621190.0,654276.6666666665,646786.6666666665,648620.0,660336.6666666665,672790.0,625591.6666666665,623903.3333333335,628843.3333333335,632866.6666666665,633006.6666666665,0
2018-08-28,291.9092971142068,293.1708230358801,286.57961794295613,292.8187561035156,419200,1,288.7232604980469,284.11334228515625,280.43097534179685,274.1320276896159,273.2675183614095,455180.0,445970.0,542265.0,643396.6666666665,622700.0,291.3128356933594,291.3714904785156,283.01025390625,285.10296630859375,281.0250244140625,286.36451416015626,283.79453125,281.26954345703126,280.9409606933594,279.5034240722656,282.9476593017578,282.03916320800784,281.3898193359375,281.59029541015633,281.13849487304685,278.63307037353513,276.60486068725584,274.7834831237793,273.34593734741213,271.91133041381835,273.56516062418615,272.9555872599284,272.41610056559244,272.0780644734701,271.69080963134763,272.54135665893557,271.7989781697591,271.03333791097003,270.41063028971354,269.657074991862,426380.0,414940.0,344720.0,412980.0,436760.0,500250.0,488410.0,465840.0,493560.0,505980.0,555445.0,567915.0,568580.0,579305.0,589285.0,657573.3333333335,654276.6666666665,646786.6666666665,648620.0,660336.6666666665,623850.0,625591.6666666665,623903.3333333335,628843.3333333335,632866.6666666665,1
2018-08-29,294.65726531084545,298.5982842917465,293.4446532686511,294.0020751953125,402300,1,290.5030822753906,285.722021484375,281.91252593994136,274.6848790486654,273.89563674926757,449140.0,431060.0,513050.0,620813.3333333335,615985.0,292.8187561035156,291.3128356933594,291.3714904785156,283.01025390625,285.10296630859375,288.7232604980469,286.36451416015626,283.79453125,281.26954345703126,280.9409606933594,284.11334228515625,282.9476593017578,282.03916320800784,281.3898193359375,281.59029541015633,280.43097534179685,278.63307037353513,276.60486068725584,274.7834831237793,273.34593734741213,274.1320276896159,273.56516062418615,272.9555872599284,272.41610056559244,272.0780644734701,273.2675183614095,272.54135665893557,271.7989781697591,271.03333791097003,270.41063028971354,455180.0,426380.0,414940.0,344720.0,412980.0,445970.0,500250.0,488410.0,465840.0,493560.0,542265.0,555445.0,567915.0,568580.0,579305.0,643396.6666666665,657573.3333333335,654276.6666666665,646786.6666666665,648620.0,622700.0,623850.0,625591.6666666665,623903.3333333335,628843.3333333335,1
2018-08-30,293.37612174957155,295.41997181650873,292.68180661768434,294.0313415527344,216500,0,292.7072998046875,286.98842163085936,283.0821151733398,275.4646052042644,274.4103813171387,434360.0,389540.0,474765.0,562356.6666666665,605961.6666666665,294.0020751953125,292.8187561035156,291.3128356933594,291.3714904785156,283.01025390625,290.5030822753906,288.7232604980469,286.36451416015626,283.79453125,281.26954345703126,285.722021484375,284.11334228515625,282.9476593017578,282.03916320800784,281.3898193359375,281.91252593994136,280.43097534179685,278.63307037353513,276.60486068725584,274.7834831237793,274.6848790486654,274.1320276896159,273.56516062418615,272.9555872599284,272.41610056559244,273.89563674926757,273.2675183614095,272.54135665893557,271.7989781697591,271.03333791097003,449140.0,455180.0,426380.0,414940.0,344720.0,431060.0,445970.0,500250.0,488410.0,465840.0,513050.0,542265.0,555445.0,567915.0,568580.0,620813.3333333335,643396.6666666665,657573.3333333335,654276.6666666665,646786.6666666665,615985.0,622700.0,623850.0,625591.6666666665,623903.3333333335,1
2018-08-31,294.2661373160356,295.33206735537016,290.44246359120837,291.968017578125,360700,0,292.8266052246093,288.3105682373046,284.01407470703117,276.16186269124347,274.85153630574547,370320.0,392630.0,462110.0,554826.6666666665,597150.0,294.0313415527344,294.0020751953125,292.8187561035156,291.3128356933594,291.3714904785156,292.7072998046875,290.5030822753906,288.7232604980469,286.36451416015626,283.79453125,286.98842163085936,285.722021484375,284.11334228515625,282.9476593017578,282.03916320800784,283.0821151733398,281.91252593994136,280.43097534179685,278.63307037353513,276.60486068725584,275.4646052042644,274.6848790486654,274.1320276896159,273.56516062418615,272.9555872599284,274.4103813171387,273.89563674926757,273.2675183614095,272.54135665893557,271.7989781697591,434360.0,449140.0,455180.0,426380.0,414940.0,389540.0,431060.0,445970.0,500250.0,488410.0,474765.0,513050.0,542265.0,555445.0,567915.0,562356.6666666665,620813.3333333335,643396.6666666665,657573.3333333335,654276.6666666665,605961.6666666665,615985.0,622700.0,623850.0,625591.6666666665,1
2018-09-04,292.30044432499636,293.0436734876589,289.41559662949464,290.0512390136719,418000,0,292.5742858886718,289.46940002441414,284.8188995361328,276.9719060262044,275.2932767232259,363340.0,394860.0,458840.0,545746.6666666665,592935.0,291.968017578125,294.0313415527344,294.0020751953125,292.8187561035156,291.3128356933594,292.8266052246093,292.7072998046875,290.5030822753906,288.7232604980469,286.36451416015626,288.3105682373046,286.98842163085936,285.722021484375,284.11334228515625,282.9476593017578,284.01407470703117,283.0821151733398,281.91252593994136,280.43097534179685,278.63307037353513,276.16186269124347,275.4646052042644,274.6848790486654,274.1320276896159,273.56516062418615,274.85153630574547,274.4103813171387,273.89563674926757,273.2675183614095,272.54135665893557,370320.0,434360.0,449140.0,455180.0,426380.0,392630.0,389540.0,431060.0,445970.0,500250.0,462110.0,474765.0,513050.0,542265.0,555445.0,554826.6666666665,562356.6666666665,620813.3333333335,643396.6666666665,657573.3333333335,597150.0,605961.6666666665,615985.0,622700.0,623850.0,1
2018-09-05,290.4717824497706,290.5597917309492,282.374600299858,283.41119384765625,540400,1,290.6927734375,289.70801696777346,285.4232559204102,277.84355926513666,275.6287422180176,387580.0,421380.0,463680.0,533316.6666666665,594386.6666666665,290.0512390136719,291.968017578125,294.0313415527344,294.0020751953125,292.8187561035156,292.5742858886718,292.8266052246093,292.7072998046875,290.5030822753906,288.7232604980469,289.46940002441414,288.3105682373046,286.98842163085936,285.722021484375,284.11334228515625,284.8188995361328,284.01407470703117,283.0821151733398,281.91252593994136,280.43097534179685,276.9719060262044,276.16186269124347,275.4646052042644,274.6848790486654,274.1320276896159,275.2932767232259,274.85153630574547,274.4103813171387,273.89563674926757,273.2675183614095,363340.0,370320.0,434360.0,449140.0,455180.0,394860.0,392630.0,389540.0,431060.0,445970.0,458840.0,462110.0,474765.0,513050.0,542265.0,545746.6666666665,554826.6666666665,562356.6666666665,620813.3333333335,643396.6666666665,592935.0,597150.0,605961.6666666665,615985.0,622700.0,1
2018-09-06,283.85126756897233,286.3840785617884,281.1326492585106,284.11529541015625,649600,1,288.71541748046883,289.6092498779297,285.59977264404296,278.76704152425134,275.9201499938965,437040.0,443090.0,468325.0,533900.0,596028.3333333335,283.41119384765625,290.0512390136719,291.968017578125,294.0313415527344,294.0020751953125,290.6927734375,292.5742858886718,292.8266052246093,292.7072998046875,290.5030822753906,289.70801696777346,289.46940002441414,288.3105682373046,286.98842163085936,285.722021484375,285.4232559204102,284.8188995361328,284.01407470703117,283.0821151733398,281.91252593994136,277.84355926513666,276.9719060262044,276.16186269124347,275.4646052042644,274.6848790486654,275.6287422180176,275.2932767232259,274.85153630574547,274.4103813171387,273.89563674926757,387580.0,363340.0,370320.0,434360.0,449140.0,421380.0,394860.0,392630.0,389540.0,431060.0,463680.0,458840.0,462110.0,474765.0,513050.0,533316.6666666665,545746.6666666665,554826.6666666665,562356.6666666665,620813.3333333335,594386.6666666665,592935.0,597150.0,605961.6666666665,615985.0,1
2018-09-07,282.6972738335947,290.6282254160216,282.6972738335947,287.5771179199219,294100,0,287.42457275390626,290.06593627929686,285.7278778076172,279.87763417561854,276.2630744934082,452560.0,443460.0,454650.0,526873.3333333335,592956.6666666665,284.11529541015625,283.41119384765625,290.0512390136719,291.968017578125,294.0313415527344,288.71541748046883,290.6927734375,292.5742858886718,292.8266052246093,292.7072998046875,289.6092498779297,289.70801696777346,289.46940002441414,288.3105682373046,286.98842163085936,285.59977264404296,285.4232559204102,284.8188995361328,284.01407470703117,283.0821151733398,278.76704152425134,277.84355926513666,276.9719060262044,276.16186269124347,275.4646052042644,275.9201499938965,275.6287422180176,275.2932767232259,274.85153630574547,274.4103813171387,437040.0,387580.0,363340.0,370320.0,434360.0,443090.0,421380.0,394860.0,392630.0,389540.0,468325.0,463680.0,458840.0,462110.0,474765.0,533900.0,533316.6666666665,545746.6666666665,554826.6666666665,562356.6666666665,596028.3333333335,594386.6666666665,592935.0,597150.0,605961.6666666665,1
2018-09-10,288.82889128039614,289.5525430648418,286.57965571299604,287.2935485839844,342900,0,286.48967895507815,289.65814208984375,285.8486526489258,280.9559544881185,276.5911679585775,449000.0,409660.0,449035.0,515163.33333333326,589693.3333333335,287.5771179199219,284.11529541015625,283.41119384765625,290.0512390136719,291.968017578125,287.42457275390626,288.71541748046883,290.6927734375,292.5742858886718,292.8266052246093,290.06593627929686,289.6092498779297,289.70801696777346,289.46940002441414,288.3105682373046,285.7278778076172,285.59977264404296,285.4232559204102,284.8188995361328,284.01407470703117,279.87763417561854,278.76704152425134,277.84355926513666,276.9719060262044,276.16186269124347,276.2630744934082,275.9201499938965,275.6287422180176,275.2932767232259,274.85153630574547,452560.0,437040.0,387580.0,363340.0,370320.0,443460.0,443090.0,421380.0,394860.0,392630.0,454650.0,468325.0,463680.0,458840.0,462110.0,526873.3333333335,533900.0,533316.6666666665,545746.6666666665,554826.6666666665,592956.6666666665,596028.3333333335,594386.6666666665,592935.0,597150.0,1
2018-09-11,285.81687195724083,287.410887471638,279.85157956826873,280.2916259765625,404500,0,284.53775634765617,288.55602111816404,285.75184020996096,281.9407206217448,276.7424191792806,446300.0,404820.0,452535.0,505236.66666666674,587113.3333333335,287.2935485839844,287.5771179199219,284.11529541015625,283.41119384765625,290.0512390136719,286.48967895507815,287.42457275390626,288.71541748046883,290.6927734375,292.5742858886718,289.65814208984375,290.06593627929686,289.6092498779297,289.70801696777346,289.46940002441414,285.8486526489258,285.7278778076172,285.59977264404296,285.4232559204102,284.8188995361328,280.9559544881185,279.87763417561854,278.76704152425134,277.84355926513666,276.9719060262044,276.5911679585775,276.2630744934082,275.9201499938965,275.6287422180176,275.2932767232259,449000.0,452560.0,437040.0,387580.0,363340.0,409660.0,443460.0,443090.0,421380.0,394860.0,449035.0,454650.0,468325.0,463680.0,458840.0,515163.33333333326,526873.3333333335,533900.0,533316.6666666665,545746.6666666665,589693.3333333335,592956.6666666665,596028.3333333335,594386.6666666665,592935.0,1
2018-09-12,280.02761571713336,280.81972914557764,276.7613639585586,278.94210815429693,511800,1,283.64393920898436,287.16835632324216,285.6408493041992,282.67676900227866,276.79962743123366,440580.0,414080.0,430025.0,499536.66666666674,587158.3333333335,280.2916259765625,287.2935485839844,287.5771179199219,284.11529541015625,283.41119384765625,284.53775634765617,286.48967895507815,287.42457275390626,288.71541748046883,290.6927734375,288.55602111816404,289.65814208984375,290.06593627929686,289.6092498779297,289.70801696777346,285.75184020996096,285.8486526489258,285.7278778076172,285.59977264404296,285.4232559204102,281.9407206217448,280.9559544881185,279.87763417561854,278.76704152425134,277.84355926513666,276.7424191792806,276.5911679585775,276.2630744934082,275.9201499938965,275.6287422180176,446300.0,449000.0,452560.0,437040.0,387580.0,404820.0,409660.0,443460.0,443090.0,421380.0,452535.0,449035.0,454650.0,468325.0,463680.0,505236.66666666674,515163.33333333326,526873.3333333335,533900.0,533316.6666666665,587113.3333333335,589693.3333333335,592956.6666666665,596028.3333333335,594386.6666666665,1
2018-09-13,280.22563337314284,280.4019919800425,276.1692060058964,279.08905029296875,277200,0,282.63869018554686,285.6770538330078,285.6995376586914,283.1673685709636,276.76703465779616,366100.0,401570.0,416315.0,475890.0,580541.6666666665,278.94210815429693,280.2916259765625,287.2935485839844,287.5771179199219,284.11529541015625,283.64393920898436,284.53775634765617,286.48967895507815,287.42457275390626,288.71541748046883,287.16835632324216,288.55602111816404,289.65814208984375,290.06593627929686,289.6092498779297,285.6408493041992,285.75184020996096,285.8486526489258,285.7278778076172,285.59977264404296,282.67676900227866,281.9407206217448,280.9559544881185,279.87763417561854,278.76704152425134,276.79962743123366,276.7424191792806,276.5911679585775,276.2630744934082,275.9201499938965,440580.0,446300.0,449000.0,452560.0,437040.0,414080.0,404820.0,409660.0,443460.0,443090.0,430025.0,452535.0,449035.0,454650.0,468325.0,499536.66666666674,505236.66666666674,515163.33333333326,526873.3333333335,533900.0,587158.3333333335,587113.3333333335,589693.3333333335,592956.6666666665,596028.3333333335,1
2018-09-14,280.1766231536389,280.1766231536389,273.01421593630573,274.39572143554693,738900,0,280.00241088867193,283.71349182128904,285.35095672607423,283.29257405598963,276.6479082743327,455060.0,453810.0,421675.0,467780.0,583070.0,279.08905029296875,278.94210815429693,280.2916259765625,287.2935485839844,287.5771179199219,282.63869018554686,283.64393920898436,284.53775634765617,286.48967895507815,287.42457275390626,285.6770538330078,287.16835632324216,288.55602111816404,289.65814208984375,290.06593627929686,285.6995376586914,285.6408493041992,285.75184020996096,285.8486526489258,285.7278778076172,283.1673685709636,282.67676900227866,281.9407206217448,280.9559544881185,279.87763417561854,276.76703465779616,276.79962743123366,276.7424191792806,276.5911679585775,276.2630744934082,366100.0,440580.0,446300.0,449000.0,452560.0,401570.0,414080.0,404820.0,409660.0,443460.0,416315.0,430025.0,452535.0,449035.0,454650.0,475890.0,499536.66666666674,505236.66666666674,515163.33333333326,526873.3333333335,580541.6666666665,587158.3333333335,587113.3333333335,589693.3333333335,592956.6666666665,1
2018-09-17,273.26895645431125,273.62170354294534,268.1053693987077,269.0557861328125,709900,1,276.3548583984375,281.4222686767578,284.86641845703133,283.1501393636068,276.3931668599446,528460.0,488730.0,440680.0,470983.33333333326,581975.0,274.39572143554693,279.08905029296875,278.94210815429693,280.2916259765625,287.2935485839844,280.00241088867193,282.63869018554686,283.64393920898436,284.53775634765617,286.48967895507815,283.71349182128904,285.6770538330078,287.16835632324216,288.55602111816404,289.65814208984375,285.35095672607423,285.6995376586914,285.6408493041992,285.75184020996096,285.8486526489258,283.29257405598963,283.1673685709636,282.67676900227866,281.9407206217448,280.9559544881185,276.6479082743327,276.76703465779616,276.79962743123366,276.7424191792806,276.5911679585775,455060.0,366100.0,440580.0,446300.0,449000.0,453810.0,401570.0,414080.0,404820.0,409660.0,421675.0,416315.0,430025.0,452535.0,449035.0,467780.0,475890.0,499536.66666666674,505236.66666666674,515163.33333333326,583070.0,580541.6666666665,587158.3333333335,587113.3333333335,589693.3333333335,1
2018-09-18,268.7814426038487,278.7657072699721,268.761827270129,276.12020874023443,637300,0,275.52057495117185,280.02916564941404,284.74928283691406,283.2223215738932,276.2295997619629,575020.0,510660.0,452760.0,476113.33333333326,583935.0,269.0557861328125,274.39572143554693,279.08905029296875,278.94210815429693,280.2916259765625,276.3548583984375,280.00241088867193,282.63869018554686,283.64393920898436,284.53775634765617,281.4222686767578,283.71349182128904,285.6770538330078,287.16835632324216,288.55602111816404,284.86641845703133,285.35095672607423,285.6995376586914,285.6408493041992,285.75184020996096,283.1501393636068,283.29257405598963,283.1673685709636,282.67676900227866,281.9407206217448,276.3931668599446,276.6479082743327,276.76703465779616,276.79962743123366,276.7424191792806,528460.0,455060.0,366100.0,440580.0,446300.0,488730.0,453810.0,401570.0,414080.0,404820.0,440680.0,421675.0,416315.0,430025.0,452535.0,470983.33333333326,467780.0,475890.0,499536.66666666674,505236.66666666674,581975.0,583070.0,580541.6666666665,587158.3333333335,587113.3333333335,1
2018-09-19,276.2965944061559,276.2965944061559,272.1422098441384,273.82748413085943,465600,1,274.49765014648443,279.0707946777344,284.38940582275393,283.30576883951824,276.2377479553223,565780.0,503180.0,462280.0,476846.66666666674,571993.3333333335,276.12020874023443,269.0557861328125,274.39572143554693,279.08905029296875,278.94210815429693,275.52057495117185,276.3548583984375,280.00241088867193,282.63869018554686,283.64393920898436,280.02916564941404,281.4222686767578,283.71349182128904,285.6770538330078,287.16835632324216,284.74928283691406,284.86641845703133,285.35095672607423,285.6995376586914,285.6408493041992,283.2223215738932,283.1501393636068,283.29257405598963,283.1673685709636,282.67676900227866,276.2295997619629,276.3931668599446,276.6479082743327,276.76703465779616,276.79962743123366,575020.0,528460.0,455060.0,366100.0,440580.0,510660.0,488730.0,453810.0,401570.0,414080.0,452760.0,440680.0,421675.0,416315.0,430025.0,476113.33333333326,470983.33333333326,467780.0,475890.0,499536.66666666674,583935.0,581975.0,583070.0,580541.6666666665,587158.3333333335,1
2018-09-20,276.1887852004716,277.8936446469318,273.3179497252604,277.00201416015625,611400,1,274.0802429199219,278.35946655273443,283.984358215332,283.18633728027345,276.2401298522949,632620.0,499360.0,471225.0,478670.0,562000.0,273.82748413085943,276.12020874023443,269.0557861328125,274.39572143554693,279.08905029296875,274.49765014648443,275.52057495117185,276.3548583984375,280.00241088867193,282.63869018554686,279.0707946777344,280.02916564941404,281.4222686767578,283.71349182128904,285.6770538330078,284.38940582275393,284.74928283691406,284.86641845703133,285.35095672607423,285.6995376586914,283.30576883951824,283.2223215738932,283.1501393636068,283.29257405598963,283.1673685709636,276.2377479553223,276.2295997619629,276.3931668599446,276.6479082743327,276.76703465779616,565780.0,575020.0,528460.0,455060.0,366100.0,503180.0,510660.0,488730.0,453810.0,401570.0,462280.0,452760.0,440680.0,421675.0,416315.0,476846.66666666674,476113.33333333326,470983.33333333326,467780.0,475890.0,571993.3333333335,583935.0,581975.0,583070.0,580541.6666666665,1
2018-09-21,278.1191084626038,283.64522198907594,277.9917283628112,280.44125366210943,871100,1,275.2893493652344,277.6458801269531,283.855908203125,283.03387858072915,276.32656173706056,659060.0,557060.0,500260.0,488786.66666666674,567908.3333333335,277.00201416015625,273.82748413085943,276.12020874023443,269.0557861328125,274.39572143554693,274.0802429199219,274.49765014648443,275.52057495117185,276.3548583984375,280.00241088867193,278.35946655273443,279.0707946777344,280.02916564941404,281.4222686767578,283.71349182128904,283.984358215332,284.38940582275393,284.74928283691406,284.86641845703133,285.35095672607423,283.18633728027345,283.30576883951824,283.2223215738932,283.1501393636068,283.29257405598963,276.2401298522949,276.2377479553223,276.2295997619629,276.3931668599446,276.6479082743327,632620.0,565780.0,575020.0,528460.0,455060.0,499360.0,503180.0,510660.0,488730.0,453810.0,471225.0,462280.0,452760.0,440680.0,421675.0,478670.0,476846.66666666674,476113.33333333326,470983.33333333326,467780.0,562000.0,571993.3333333335,583935.0,581975.0,583070.0,1
2018-09-24,279.7259083972418,284.14486045063666,276.7179148410018,283.1552429199219,587500,1,278.10924072265624,277.2320495605469,283.4450958251953,282.97645161946616,276.44812240600584,634580.0,581520.0,495590.0,493196.66666666674,572285.0,280.44125366210943,277.00201416015625,273.82748413085943,276.12020874023443,269.0557861328125,275.2893493652344,274.0802429199219,274.49765014648443,275.52057495117185,276.3548583984375,277.6458801269531,278.35946655273443,279.0707946777344,280.02916564941404,281.4222686767578,283.855908203125,283.984358215332,284.38940582275393,284.74928283691406,284.86641845703133,283.03387858072915,283.18633728027345,283.30576883951824,283.2223215738932,283.1501393636068,276.32656173706056,276.2401298522949,276.2377479553223,276.2295997619629,276.3931668599446,659060.0,632620.0,565780.0,575020.0,528460.0,557060.0,499360.0,503180.0,510660.0,488730.0,500260.0,471225.0,462280.0,452760.0,440680.0,488786.66666666674,478670.0,476846.66666666674,476113.33333333326,470983.33333333326,567908.3333333335,562000.0,571993.3333333335,583935.0,581975.0,1
2018-09-25,283.7235455812733,287.5741911173376,283.65495171539766,284.9189147949219,662300,0,279.86898193359383,277.6947784423828,283.12539978027337,283.06615295410154,276.5977729797363,639580.0,607300.0,506060.0,504123.33333333326,578018.3333333335,283.1552429199219,280.44125366210943,277.00201416015625,273.82748413085943,276.12020874023443,278.10924072265624,275.2893493652344,274.0802429199219,274.49765014648443,275.52057495117185,277.2320495605469,277.6458801269531,278.35946655273443,279.0707946777344,280.02916564941404,283.4450958251953,283.855908203125,283.984358215332,284.38940582275393,284.74928283691406,282.97645161946616,283.03387858072915,283.18633728027345,283.30576883951824,283.2223215738932,276.44812240600584,276.32656173706056,276.2401298522949,276.2377479553223,276.2295997619629,634580.0,659060.0,632620.0,565780.0,575020.0,581520.0,557060.0,499360.0,503180.0,510660.0,495590.0,500260.0,471225.0,462280.0,452760.0,493196.66666666674,488786.66666666674,478670.0,476846.66666666674,476113.33333333326,572285.0,567908.3333333335,562000.0,571993.3333333335,583935.0,1
2018-09-26,285.0266742542062,286.5649828673582,280.4509790818664,283.3414001464844,413400,1,281.77176513671867,278.13470764160155,282.6515319824219,283.13880208333336,276.7402010599772,629140.0,597460.0,505770.0,485836.66666666674,576640.0,284.9189147949219,283.1552429199219,280.44125366210943,277.00201416015625,273.82748413085943,279.86898193359383,278.10924072265624,275.2893493652344,274.0802429199219,274.49765014648443,277.6947784423828,277.2320495605469,277.6458801269531,278.35946655273443,279.0707946777344,283.12539978027337,283.4450958251953,283.855908203125,283.984358215332,284.38940582275393,283.06615295410154,282.97645161946616,283.03387858072915,283.18633728027345,283.30576883951824,276.5977729797363,276.44812240600584,276.32656173706056,276.2401298522949,276.2377479553223,639580.0,634580.0,659060.0,632620.0,565780.0,607300.0,581520.0,557060.0,499360.0,503180.0,506060.0,495590.0,500260.0,471225.0,462280.0,504123.33333333326,493196.66666666674,488786.66666666674,478670.0,476846.66666666674,578018.3333333335,572285.0,567908.3333333335,562000.0,571993.3333333335,1
2018-09-27,285.78114721245333,287.99549710256696,284.1154585354068,287.52520751953125,514500,1,283.87640380859375,278.9783233642578,282.3276885986328,283.4591328938802,276.9665397644043,609760.0,621190.0,511380.0,484606.66666666674,581840.0,283.3414001464844,284.9189147949219,283.1552429199219,280.44125366210943,277.00201416015625,281.77176513671867,279.86898193359383,278.10924072265624,275.2893493652344,274.0802429199219,278.13470764160155,277.6947784423828,277.2320495605469,277.6458801269531,278.35946655273443,282.6515319824219,283.12539978027337,283.4450958251953,283.855908203125,283.984358215332,283.13880208333336,283.06615295410154,282.97645161946616,283.03387858072915,283.18633728027345,276.7402010599772,276.5977729797363,276.44812240600584,276.32656173706056,276.2401298522949,629140.0,639580.0,634580.0,659060.0,632620.0,597460.0,607300.0,581520.0,557060.0,499360.0,505770.0,506060.0,495590.0,500260.0,471225.0,485836.66666666674,504123.33333333326,493196.66666666674,488786.66666666674,478670.0,576640.0,578018.3333333335,572285.0,567908.3333333335,562000.0,1
2018-09-28,287.290067192771,291.5522464574208,286.96674306575727,288.84796142578125,409000,0,285.5577453613281,280.42354736328133,282.0685195922852,283.7084869384765,277.2538780212402,517340.0,588200.0,521005.0,477183.33333333326,579748.3333333335,287.52520751953125,283.3414001464844,284.9189147949219,283.1552429199219,280.44125366210943,283.87640380859375,281.77176513671867,279.86898193359383,278.10924072265624,275.2893493652344,278.9783233642578,278.13470764160155,277.6947784423828,277.2320495605469,277.6458801269531,282.3276885986328,282.6515319824219,283.12539978027337,283.4450958251953,283.855908203125,283.4591328938802,283.13880208333336,283.06615295410154,282.97645161946616,283.03387858072915,276.9665397644043,276.7402010599772,276.5977729797363,276.44812240600584,276.32656173706056,609760.0,629140.0,639580.0,634580.0,659060.0,621190.0,597460.0,607300.0,581520.0,557060.0,511380.0,505770.0,506060.0,495590.0,500260.0,484606.66666666674,485836.66666666674,504123.33333333326,493196.66666666674,488786.66666666674,581840.0,576640.0,578018.3333333335,572285.0,567908.3333333335,1
2018-10-01,290.86638239358814,290.86638239358814,279.0107053087686,279.75534057617193,476500,0,284.8777648925781,281.4935028076172,281.4578857421875,283.7421132405599,277.3666913350424,495140.0,564860.0,526795.0,482073.33333333326,579656.6666666665,288.84796142578125,287.52520751953125,283.3414001464844,284.9189147949219,283.1552429199219,285.5577453613281,283.87640380859375,281.77176513671867,279.86898193359383,278.10924072265624,280.42354736328133,278.9783233642578,278.13470764160155,277.6947784423828,277.2320495605469,282.0685195922852,282.3276885986328,282.6515319824219,283.12539978027337,283.4450958251953,283.7084869384765,283.4591328938802,283.13880208333336,283.06615295410154,282.97645161946616,277.2538780212402,276.9665397644043,276.7402010599772,276.5977729797363,276.44812240600584,517340.0,609760.0,629140.0,639580.0,634580.0,588200.0,621190.0,597460.0,607300.0,581520.0,521005.0,511380.0,505770.0,506060.0,495590.0,477183.33333333326,484606.66666666674,485836.66666666674,504123.33333333326,493196.66666666674,579748.3333333335,581840.0,576640.0,578018.3333333335,572285.0,1
2018-10-02,281.06826589399435,281.06826589399435,275.45397405756324,276.58074951171875,290800,1,283.2101318359375,281.5395568847656,280.7843612670898,283.6793741861979,277.44093805948893,420840.0,530210.0,520435.0,478576.66666666674,575683.3333333335,279.75534057617193,288.84796142578125,287.52520751953125,283.3414001464844,284.9189147949219,284.8777648925781,285.5577453613281,283.87640380859375,281.77176513671867,279.86898193359383,281.4935028076172,280.42354736328133,278.9783233642578,278.13470764160155,277.6947784423828,281.4578857421875,282.0685195922852,282.3276885986328,282.6515319824219,283.12539978027337,283.7421132405599,283.7084869384765,283.4591328938802,283.13880208333336,283.06615295410154,277.3666913350424,277.2538780212402,276.9665397644043,276.7402010599772,276.5977729797363,495140.0,517340.0,609760.0,629140.0,639580.0,564860.0,588200.0,621190.0,597460.0,607300.0,526795.0,521005.0,511380.0,505770.0,506060.0,482073.33333333326,477183.33333333326,484606.66666666674,485836.66666666674,504123.33333333326,579656.6666666665,579748.3333333335,581840.0,576640.0,578018.3333333335,1
2018-10-03,278.26599675958806,281.3915925660086,276.2181977659718,280.22561645507807,344500,0,282.58697509765625,282.1793701171875,280.6250823974609,283.65272725423176,277.6717684427897,407060.0,518100.0,510640.0,480886.66666666674,570611.6666666665,276.58074951171875,279.75534057617193,288.84796142578125,287.52520751953125,283.3414001464844,283.2101318359375,284.8777648925781,285.5577453613281,283.87640380859375,281.77176513671867,281.5395568847656,281.4935028076172,280.42354736328133,278.9783233642578,278.13470764160155,280.7843612670898,281.4578857421875,282.0685195922852,282.3276885986328,282.6515319824219,283.6793741861979,283.7421132405599,283.7084869384765,283.4591328938802,283.13880208333336,277.44093805948893,277.3666913350424,277.2538780212402,276.9665397644043,276.7402010599772,420840.0,495140.0,517340.0,609760.0,629140.0,530210.0,564860.0,588200.0,621190.0,597460.0,520435.0,526795.0,521005.0,511380.0,505770.0,478576.66666666674,482073.33333333326,477183.33333333326,484606.66666666674,485836.66666666674,575683.3333333335,579656.6666666665,579748.3333333335,581840.0,576640.0,1
2018-10-04,277.8838707939074,281.52876481019405,274.6211169904903,276.08102416992193,389600,1,280.2981384277344,282.08727111816404,280.2233688354492,283.3519958496093,277.7150301615397,382080.0,495920.0,497640.0,479456.66666666674,564038.3333333335,280.22561645507807,276.58074951171875,279.75534057617193,288.84796142578125,287.52520751953125,282.58697509765625,283.2101318359375,284.8777648925781,285.5577453613281,283.87640380859375,282.1793701171875,281.5395568847656,281.4935028076172,280.42354736328133,278.9783233642578,280.6250823974609,280.7843612670898,281.4578857421875,282.0685195922852,282.3276885986328,283.65272725423176,283.6793741861979,283.7421132405599,283.7084869384765,283.4591328938802,277.6717684427897,277.44093805948893,277.3666913350424,277.2538780212402,276.9665397644043,407060.0,420840.0,495140.0,517340.0,609760.0,518100.0,530210.0,564860.0,588200.0,621190.0,510640.0,520435.0,526795.0,521005.0,511380.0,480886.66666666674,478576.66666666674,482073.33333333326,477183.33333333326,484606.66666666674,570611.6666666665,575683.3333333335,579656.6666666665,579748.3333333335,581840.0,1
2018-10-05,277.00208511552563,279.76515657553716,273.48457069718285,277.19805908203125,338100,0,277.9681579589844,281.76295166015626,279.7044158935547,283.1582560221354,277.7871782938639,367900.0,442620.0,499840.0,481046.66666666674,563916.6666666665,276.08102416992193,280.22561645507807,276.58074951171875,279.75534057617193,288.84796142578125,280.2981384277344,282.58697509765625,283.2101318359375,284.8777648925781,285.5577453613281,282.08727111816404,282.1793701171875,281.5395568847656,281.4935028076172,280.42354736328133,280.2233688354492,280.6250823974609,280.7843612670898,281.4578857421875,282.0685195922852,283.3519958496093,283.65272725423176,283.6793741861979,283.7421132405599,283.7084869384765,277.7150301615397,277.6717684427897,277.44093805948893,277.3666913350424,277.2538780212402,382080.0,407060.0,420840.0,495140.0,517340.0,495920.0,518100.0,530210.0,564860.0,588200.0,497640.0,510640.0,520435.0,526795.0,521005.0,479456.66666666674,480886.66666666674,478576.66666666674,482073.33333333326,477183.33333333326,564038.3333333335,570611.6666666665,575683.3333333335,579656.6666666665,579748.3333333335,1
2018-10-08,274.64072590405215,276.59056810056416,269.92784228429036,274.58193969726557,343500,1,276.9334777832031,280.90562133789064,279.06883544921874,282.59860432942713,277.77709579467773,341300.0,418220.0,499870.0,469800.0,562038.3333333335,277.19805908203125,276.08102416992193,280.22561645507807,276.58074951171875,279.75534057617193,277.9681579589844,280.2981384277344,282.58697509765625,283.2101318359375,284.8777648925781,281.76295166015626,282.08727111816404,282.1793701171875,281.5395568847656,281.4935028076172,279.7044158935547,280.2233688354492,280.6250823974609,280.7843612670898,281.4578857421875,283.1582560221354,283.3519958496093,283.65272725423176,283.6793741861979,283.7421132405599,277.7871782938639,277.7150301615397,277.6717684427897,277.44093805948893,277.3666913350424,367900.0,382080.0,407060.0,420840.0,495140.0,442620.0,495920.0,518100.0,530210.0,564860.0,499840.0,497640.0,510640.0,520435.0,526795.0,481046.66666666674,479456.66666666674,480886.66666666674,478576.66666666674,482073.33333333326,563916.6666666665,564038.3333333335,570611.6666666665,575683.3333333335,579656.6666666665,1
2018-10-09,276.14963113086367,282.81235669338236,271.96585343295084,278.4423828125,366800,0,277.30580444335936,280.2579681396484,278.97637329101565,282.16958923339837,277.8673749287924,356500.0,388670.0,497985.0,466930.0,562251.6666666665,274.58193969726557,277.19805908203125,276.08102416992193,280.22561645507807,276.58074951171875,276.9334777832031,277.9681579589844,280.2981384277344,282.58697509765625,283.2101318359375,280.90562133789064,281.76295166015626,282.08727111816404,282.1793701171875,281.5395568847656,279.06883544921874,279.7044158935547,280.2233688354492,280.6250823974609,280.7843612670898,282.59860432942713,283.1582560221354,283.3519958496093,283.65272725423176,283.6793741861979,277.77709579467773,277.7871782938639,277.7150301615397,277.6717684427897,277.44093805948893,341300.0,367900.0,382080.0,407060.0,420840.0,418220.0,442620.0,495920.0,518100.0,530210.0,499870.0,499840.0,497640.0,510640.0,520435.0,469800.0,481046.66666666674,479456.66666666674,480886.66666666674,478576.66666666674,562038.3333333335,563916.6666666665,564038.3333333335,570611.6666666665,575683.3333333335,1
2018-10-10,278.4423421575547,279.99045838840766,268.732423438485,269.36932373046875,613400,0,275.1345458984375,278.8607604980469,278.49773406982416,281.3879414876302,277.75998458862307,410280.0,408670.0,503065.0,473403.33333333326,558400.0,278.4423828125,274.58193969726557,277.19805908203125,276.08102416992193,280.22561645507807,277.30580444335936,276.9334777832031,277.9681579589844,280.2981384277344,282.58697509765625,280.2579681396484,280.90562133789064,281.76295166015626,282.08727111816404,282.1793701171875,278.97637329101565,279.06883544921874,279.7044158935547,280.2233688354492,280.6250823974609,282.16958923339837,282.59860432942713,283.1582560221354,283.3519958496093,283.65272725423176,277.8673749287924,277.77709579467773,277.7871782938639,277.7150301615397,277.6717684427897,356500.0,341300.0,367900.0,382080.0,407060.0,388670.0,418220.0,442620.0,495920.0,518100.0,497985.0,499870.0,499840.0,497640.0,510640.0,466930.0,469800.0,481046.66666666674,479456.66666666674,480886.66666666674,562251.6666666665,562038.3333333335,563916.6666666665,564038.3333333335,570611.6666666665,1
2018-10-11,268.03683345062734,272.4459786520176,262.0208153245848,265.41094970703125,679300,1,273.0005310058594,276.6493347167969,277.81382904052737,280.4349039713542,277.5598915100098,468220.0,425150.0,523170.0,482636.66666666674,551725.0,269.36932373046875,278.4423828125,274.58193969726557,277.19805908203125,276.08102416992193,275.1345458984375,277.30580444335936,276.9334777832031,277.9681579589844,280.2981384277344,278.8607604980469,280.2579681396484,280.90562133789064,281.76295166015626,282.08727111816404,278.49773406982416,278.97637329101565,279.06883544921874,279.7044158935547,280.2233688354492,281.3879414876302,282.16958923339837,282.59860432942713,283.1582560221354,283.3519958496093,277.75998458862307,277.8673749287924,277.77709579467773,277.7871782938639,277.7150301615397,410280.0,356500.0,341300.0,367900.0,382080.0,408670.0,388670.0,418220.0,442620.0,495920.0,503065.0,497985.0,499870.0,499840.0,497640.0,473403.33333333326,466930.0,469800.0,481046.66666666674,479456.66666666674,558400.0,562251.6666666665,562038.3333333335,563916.6666666665,564038.3333333335,1
2018-10-12,269.89840077860595,275.27757694631856,267.0569583215931,271.74044799804693,583400,0,271.9090087890625,274.93858337402344,277.6810653686524,279.691874186198,277.5782396952311,517280.0,442590.0,515395.0,494866.66666666674,528611.6666666665,265.41094970703125,269.36932373046875,278.4423828125,274.58193969726557,277.19805908203125,273.0005310058594,275.1345458984375,277.30580444335936,276.9334777832031,277.9681579589844,276.6493347167969,278.8607604980469,280.2579681396484,280.90562133789064,281.76295166015626,277.81382904052737,278.49773406982416,278.97637329101565,279.06883544921874,279.7044158935547,280.4349039713542,281.3879414876302,282.16958923339837,282.59860432942713,283.1582560221354,277.5598915100098,277.75998458862307,277.8673749287924,277.77709579467773,277.7871782938639,468220.0,410280.0,356500.0,341300.0,367900.0,425150.0,408670.0,388670.0,418220.0,442620.0,523170.0,503065.0,497985.0,499870.0,499840.0,482636.66666666674,473403.33333333326,466930.0,469800.0,481046.66666666674,551725.0,558400.0,562251.6666666665,562038.3333333335,563916.6666666665,1
2018-10-15,272.2891701077268,274.2095891737317,266.78264315530635,267.4293212890625,961000,0,270.47848510742193,273.7059814453125,277.59974212646483,278.87391764322916,277.5178901672363,640780.0,491040.0,527950.0,514876.66666666674,534851.6666666665,271.74044799804693,265.41094970703125,269.36932373046875,278.4423828125,274.58193969726557,271.9090087890625,273.0005310058594,275.1345458984375,277.30580444335936,276.9334777832031,274.93858337402344,276.6493347167969,278.8607604980469,280.2579681396484,280.90562133789064,277.6810653686524,277.81382904052737,278.49773406982416,278.97637329101565,279.06883544921874,279.691874186198,280.4349039713542,281.3879414876302,282.16958923339837,282.59860432942713,277.5782396952311,277.5598915100098,277.75998458862307,277.8673749287924,277.77709579467773,517280.0,468220.0,410280.0,356500.0,341300.0,442590.0,425150.0,408670.0,388670.0,418220.0,515395.0,523170.0,503065.0,497985.0,499870.0,494866.66666666674,482636.66666666674,473403.33333333326,466930.0,469800.0,528611.6666666665,551725.0,558400.0,562251.6666666665,562038.3333333335,1
2018-10-16,259.4536466459676,262.24611080989547,252.0071154107265,254.38804626464844,2390800,1,265.6676177978516,271.4867111206055,276.51313400268555,277.68514455159504,277.32852528889975,1045580.0,701040.0,615625.0,580636.6666666665,563191.6666666665,267.4293212890625,271.74044799804693,265.41094970703125,269.36932373046875,278.4423828125,270.47848510742193,271.9090087890625,273.0005310058594,275.1345458984375,277.30580444335936,273.7059814453125,274.93858337402344,276.6493347167969,278.8607604980469,280.2579681396484,277.59974212646483,277.6810653686524,277.81382904052737,278.49773406982416,278.97637329101565,278.87391764322916,279.691874186198,280.4349039713542,281.3879414876302,282.16958923339837,277.5178901672363,277.5782396952311,277.5598915100098,277.75998458862307,277.8673749287924,640780.0,517280.0,468220.0,410280.0,356500.0,491040.0,442590.0,425150.0,408670.0,388670.0,527950.0,515395.0,523170.0,503065.0,497985.0,514876.66666666674,494866.66666666674,482636.66666666674,473403.33333333326,466930.0,534851.6666666665,528611.6666666665,551725.0,558400.0,562251.6666666665,1
2018-10-17,256.0635399211232,262.98099607793233,249.92993474866924,262.28533935546875,963100,0,264.2508209228516,269.6926834106445,275.936026763916,276.98094940185547,277.4122543334961,1115520.0,762900.0,640500.0,594726.6666666665,564021.6666666665,254.38804626464844,267.4293212890625,271.74044799804693,265.41094970703125,269.36932373046875,265.6676177978516,270.47848510742193,271.9090087890625,273.0005310058594,275.1345458984375,271.4867111206055,273.7059814453125,274.93858337402344,276.6493347167969,278.8607604980469,276.51313400268555,277.59974212646483,277.6810653686524,277.81382904052737,278.49773406982416,277.68514455159504,278.87391764322916,279.691874186198,280.4349039713542,281.3879414876302,277.32852528889975,277.5178901672363,277.5782396952311,277.5598915100098,277.75998458862307,1045580.0,640780.0,517280.0,468220.0,410280.0,701040.0,491040.0,442590.0,425150.0,408670.0,615625.0,527950.0,515395.0,523170.0,503065.0,580636.6666666665,514876.66666666674,494866.66666666674,482636.66666666674,473403.33333333326,563191.6666666665,534851.6666666665,528611.6666666665,551725.0,558400.0,1
2018-10-18,260.8646127802436,263.25535164520505,254.99556026986718,261.00180053710943,823400,1,263.3689910888672,268.18476104736334,275.13601608276366,276.2104995727539,277.4887705485026,1144340.0,806280.0,651100.0,600520.0,567210.0,262.28533935546875,254.38804626464844,267.4293212890625,271.74044799804693,265.41094970703125,264.2508209228516,265.6676177978516,270.47848510742193,271.9090087890625,273.0005310058594,269.6926834106445,271.4867111206055,273.7059814453125,274.93858337402344,276.6493347167969,275.936026763916,276.51313400268555,277.59974212646483,277.6810653686524,277.81382904052737,276.98094940185547,277.68514455159504,278.87391764322916,279.691874186198,280.4349039713542,277.4122543334961,277.32852528889975,277.5178901672363,277.5782396952311,277.5598915100098,1115520.0,1045580.0,640780.0,517280.0,468220.0,762900.0,701040.0,491040.0,442590.0,425150.0,640500.0,615625.0,527950.0,515395.0,523170.0,594726.6666666665,580636.6666666665,514876.66666666674,494866.66666666674,482636.66666666674,564021.6666666665,563191.6666666665,534851.6666666665,528611.6666666665,551725.0,1
2018-10-19,260.56091553160616,265.5089749107215,257.4843270969616,262.3441772460937,798300,0,261.48973693847654,266.69937286376955,274.2311622619629,275.369401550293,277.6235178629557,1187320.0,852300.0,647460.0,617326.6666666665,572100.0,261.00180053710943,262.28533935546875,254.38804626464844,267.4293212890625,271.74044799804693,263.3689910888672,264.2508209228516,265.6676177978516,270.47848510742193,271.9090087890625,268.18476104736334,269.6926834106445,271.4867111206055,273.7059814453125,274.93858337402344,275.13601608276366,275.936026763916,276.51313400268555,277.59974212646483,277.6810653686524,276.2104995727539,276.98094940185547,277.68514455159504,278.87391764322916,279.691874186198,277.4887705485026,277.4122543334961,277.32852528889975,277.5178901672363,277.5782396952311,1144340.0,1115520.0,1045580.0,640780.0,517280.0,806280.0,762900.0,701040.0,491040.0,442590.0,651100.0,640500.0,615625.0,527950.0,515395.0,600520.0,594726.6666666665,580636.6666666665,514876.66666666674,494866.66666666674,567210.0,564021.6666666665,563191.6666666665,534851.6666666665,528611.6666666665,1
2018-10-22,262.7752961199574,266.5083705357143,261.93264381142967,262.3441772460937,943300,0,260.4727081298828,265.4755966186524,273.1906089782715,274.53775583903,277.7468551635742,1183780.0,912280.0,665250.0,637340.0,576251.6666666665,262.3441772460937,261.00180053710943,262.28533935546875,254.38804626464844,267.4293212890625,261.48973693847654,263.3689910888672,264.2508209228516,265.6676177978516,270.47848510742193,266.69937286376955,268.18476104736334,269.6926834106445,271.4867111206055,273.7059814453125,274.2311622619629,275.13601608276366,275.936026763916,276.51313400268555,277.59974212646483,275.369401550293,276.2104995727539,276.98094940185547,277.68514455159504,278.87391764322916,277.6235178629557,277.4887705485026,277.4122543334961,277.32852528889975,277.5178901672363,1187320.0,1144340.0,1115520.0,1045580.0,640780.0,852300.0,806280.0,762900.0,701040.0,491040.0,647460.0,651100.0,640500.0,615625.0,527950.0,617326.6666666665,600520.0,594726.6666666665,580636.6666666665,514876.66666666674,572100.0,567210.0,564021.6666666665,563191.6666666665,534851.6666666665,1
2018-10-23,259.64967355078244,261.11938868408873,256.7396363907787,260.453125,592800,0,261.68572387695315,263.6766708374024,271.9673194885254,273.87647247314453,277.9085965474447,824180.0,934880.0,661775.0,643616.6666666665,574426.6666666665,262.3441772460937,262.3441772460937,261.00180053710943,262.28533935546875,254.38804626464844,260.4727081298828,261.48973693847654,263.3689910888672,264.2508209228516,265.6676177978516,265.4755966186524,266.69937286376955,268.18476104736334,269.6926834106445,271.4867111206055,273.1906089782715,274.2311622619629,275.13601608276366,275.936026763916,276.51313400268555,274.53775583903,275.369401550293,276.2104995727539,276.98094940185547,277.68514455159504,277.7468551635742,277.6235178629557,277.4887705485026,277.4122543334961,277.32852528889975,1183780.0,1187320.0,1144340.0,1115520.0,1045580.0,912280.0,852300.0,806280.0,762900.0,701040.0,665250.0,647460.0,651100.0,640500.0,615625.0,637340.0,617326.6666666665,600520.0,594726.6666666665,580636.6666666665,576251.6666666665,572100.0,567210.0,564021.6666666665,563191.6666666665,1
2018-10-24,260.3257082910105,260.4432807009103,249.75355054660199,250.33164978027344,552900,1,259.29498596191405,261.7729034423828,270.3168319702148,272.9227905273437,277.79977976481115,742140.0,928830.0,668750.0,644986.6666666665,572261.6666666665,260.453125,262.3441772460937,262.3441772460937,261.00180053710943,262.28533935546875,261.68572387695315,260.4727081298828,261.48973693847654,263.3689910888672,264.2508209228516,263.6766708374024,265.4755966186524,266.69937286376955,268.18476104736334,269.6926834106445,271.9673194885254,273.1906089782715,274.2311622619629,275.13601608276366,275.936026763916,273.87647247314453,274.53775583903,275.369401550293,276.2104995727539,276.98094940185547,277.9085965474447,277.7468551635742,277.6235178629557,277.4887705485026,277.4122543334961,824180.0,1183780.0,1187320.0,1144340.0,1115520.0,934880.0,912280.0,852300.0,806280.0,762900.0,661775.0,665250.0,647460.0,651100.0,640500.0,643616.6666666665,637340.0,617326.6666666665,600520.0,594726.6666666665,574426.6666666665,576251.6666666665,572100.0,567210.0,564021.6666666665,0
2018-10-25,251.5955608808173,257.75857293521386,249.3419953360492,256.4848022460937,538900,0,258.3915863037109,260.8802886962891,268.76481170654296,272.1693155924479,277.6683420817057,685240.0,914790.0,669970.0,653710.0,564800.0,250.33164978027344,260.453125,262.3441772460937,262.3441772460937,261.00180053710943,259.29498596191405,261.68572387695315,260.4727081298828,261.48973693847654,263.3689910888672,261.7729034423828,263.6766708374024,265.4755966186524,266.69937286376955,268.18476104736334,270.3168319702148,271.9673194885254,273.1906089782715,274.2311622619629,275.13601608276366,272.9227905273437,273.87647247314453,274.53775583903,275.369401550293,276.2104995727539,277.79977976481115,277.9085965474447,277.7468551635742,277.6235178629557,277.4887705485026,742140.0,824180.0,1183780.0,1187320.0,1144340.0,928830.0,934880.0,912280.0,852300.0,806280.0,668750.0,661775.0,665250.0,647460.0,651100.0,644986.6666666665,643616.6666666665,637340.0,617326.6666666665,600520.0,572261.6666666665,574426.6666666665,576251.6666666665,572100.0,567210.0,0
2018-10-26,252.75174003116427,257.40583680941256,247.911491940384,255.96551513671875,550100,0,257.115853881836,259.30279541015625,267.12068939208984,271.554975382487,277.42377471923834,635600.0,911460.0,677025.0,647416.6666666665,557598.3333333335,256.4848022460937,250.33164978027344,260.453125,262.3441772460937,262.3441772460937,258.3915863037109,259.29498596191405,261.68572387695315,260.4727081298828,261.48973693847654,260.8802886962891,261.7729034423828,263.6766708374024,265.4755966186524,266.69937286376955,268.76481170654296,270.3168319702148,271.9673194885254,273.1906089782715,274.2311622619629,272.1693155924479,272.9227905273437,273.87647247314453,274.53775583903,275.369401550293,277.6683420817057,277.79977976481115,277.9085965474447,277.7468551635742,277.6235178629557,685240.0,742140.0,824180.0,1183780.0,1187320.0,914790.0,928830.0,934880.0,912280.0,852300.0,669970.0,668750.0,661775.0,665250.0,647460.0,653710.0,644986.6666666665,643616.6666666665,637340.0,617326.6666666665,564800.0,572261.6666666665,574426.6666666665,576251.6666666665,572100.0,0
2018-10-29,259.07157091555064,262.8536232391769,249.27347071785087,251.31146240234366,572400,1,254.909310913086,257.69100952148443,265.69849548339846,270.9634979248047,277.0568186442057,561420.0,872600.0,681820.0,642833.3333333335,556908.3333333335,255.96551513671875,256.4848022460937,250.33164978027344,260.453125,262.3441772460937,257.115853881836,258.3915863037109,259.29498596191405,261.68572387695315,260.4727081298828,259.30279541015625,260.8802886962891,261.7729034423828,263.6766708374024,265.4755966186524,267.12068939208984,268.76481170654296,270.3168319702148,271.9673194885254,273.1906089782715,271.554975382487,272.1693155924479,272.9227905273437,273.87647247314453,274.53775583903,277.42377471923834,277.6683420817057,277.79977976481115,277.9085965474447,277.7468551635742,635600.0,685240.0,742140.0,824180.0,1183780.0,911460.0,914790.0,928830.0,934880.0,912280.0,677025.0,669970.0,668750.0,661775.0,665250.0,647416.6666666665,653710.0,644986.6666666665,643616.6666666665,637340.0,557598.3333333335,564800.0,572261.6666666665,574426.6666666665,576251.6666666665,0
2018-10-30,249.85155078191045,261.40351909046217,248.57779478778141,260.85482788085943,811100,1,254.98965148925785,258.33768768310546,264.91219940185545,270.45465189615885,276.83848673502604,605080.0,714630.0,707835.0,648626.6666666665,562370.0,251.31146240234366,255.96551513671875,256.4848022460937,250.33164978027344,260.453125,254.909310913086,257.115853881836,258.3915863037109,259.29498596191405,261.68572387695315,257.69100952148443,259.30279541015625,260.8802886962891,261.7729034423828,263.6766708374024,265.69849548339846,267.12068939208984,268.76481170654296,270.3168319702148,271.9673194885254,270.9634979248047,271.554975382487,272.1693155924479,272.9227905273437,273.87647247314453,277.0568186442057,277.42377471923834,277.6683420817057,277.79977976481115,277.9085965474447,561420.0,635600.0,685240.0,742140.0,824180.0,872600.0,911460.0,914790.0,928830.0,934880.0,681820.0,677025.0,669970.0,668750.0,661775.0,642833.3333333335,647416.6666666665,653710.0,644986.6666666665,643616.6666666665,556908.3333333335,557598.3333333335,564800.0,572261.6666666665,574426.6666666665,0
2018-10-31,264.5486903464476,267.74288039834653,260.4432842041423,263.36312866210943,698100,0,257.595947265625,258.44546661376955,264.069075012207,270.1058400472005,276.7058044433594,634120.0,688130.0,725515.0,656376.6666666665,566611.6666666665,260.85482788085943,251.31146240234366,255.96551513671875,256.4848022460937,250.33164978027344,254.98965148925785,254.909310913086,257.115853881836,258.3915863037109,259.29498596191405,258.33768768310546,257.69100952148443,259.30279541015625,260.8802886962891,261.7729034423828,264.91219940185545,265.69849548339846,267.12068939208984,268.76481170654296,270.3168319702148,270.45465189615885,270.9634979248047,271.554975382487,272.1693155924479,272.9227905273437,276.83848673502604,277.0568186442057,277.42377471923834,277.6683420817057,277.79977976481115,605080.0,561420.0,635600.0,685240.0,742140.0,714630.0,872600.0,911460.0,914790.0,928830.0,707835.0,681820.0,677025.0,669970.0,668750.0,648626.6666666665,642833.3333333335,647416.6666666665,653710.0,644986.6666666665,562370.0,556908.3333333335,557598.3333333335,564800.0,572261.6666666665,0
2018-11-01,262.44208148081105,264.3918935671846,256.2104751156307,260.67840576171875,506800,0,258.43466796875,258.41312713623046,263.2989440917969,269.56171976725255,276.374028523763,627700.0,656470.0,731375.0,652890.0,565780.0,263.36312866210943,260.85482788085943,251.31146240234366,255.96551513671875,256.4848022460937,257.595947265625,254.98965148925785,254.909310913086,257.115853881836,258.3915863037109,258.44546661376955,258.33768768310546,257.69100952148443,259.30279541015625,260.8802886962891,264.069075012207,264.91219940185545,265.69849548339846,267.12068939208984,268.76481170654296,270.1058400472005,270.45465189615885,270.9634979248047,271.554975382487,272.1693155924479,276.7058044433594,276.83848673502604,277.0568186442057,277.42377471923834,277.6683420817057,634120.0,605080.0,561420.0,635600.0,685240.0,688130.0,714630.0,872600.0,911460.0,914790.0,725515.0,707835.0,681820.0,677025.0,669970.0,656376.6666666665,648626.6666666665,642833.3333333335,647416.6666666665,653710.0,566611.6666666665,562370.0,556908.3333333335,557598.3333333335,564800.0,0
2018-11-02,262.35395785306616,266.5867146939689,256.05375628322963,259.943603515625,538500,0,259.23028564453125,258.1730697631836,262.43622131347655,268.8784647623698,275.9561716715495,625380.0,630490.0,741395.0,641803.3333333335,565295.0,260.67840576171875,263.36312866210943,260.85482788085943,251.31146240234366,255.96551513671875,258.43466796875,257.595947265625,254.98965148925785,254.909310913086,257.115853881836,258.41312713623046,258.44546661376955,258.33768768310546,257.69100952148443,259.30279541015625,263.2989440917969,264.069075012207,264.91219940185545,265.69849548339846,267.12068939208984,269.56171976725255,270.1058400472005,270.45465189615885,270.9634979248047,271.554975382487,276.374028523763,276.7058044433594,276.83848673502604,277.0568186442057,277.42377471923834,627700.0,634120.0,605080.0,561420.0,635600.0,656470.0,688130.0,714630.0,872600.0,911460.0,731375.0,725515.0,707835.0,681820.0,677025.0,652890.0,656376.6666666665,648626.6666666665,642833.3333333335,647416.6666666665,565780.0,566611.6666666665,562370.0,556908.3333333335,557598.3333333335,0
2018-11-05,258.4738616469897,260.65884867437273,254.00593051503085,255.0053558349609,551600,1,259.9690643310547,257.4391876220704,261.4573921203613,267.9401351928711,275.4582934061686,621220.0,591320.0,751800.0,640606.6666666665,566901.6666666665,259.943603515625,260.67840576171875,263.36312866210943,260.85482788085943,251.31146240234366,259.23028564453125,258.43466796875,257.595947265625,254.98965148925785,254.909310913086,258.1730697631836,258.41312713623046,258.44546661376955,258.33768768310546,257.69100952148443,262.43622131347655,263.2989440917969,264.069075012207,264.91219940185545,265.69849548339846,268.8784647623698,269.56171976725255,270.1058400472005,270.45465189615885,270.9634979248047,275.9561716715495,276.374028523763,276.7058044433594,276.83848673502604,277.0568186442057,625380.0,627700.0,634120.0,605080.0,561420.0,630490.0,656470.0,688130.0,714630.0,872600.0,741395.0,731375.0,725515.0,707835.0,681820.0,641803.3333333335,652890.0,656376.6666666665,648626.6666666665,642833.3333333335,565295.0,565780.0,566611.6666666665,562370.0,556908.3333333335,0
2018-11-06,255.0053476158271,263.2063521279044,255.0053476158271,258.2387084960937,561700,1,259.4458404541016,257.2177459716797,260.447208404541,267.05079498291013,275.05847396850584,571340.0,588210.0,761545.0,637253.3333333335,570688.3333333335,255.0053558349609,259.943603515625,260.67840576171875,263.36312866210943,260.85482788085943,259.9690643310547,259.23028564453125,258.43466796875,257.595947265625,254.98965148925785,257.4391876220704,258.1730697631836,258.41312713623046,258.44546661376955,258.33768768310546,261.4573921203613,262.43622131347655,263.2989440917969,264.069075012207,264.91219940185545,267.9401351928711,268.8784647623698,269.56171976725255,270.1058400472005,270.45465189615885,275.4582934061686,275.9561716715495,276.374028523763,276.7058044433594,276.83848673502604,621220.0,625380.0,627700.0,634120.0,605080.0,591320.0,630490.0,656470.0,688130.0,714630.0,751800.0,741395.0,731375.0,725515.0,707835.0,640606.6666666665,641803.3333333335,652890.0,656376.6666666665,648626.6666666665,566901.6666666665,565295.0,565780.0,566611.6666666665,562370.0,0
2018-11-07,259.3066727512443,266.57687504895506,258.25826902760343,265.98898315429693,559300,1,259.97101135253905,258.78347930908205,260.27819137573243,266.47238108317055,274.80559158325195,543580.0,588850.0,758840.0,642116.6666666665,563976.6666666665,258.2387084960937,255.0053558349609,259.943603515625,260.67840576171875,263.36312866210943,259.4458404541016,259.9690643310547,259.23028564453125,258.43466796875,257.595947265625,257.2177459716797,257.4391876220704,258.1730697631836,258.41312713623046,258.44546661376955,260.447208404541,261.4573921203613,262.43622131347655,263.2989440917969,264.069075012207,267.05079498291013,267.9401351928711,268.8784647623698,269.56171976725255,270.1058400472005,275.05847396850584,275.4582934061686,275.9561716715495,276.374028523763,276.7058044433594,571340.0,621220.0,625380.0,627700.0,634120.0,588210.0,591320.0,630490.0,656470.0,688130.0,761545.0,751800.0,741395.0,731375.0,725515.0,637253.3333333335,640606.6666666665,641803.3333333335,652890.0,656376.6666666665,570688.3333333335,566901.6666666665,565295.0,565780.0,566611.6666666665,0
2018-11-08,264.127334363778,270.9174090860491,264.127334363778,267.63504028320307,487700,1,261.3623382568359,259.898503112793,260.389395904541,265.8093755086263,274.63425420125327,539760.0,583730.0,749260.0,641223.3333333335,562915.0,265.98898315429693,258.2387084960937,255.0053558349609,259.943603515625,260.67840576171875,259.97101135253905,259.4458404541016,259.9690643310547,259.23028564453125,258.43466796875,258.78347930908205,257.2177459716797,257.4391876220704,258.1730697631836,258.41312713623046,260.27819137573243,260.447208404541,261.4573921203613,262.43622131347655,263.2989440917969,266.47238108317055,267.05079498291013,267.9401351928711,268.8784647623698,269.56171976725255,274.80559158325195,275.05847396850584,275.4582934061686,275.9561716715495,276.374028523763,543580.0,571340.0,621220.0,625380.0,627700.0,588850.0,588210.0,591320.0,630490.0,656470.0,758840.0,761545.0,751800.0,741395.0,731375.0,642116.6666666665,637253.3333333335,640606.6666666665,641803.3333333335,652890.0,563976.6666666665,570688.3333333335,566901.6666666665,565295.0,565780.0,0
2018-11-09,267.66446131113065,269.3987439710783,264.5094722370092,268.81085205078125,402600,0,263.1357879638672,261.18303680419916,260.24291610717773,265.14147186279297,274.42497940063475,512580.0,568980.0,740220.0,641010.0,559096.6666666665,267.63504028320307,265.98898315429693,258.2387084960937,255.0053558349609,259.943603515625,261.3623382568359,259.97101135253905,259.4458404541016,259.9690643310547,259.23028564453125,259.898503112793,258.78347930908205,257.2177459716797,257.4391876220704,258.1730697631836,260.389395904541,260.27819137573243,260.447208404541,261.4573921203613,262.43622131347655,265.8093755086263,266.47238108317055,267.05079498291013,267.9401351928711,268.8784647623698,274.63425420125327,274.80559158325195,275.05847396850584,275.4582934061686,275.9561716715495,539760.0,543580.0,571340.0,621220.0,625380.0,583730.0,588850.0,588210.0,591320.0,630490.0,749260.0,758840.0,761545.0,751800.0,741395.0,641223.3333333335,642116.6666666665,637253.3333333335,640606.6666666665,641803.3333333335,562915.0,563976.6666666665,570688.3333333335,566901.6666666665,565295.0,0
2018-11-12,267.81148987805943,268.9089023416893,261.491732475657,263.6571044921875,416100,0,264.8661376953125,262.41760101318357,260.054305267334,264.60486399332683,274.17348861694336,485480.0,553350.0,712975.0,638996.6666666665,560535.0,268.81085205078125,267.63504028320307,265.98898315429693,258.2387084960937,255.0053558349609,263.1357879638672,261.3623382568359,259.97101135253905,259.4458404541016,259.9690643310547,261.18303680419916,259.898503112793,258.78347930908205,257.2177459716797,257.4391876220704,260.24291610717773,260.389395904541,260.27819137573243,260.447208404541,261.4573921203613,265.14147186279297,265.8093755086263,266.47238108317055,267.05079498291013,267.9401351928711,274.42497940063475,274.63425420125327,274.80559158325195,275.05847396850584,275.4582934061686,512580.0,539760.0,543580.0,571340.0,621220.0,568980.0,583730.0,588850.0,588210.0,591320.0,740220.0,749260.0,758840.0,761545.0,751800.0,641010.0,641223.3333333335,642116.6666666665,637253.3333333335,640606.6666666665,559096.6666666665,562915.0,563976.6666666665,570688.3333333335,566901.6666666665,0
2018-11-13,264.5094806544264,267.350923474622,258.15052376939303,259.365478515625,357100,1,265.09149169921875,262.26866607666017,260.3031768798828,264.0310216267904,273.85519790649414,444560.0,507950.0,611290.0,641206.6666666665,559891.6666666665,263.6571044921875,268.81085205078125,267.63504028320307,265.98898315429693,258.2387084960937,264.8661376953125,263.1357879638672,261.3623382568359,259.97101135253905,259.4458404541016,262.41760101318357,261.18303680419916,259.898503112793,258.78347930908205,257.2177459716797,260.054305267334,260.24291610717773,260.389395904541,260.27819137573243,260.447208404541,264.60486399332683,265.14147186279297,265.8093755086263,266.47238108317055,267.05079498291013,274.17348861694336,274.42497940063475,274.63425420125327,274.80559158325195,275.05847396850584,485480.0,512580.0,539760.0,543580.0,571340.0,553350.0,568980.0,583730.0,588850.0,588210.0,712975.0,740220.0,749260.0,758840.0,761545.0,638996.6666666665,641010.0,641223.3333333335,642116.6666666665,637253.3333333335,560535.0,559096.6666666665,562915.0,563976.6666666665,570688.3333333335,0
2018-11-14,262.0109724375808,265.254140857671,258.84617565390755,260.7470092773437,392100,0,264.0430969238281,262.0070541381836,260.22626037597655,263.3817347208659,273.5172309875488,411120.0,477350.0,582740.0,642793.3333333335,561840.0,259.365478515625,263.6571044921875,268.81085205078125,267.63504028320307,265.98898315429693,265.09149169921875,264.8661376953125,263.1357879638672,261.3623382568359,259.97101135253905,262.26866607666017,262.41760101318357,261.18303680419916,259.898503112793,258.78347930908205,260.3031768798828,260.054305267334,260.24291610717773,260.389395904541,260.27819137573243,264.0310216267904,264.60486399332683,265.14147186279297,265.8093755086263,266.47238108317055,273.85519790649414,274.17348861694336,274.42497940063475,274.63425420125327,274.80559158325195,444560.0,485480.0,512580.0,539760.0,543580.0,507950.0,553350.0,568980.0,583730.0,588850.0,611290.0,712975.0,740220.0,749260.0,758840.0,641206.6666666665,638996.6666666665,641010.0,641223.3333333335,642116.6666666665,559891.6666666665,560535.0,559096.6666666665,562915.0,563976.6666666665,0
2018-11-15,258.8755896567114,259.6398402545406,251.8111679856235,254.37826538085938,629500,1,261.39174194335936,261.37704010009764,259.89508361816405,262.6583094278971,273.00515263875326,439480.0,489620.0,573045.0,650790.0,565123.3333333335,260.7470092773437,259.365478515625,263.6571044921875,268.81085205078125,267.63504028320307,264.0430969238281,265.09149169921875,264.8661376953125,263.1357879638672,261.3623382568359,262.0070541381836,262.26866607666017,262.41760101318357,261.18303680419916,259.898503112793,260.22626037597655,260.3031768798828,260.054305267334,260.24291610717773,260.389395904541,263.3817347208659,264.0310216267904,264.60486399332683,265.14147186279297,265.8093755086263,273.5172309875488,273.85519790649414,274.17348861694336,274.42497940063475,274.63425420125327,411120.0,444560.0,485480.0,512580.0,539760.0,477350.0,507950.0,553350.0,568980.0,583730.0,582740.0,611290.0,712975.0,740220.0,749260.0,642793.3333333335,641206.6666666665,638996.6666666665,641010.0,641223.3333333335,561840.0,559891.6666666665,560535.0,559096.6666666665,562915.0,0
2018-11-16,251.87975981235013,264.6172896068345,251.87975981235013,259.27731323242193,1112900,0,259.4850341796875,261.31041107177737,259.74174041748046,262.06095123291016,272.6096036275228,581540.0,547060.0,588775.0,676616.6666666665,578831.6666666665,254.37826538085938,260.7470092773437,259.365478515625,263.6571044921875,268.81085205078125,261.39174194335936,264.0430969238281,265.09149169921875,264.8661376953125,263.1357879638672,261.37704010009764,262.0070541381836,262.26866607666017,262.41760101318357,261.18303680419916,259.89508361816405,260.22626037597655,260.3031768798828,260.054305267334,260.24291610717773,262.6583094278971,263.3817347208659,264.0310216267904,264.60486399332683,265.14147186279297,273.00515263875326,273.5172309875488,273.85519790649414,274.17348861694336,274.42497940063475,439480.0,411120.0,444560.0,485480.0,512580.0,489620.0,477350.0,507950.0,553350.0,568980.0,573045.0,582740.0,611290.0,712975.0,740220.0,650790.0,642793.3333333335,641206.6666666665,638996.6666666665,641010.0,565123.3333333335,561840.0,559891.6666666665,560535.0,559096.6666666665,1
2018-11-19,258.297474468977,260.1591072512333,244.48216420159926,246.98068237304688,791500,1,256.14974975585943,260.507943725586,258.97356567382815,261.1409093221029,271.86975682576497,656620.0,571050.0,581185.0,691550.0,580675.0,259.27731323242193,254.37826538085938,260.7470092773437,259.365478515625,263.6571044921875,259.4850341796875,261.39174194335936,264.0430969238281,265.09149169921875,264.8661376953125,261.31041107177737,261.37704010009764,262.0070541381836,262.26866607666017,262.41760101318357,259.74174041748046,259.89508361816405,260.22626037597655,260.3031768798828,260.054305267334,262.06095123291016,262.6583094278971,263.3817347208659,264.0310216267904,264.60486399332683,272.6096036275228,273.00515263875326,273.5172309875488,273.85519790649414,274.17348861694336,581540.0,439480.0,411120.0,444560.0,485480.0,547060.0,489620.0,477350.0,507950.0,553350.0,588775.0,573045.0,582740.0,611290.0,712975.0,676616.6666666665,650790.0,642793.3333333335,641206.6666666665,638996.6666666665,578831.6666666665,565123.3333333335,561840.0,559891.6666666665,560535.0,0
2018-11-20,241.9052595792107,250.40020940623853,236.82004393293548,250.06707763671875,890100,1,254.2900695800781,259.69078063964844,258.4542633056641,260.19506581624347,271.1823275248209,763220.0,603890.0,596050.0,708993.3333333335,587961.6666666665,246.98068237304688,259.27731323242193,254.37826538085938,260.7470092773437,259.365478515625,256.14974975585943,259.4850341796875,261.39174194335936,264.0430969238281,265.09149169921875,260.507943725586,261.31041107177737,261.37704010009764,262.0070541381836,262.26866607666017,258.97356567382815,259.74174041748046,259.89508361816405,260.22626037597655,260.3031768798828,261.1409093221029,262.06095123291016,262.6583094278971,263.3817347208659,264.0310216267904,271.86975682576497,272.6096036275228,273.00515263875326,273.5172309875488,273.85519790649414,656620.0,581540.0,439480.0,411120.0,444560.0,571050.0,547060.0,489620.0,477350.0,507950.0,581185.0,588775.0,573045.0,582740.0,611290.0,691550.0,676616.6666666665,650790.0,642793.3333333335,641206.6666666665,580675.0,578831.6666666665,565123.3333333335,561840.0,559891.6666666665,1
2018-11-21,250.8313325092329,258.6698116501464,249.4791900731973,254.34884643554688,527400,1,253.01043701171875,258.5267669677734,258.6551231384277,259.6943832397461,270.54116236368816,790280.0,600700.0,594775.0,706126.6666666665,589765.0,250.06707763671875,246.98068237304688,259.27731323242193,254.37826538085938,260.7470092773437,254.2900695800781,256.14974975585943,259.4850341796875,261.39174194335936,264.0430969238281,259.69078063964844,260.507943725586,261.31041107177737,261.37704010009764,262.0070541381836,258.4542633056641,258.97356567382815,259.74174041748046,259.89508361816405,260.22626037597655,260.19506581624347,261.1409093221029,262.06095123291016,262.6583094278971,263.3817347208659,271.1823275248209,271.86975682576497,272.6096036275228,273.00515263875326,273.5172309875488,763220.0,656620.0,581540.0,439480.0,411120.0,603890.0,571050.0,547060.0,489620.0,477350.0,596050.0,581185.0,588775.0,573045.0,582740.0,708993.3333333335,691550.0,676616.6666666665,650790.0,642793.3333333335,587961.6666666665,580675.0,578831.6666666665,565123.3333333335,561840.0,1
2018-11-23,252.9085615383159,260.00237662573653,252.9085615383159,257.2001342773437,195100,1,253.57481079101564,257.4832763671875,258.6908897399902,259.42068939208986,269.927796681722,703400.0,571440.0,577585.0,689986.6666666665,586311.6666666665,254.34884643554688,250.06707763671875,246.98068237304688,259.27731323242193,254.37826538085938,253.01043701171875,254.2900695800781,256.14974975585943,259.4850341796875,261.39174194335936,258.5267669677734,259.69078063964844,260.507943725586,261.31041107177737,261.37704010009764,258.6551231384277,258.4542633056641,258.97356567382815,259.74174041748046,259.89508361816405,259.6943832397461,260.19506581624347,261.1409093221029,262.06095123291016,262.6583094278971,270.54116236368816,271.1823275248209,271.86975682576497,272.6096036275228,273.00515263875326,790280.0,763220.0,656620.0,581540.0,439480.0,600700.0,603890.0,571050.0,547060.0,489620.0,594775.0,596050.0,581185.0,588775.0,573045.0,706126.6666666665,708993.3333333335,691550.0,676616.6666666665,650790.0,589765.0,587961.6666666665,580675.0,578831.6666666665,565123.3333333335,0
2018-11-26,260.7862031802006,263.91179911266084,258.9049550400424,260.98214721679693,609400,1,253.91577758789063,256.7004058837891,258.9417213439941,259.0620793660482,269.37697677612306,602700.0,592120.0,580550.0,690853.3333333335,592860.0,257.2001342773437,254.34884643554688,250.06707763671875,246.98068237304688,259.27731323242193,253.57481079101564,253.01043701171875,254.2900695800781,256.14974975585943,259.4850341796875,257.4832763671875,258.5267669677734,259.69078063964844,260.507943725586,261.31041107177737,258.6908897399902,258.6551231384277,258.4542633056641,258.97356567382815,259.74174041748046,259.42068939208986,259.6943832397461,260.19506581624347,261.1409093221029,262.06095123291016,269.927796681722,270.54116236368816,271.1823275248209,271.86975682576497,272.6096036275228,703400.0,790280.0,763220.0,656620.0,581540.0,571440.0,600700.0,603890.0,571050.0,547060.0,577585.0,594775.0,596050.0,581185.0,588775.0,689986.6666666665,706126.6666666665,708993.3333333335,691550.0,676616.6666666665,586311.6666666665,589765.0,587961.6666666665,580675.0,578831.6666666665,1
2018-11-27,261.06060111980247,265.01904223075536,259.91421016512686,263.15737915039057,480000,1,257.1511169433594,256.6504333496094,259.5340171813965,258.91968129475913,268.8967994689941,540400.0,598510.0,575930.0,674820.0,594848.3333333335,260.98214721679693,257.2001342773437,254.34884643554688,250.06707763671875,246.98068237304688,253.91577758789063,253.57481079101564,253.01043701171875,254.2900695800781,256.14974975585943,256.7004058837891,257.4832763671875,258.5267669677734,259.69078063964844,260.507943725586,258.9417213439941,258.6908897399902,258.6551231384277,258.4542633056641,258.97356567382815,259.0620793660482,259.42068939208986,259.6943832397461,260.19506581624347,261.1409093221029,269.37697677612306,269.927796681722,270.54116236368816,271.1823275248209,271.86975682576497,602700.0,703400.0,790280.0,763220.0,656620.0,592120.0,571440.0,600700.0,603890.0,571050.0,580550.0,577585.0,594775.0,596050.0,581185.0,690853.3333333335,689986.6666666665,706126.6666666665,708993.3333333335,691550.0,592860.0,586311.6666666665,589765.0,587961.6666666665,580675.0,1
2018-11-28,264.6074927343241,269.17341103511205,263.70608425689096,268.27197265625,374100,1,260.79209594726564,257.54108276367185,259.90487442016604,259.3824788411458,268.53381169637044,437200.0,600210.0,554080.0,607596.6666666665,594116.6666666665,263.15737915039057,260.98214721679693,257.2001342773437,254.34884643554688,250.06707763671875,257.1511169433594,253.91577758789063,253.57481079101564,253.01043701171875,254.2900695800781,256.6504333496094,256.7004058837891,257.4832763671875,258.5267669677734,259.69078063964844,259.5340171813965,258.9417213439941,258.6908897399902,258.6551231384277,258.4542633056641,258.91968129475913,259.0620793660482,259.42068939208986,259.6943832397461,260.19506581624347,268.8967994689941,269.37697677612306,269.927796681722,270.54116236368816,271.1823275248209,540400.0,602700.0,703400.0,790280.0,763220.0,598510.0,592120.0,571440.0,600700.0,603890.0,575930.0,580550.0,577585.0,594775.0,596050.0,674820.0,690853.3333333335,689986.6666666665,706126.6666666665,708993.3333333335,594848.3333333335,592860.0,586311.6666666665,589765.0,587961.6666666665,1
2018-11-29,267.0178145383033,276.6983422712763,265.2051899315943,274.52316284179693,552800,0,264.82695922851565,258.9186981201172,260.4628761291504,259.7904062906901,268.3856778462728,442280.0,616280.0,546815.0,593920.0,594323.3333333335,268.27197265625,263.15737915039057,260.98214721679693,257.2001342773437,254.34884643554688,260.79209594726564,257.1511169433594,253.91577758789063,253.57481079101564,253.01043701171875,257.54108276367185,256.6504333496094,256.7004058837891,257.4832763671875,258.5267669677734,259.90487442016604,259.5340171813965,258.9417213439941,258.6908897399902,258.6551231384277,259.3824788411458,258.91968129475913,259.0620793660482,259.42068939208986,259.6943832397461,268.53381169637044,268.8967994689941,269.37697677612306,269.927796681722,270.54116236368816,437200.0,540400.0,602700.0,703400.0,790280.0,600210.0,598510.0,592120.0,571440.0,600700.0,554080.0,575930.0,580550.0,577585.0,594775.0,607596.6666666665,674820.0,690853.3333333335,689986.6666666665,706126.6666666665,594116.6666666665,594848.3333333335,592860.0,586311.6666666665,589765.0,1
2018-11-30,274.6701245191101,276.51217210585844,271.4073703712752,271.72091674804693,599700,0,267.73111572265617,260.652963256836,261.0150016784668,260.147710164388,268.17910486857096,523200.0,613300.0,551460.0,586463.3333333335,593491.6666666665,274.52316284179693,268.27197265625,263.15737915039057,260.98214721679693,257.2001342773437,264.82695922851565,260.79209594726564,257.1511169433594,253.91577758789063,253.57481079101564,258.9186981201172,257.54108276367185,256.6504333496094,256.7004058837891,257.4832763671875,260.4628761291504,259.90487442016604,259.5340171813965,258.9417213439941,258.6908897399902,259.7904062906901,259.3824788411458,258.91968129475913,259.0620793660482,259.42068939208986,268.3856778462728,268.53381169637044,268.8967994689941,269.37697677612306,269.927796681722,442280.0,437200.0,540400.0,602700.0,703400.0,616280.0,600210.0,598510.0,592120.0,571440.0,546815.0,554080.0,575930.0,580550.0,577585.0,593920.0,607596.6666666665,674820.0,690853.3333333335,689986.6666666665,594323.3333333335,594116.6666666665,594848.3333333335,592860.0,586311.6666666665,1
2018-12-03,276.7374725205313,278.95185215870083,270.74104154075246,270.7802124023437,508000,0,269.69072875976565,261.80325317382807,261.55683212280275,260.428911336263,267.899156443278,502920.0,552810.0,549935.0,576786.6666666665,597056.6666666665,271.72091674804693,274.52316284179693,268.27197265625,263.15737915039057,260.98214721679693,267.73111572265617,264.82695922851565,260.79209594726564,257.1511169433594,253.91577758789063,260.652963256836,258.9186981201172,257.54108276367185,256.6504333496094,256.7004058837891,261.0150016784668,260.4628761291504,259.90487442016604,259.5340171813965,258.9417213439941,260.147710164388,259.7904062906901,259.3824788411458,258.91968129475913,259.0620793660482,268.17910486857096,268.3856778462728,268.53381169637044,268.8967994689941,269.37697677612306,523200.0,442280.0,437200.0,540400.0,602700.0,613300.0,616280.0,600210.0,598510.0,592120.0,551460.0,546815.0,554080.0,575930.0,580550.0,586463.3333333335,593920.0,607596.6666666665,674820.0,690853.3333333335,593491.6666666665,594323.3333333335,594116.6666666665,594848.3333333335,592860.0,1
2018-12-04,271.4464779432087,272.4066722779277,257.8271295810353,260.64895629882807,566700,1,269.1890441894531,263.17008056640617,261.8390121459961,260.3724039713542,267.4550799051921,520260.0,530330.0,550690.0,564233.3333333335,600786.6666666665,270.7802124023437,271.72091674804693,274.52316284179693,268.27197265625,263.15737915039057,269.69072875976565,267.73111572265617,264.82695922851565,260.79209594726564,257.1511169433594,261.80325317382807,260.652963256836,258.9186981201172,257.54108276367185,256.6504333496094,261.55683212280275,261.0150016784668,260.4628761291504,259.90487442016604,259.5340171813965,260.428911336263,260.147710164388,259.7904062906901,259.3824788411458,258.91968129475913,267.899156443278,268.17910486857096,268.3856778462728,268.53381169637044,268.8967994689941,502920.0,523200.0,442280.0,437200.0,540400.0,552810.0,613300.0,616280.0,600210.0,598510.0,549935.0,551460.0,546815.0,554080.0,575930.0,576786.6666666665,586463.3333333335,593920.0,607596.6666666665,674820.0,597056.6666666665,593491.6666666665,594323.3333333335,594116.6666666665,594848.3333333335,1
2018-12-06,257.68998435744976,261.4230574041264,251.43879288044442,261.02133178710943,688500,0,267.738916015625,264.2655059814453,261.9781433105469,260.3913441975912,267.13390833536783,583140.0,510170.0,557030.0,567423.3333333335,605520.0,260.64895629882807,270.7802124023437,271.72091674804693,274.52316284179693,268.27197265625,269.1890441894531,269.69072875976565,267.73111572265617,264.82695922851565,260.79209594726564,263.17008056640617,261.80325317382807,260.652963256836,258.9186981201172,257.54108276367185,261.8390121459961,261.55683212280275,261.0150016784668,260.4628761291504,259.90487442016604,260.3724039713542,260.428911336263,260.147710164388,259.7904062906901,259.3824788411458,267.4550799051921,267.899156443278,268.17910486857096,268.3856778462728,268.53381169637044,520260.0,502920.0,523200.0,442280.0,437200.0,530330.0,552810.0,613300.0,616280.0,600210.0,550690.0,549935.0,551460.0,546815.0,554080.0,564233.3333333335,576786.6666666665,586463.3333333335,593920.0,607596.6666666665,600786.6666666665,597056.6666666665,593491.6666666665,594323.3333333335,594116.6666666665,1
2018-12-07,259.25772821976915,262.04038499123556,251.91893109324675,253.1045227050781,432000,0,263.45518798828124,264.1410736083984,261.33392028808595,260.48377329508463,266.70328191121416,558980.0,500630.0,550665.0,563393.3333333335,604190.0,261.02133178710943,260.64895629882807,270.7802124023437,271.72091674804693,274.52316284179693,267.738916015625,269.1890441894531,269.69072875976565,267.73111572265617,264.82695922851565,264.2655059814453,263.17008056640617,261.80325317382807,260.652963256836,258.9186981201172,261.9781433105469,261.8390121459961,261.55683212280275,261.0150016784668,260.4628761291504,260.3913441975912,260.3724039713542,260.428911336263,260.147710164388,259.7904062906901,267.13390833536783,267.4550799051921,267.899156443278,268.17910486857096,268.3856778462728,583140.0,520260.0,502920.0,523200.0,442280.0,510170.0,530330.0,552810.0,613300.0,616280.0,557030.0,550690.0,549935.0,551460.0,546815.0,567423.3333333335,564233.3333333335,576786.6666666665,586463.3333333335,593920.0,605520.0,600786.6666666665,597056.6666666665,593491.6666666665,594323.3333333335,1
2018-12-10,250.7529534250976,251.5661974543813,243.08103994233508,250.0572967529297,598300,0,259.1224639892578,263.42678985595705,260.4550331115723,260.26952311197914,266.21941935221355,558700.0,540950.0,556195.0,565373.3333333335,609541.6666666665,253.1045227050781,261.02133178710943,260.64895629882807,270.7802124023437,271.72091674804693,263.45518798828124,267.738916015625,269.1890441894531,269.69072875976565,267.73111572265617,264.1410736083984,264.2655059814453,263.17008056640617,261.80325317382807,260.652963256836,261.33392028808595,261.9781433105469,261.8390121459961,261.55683212280275,261.0150016784668,260.48377329508463,260.3913441975912,260.3724039713542,260.428911336263,260.147710164388,266.70328191121416,267.13390833536783,267.4550799051921,267.899156443278,268.17910486857096,558980.0,583140.0,520260.0,502920.0,523200.0,500630.0,510170.0,530330.0,552810.0,613300.0,550665.0,557030.0,550690.0,549935.0,551460.0,563393.3333333335,567423.3333333335,564233.3333333335,576786.6666666665,586463.3333333335,604190.0,605520.0,600786.6666666665,597056.6666666665,593491.6666666665,1
2018-12-11,253.82954959894002,253.82954959894002,244.41357588798766,246.9120941162109,574100,0,254.34884033203124,262.01978454589846,259.36009521484374,259.96774241129555,265.76135889689135,571920.0,537420.0,564770.0,566173.3333333335,606795.0,250.0572967529297,253.1045227050781,261.02133178710943,260.64895629882807,270.7802124023437,259.1224639892578,263.45518798828124,267.738916015625,269.1890441894531,269.69072875976565,263.42678985595705,264.1410736083984,264.2655059814453,263.17008056640617,261.80325317382807,260.4550331115723,261.33392028808595,261.9781433105469,261.8390121459961,261.55683212280275,260.26952311197914,260.48377329508463,260.3913441975912,260.3724039713542,260.428911336263,266.21941935221355,266.70328191121416,267.13390833536783,267.4550799051921,267.899156443278,558700.0,558980.0,583140.0,520260.0,502920.0,540950.0,500630.0,510170.0,530330.0,552810.0,556195.0,550665.0,557030.0,550690.0,549935.0,565373.3333333335,563393.3333333335,567423.3333333335,564233.3333333335,576786.6666666665,609541.6666666665,604190.0,605520.0,600786.6666666665,597056.6666666665,1
2018-12-12,249.9299137614793,250.75295049811857,243.75710833525955,244.6389312744141,640400,1,251.14683532714844,260.1679397583008,258.40918655395507,259.74532470703133,265.354411315918,586660.0,553460.0,575985.0,568440.0,605636.6666666665,246.9120941162109,250.0572967529297,253.1045227050781,261.02133178710943,260.64895629882807,254.34884033203124,259.1224639892578,263.45518798828124,267.738916015625,269.1890441894531,262.01978454589846,263.42678985595705,264.1410736083984,264.2655059814453,263.17008056640617,259.36009521484374,260.4550331115723,261.33392028808595,261.9781433105469,261.8390121459961,259.96774241129555,260.26952311197914,260.48377329508463,260.3913441975912,260.3724039713542,265.76135889689135,266.21941935221355,266.70328191121416,267.13390833536783,267.4550799051921,571920.0,558700.0,558980.0,583140.0,520260.0,537420.0,540950.0,500630.0,510170.0,530330.0,564770.0,556195.0,550665.0,557030.0,550690.0,566173.3333333335,565373.3333333335,563393.3333333335,567423.3333333335,564233.3333333335,606795.0,609541.6666666665,604190.0,605520.0,600786.6666666665,1
2018-12-13,244.6684023418661,249.2345709115821,244.02029654970585,245.6503753662109,510600,0,248.07264404296882,257.90578002929686,257.7234313964844,259.2385096232096,264.84658075968423,551080.0,567110.0,583660.0,558423.3333333335,603525.0,244.6389312744141,246.9120941162109,250.0572967529297,253.1045227050781,261.02133178710943,251.14683532714844,254.34884033203124,259.1224639892578,263.45518798828124,267.738916015625,260.1679397583008,262.01978454589846,263.42678985595705,264.1410736083984,264.2655059814453,258.40918655395507,259.36009521484374,260.4550331115723,261.33392028808595,261.9781433105469,259.74532470703133,259.96774241129555,260.26952311197914,260.48377329508463,260.3913441975912,265.354411315918,265.76135889689135,266.21941935221355,266.70328191121416,267.13390833536783,586660.0,571920.0,558700.0,558980.0,583140.0,553460.0,537420.0,540950.0,500630.0,510170.0,575985.0,564770.0,556195.0,550665.0,557030.0,568440.0,566173.3333333335,565373.3333333335,563393.3333333335,567423.3333333335,605636.6666666665,606795.0,609541.6666666665,604190.0,605520.0,1
2018-12-14,243.3721962389597,248.2820614712679,240.6226687121232,244.52110290527344,528100,0,246.3559600830078,254.90557403564446,256.91213607788086,258.6104420979818,264.3581410725912,570300.0,564640.0,590460.0,552756.6666666665,604566.6666666665,245.6503753662109,244.6389312744141,246.9120941162109,250.0572967529297,253.1045227050781,248.07264404296882,251.14683532714844,254.34884033203124,259.1224639892578,263.45518798828124,257.90578002929686,260.1679397583008,262.01978454589846,263.42678985595705,264.1410736083984,257.7234313964844,258.40918655395507,259.36009521484374,260.4550331115723,261.33392028808595,259.2385096232096,259.74532470703133,259.96774241129555,260.26952311197914,260.48377329508463,264.84658075968423,265.354411315918,265.76135889689135,266.21941935221355,266.70328191121416,551080.0,586660.0,571920.0,558700.0,558980.0,567110.0,553460.0,537420.0,540950.0,500630.0,583660.0,575985.0,564770.0,556195.0,550665.0,558423.3333333335,568440.0,566173.3333333335,565373.3333333335,563393.3333333335,603525.0,605636.6666666665,606795.0,609541.6666666665,604190.0,1
2018-12-17,242.7339316347696,242.7339316347696,234.51482162832687,237.82406616210938,609100,1,243.90931396484376,251.51588897705082,256.08442611694335,257.8486307779948,263.70517527262365,572460.0,565580.0,589440.0,556166.6666666665,604528.3333333335,244.52110290527344,245.6503753662109,244.6389312744141,246.9120941162109,250.0572967529297,246.3559600830078,248.07264404296882,251.14683532714844,254.34884033203124,259.1224639892578,254.90557403564446,257.90578002929686,260.1679397583008,262.01978454589846,263.42678985595705,256.91213607788086,257.7234313964844,258.40918655395507,259.36009521484374,260.4550331115723,258.6104420979818,259.2385096232096,259.74532470703133,259.96774241129555,260.26952311197914,264.3581410725912,264.84658075968423,265.354411315918,265.76135889689135,266.21941935221355,570300.0,551080.0,586660.0,571920.0,558700.0,564640.0,567110.0,553460.0,537420.0,540950.0,590460.0,583660.0,575985.0,564770.0,556195.0,552756.6666666665,558423.3333333335,568440.0,566173.3333333335,565373.3333333335,604566.6666666665,603525.0,605636.6666666665,606795.0,609541.6666666665,1
2018-12-18,238.66853727104717,241.2511160355907,234.2005571874979,240.23968505859366,633500,0,242.5748321533203,248.46183624267582,255.13254470825194,257.1918334960937,263.0351491292318,584340.0,578130.0,565470.0,559333.3333333335,600568.3333333335,237.82406616210938,244.52110290527344,245.6503753662109,244.6389312744141,246.9120941162109,243.90931396484376,246.3559600830078,248.07264404296882,251.14683532714844,254.34884033203124,251.51588897705082,254.90557403564446,257.90578002929686,260.1679397583008,262.01978454589846,256.08442611694335,256.91213607788086,257.7234313964844,258.40918655395507,259.36009521484374,257.8486307779948,258.6104420979818,259.2385096232096,259.74532470703133,259.96774241129555,263.70517527262365,264.3581410725912,264.84658075968423,265.354411315918,265.76135889689135,572460.0,570300.0,551080.0,586660.0,571920.0,565580.0,564640.0,567110.0,553460.0,537420.0,589440.0,590460.0,583660.0,575985.0,564770.0,556166.6666666665,552756.6666666665,558423.3333333335,568440.0,566173.3333333335,604528.3333333335,604566.6666666665,603525.0,605636.6666666665,606795.0,1
2018-12-19,239.37557359660443,243.23472047484023,232.49193295520402,235.0647125244141,483400,0,240.6599884033203,245.9034118652344,254.5367462158203,256.5271453857422,262.23364028930666,552940.0,569800.0,550065.0,557060.0,598833.3333333335,240.23968505859366,237.82406616210938,244.52110290527344,245.6503753662109,244.6389312744141,242.5748321533203,243.90931396484376,246.3559600830078,248.07264404296882,251.14683532714844,248.46183624267582,251.51588897705082,254.90557403564446,257.90578002929686,260.1679397583008,255.13254470825194,256.08442611694335,256.91213607788086,257.7234313964844,258.40918655395507,257.1918334960937,257.8486307779948,258.6104420979818,259.2385096232096,259.74532470703133,263.0351491292318,263.70517527262365,264.3581410725912,264.84658075968423,265.354411315918,584340.0,572460.0,570300.0,551080.0,586660.0,578130.0,565580.0,564640.0,567110.0,553460.0,565470.0,589440.0,590460.0,583660.0,575985.0,559333.3333333335,556166.6666666665,552756.6666666665,558423.3333333335,568440.0,600568.3333333335,604528.3333333335,604566.6666666665,603525.0,605636.6666666665,1
2018-12-20,234.2496754147405,237.2250525745696,227.11072710494628,231.14663696289062,769100,1,237.75924072265624,242.9159423828125,253.5907241821289,255.62407633463542,261.3374356587728,604640.0,577860.0,544015.0,563973.3333333335,600613.3333333335,235.0647125244141,240.23968505859366,237.82406616210938,244.52110290527344,245.6503753662109,240.6599884033203,242.5748321533203,243.90931396484376,246.3559600830078,248.07264404296882,245.9034118652344,248.46183624267582,251.51588897705082,254.90557403564446,257.90578002929686,254.5367462158203,255.13254470825194,256.08442611694335,256.91213607788086,257.7234313964844,256.5271453857422,257.1918334960937,257.8486307779948,258.6104420979818,259.2385096232096,262.23364028930666,263.0351491292318,263.70517527262365,264.3581410725912,264.84658075968423,552940.0,584340.0,572460.0,570300.0,551080.0,569800.0,578130.0,565580.0,564640.0,567110.0,550065.0,565470.0,589440.0,590460.0,583660.0,557060.0,559333.3333333335,556166.6666666665,552756.6666666665,558423.3333333335,598833.3333333335,600568.3333333335,604528.3333333335,604566.6666666665,603525.0,0
2018-12-21,233.7193986000842,241.2315013702235,231.99113143832287,235.1727294921875,1032800,0,235.88956604003903,241.12276306152344,252.6319183349609,254.59686787923175,260.53462448120115,705580.0,637940.0,569285.0,579756.6666666665,610936.6666666665,231.14663696289062,235.0647125244141,240.23968505859366,237.82406616210938,244.52110290527344,237.75924072265624,240.6599884033203,242.5748321533203,243.90931396484376,246.3559600830078,242.9159423828125,245.9034118652344,248.46183624267582,251.51588897705082,254.90557403564446,253.5907241821289,254.5367462158203,255.13254470825194,256.08442611694335,256.91213607788086,255.62407633463542,256.5271453857422,257.1918334960937,257.8486307779948,258.6104420979818,261.3374356587728,262.23364028930666,263.0351491292318,263.70517527262365,264.3581410725912,604640.0,552940.0,584340.0,572460.0,570300.0,577860.0,569800.0,578130.0,565580.0,564640.0,544015.0,550065.0,565470.0,589440.0,590460.0,563973.3333333335,557060.0,559333.3333333335,556166.6666666665,552756.6666666665,600613.3333333335,598833.3333333335,600568.3333333335,604528.3333333335,604566.6666666665,1
2018-12-24,232.46248246426856,234.83885551400863,228.2498245542112,230.1253967285156,249200,1,234.3498321533203,239.129573059082,251.27818145751957,253.34654642740887,259.5779609680176,633600.0,603030.0,571990.0,571806.6666666665,606515.0,235.1727294921875,231.14663696289062,235.0647125244141,240.23968505859366,237.82406616210938,235.88956604003903,237.75924072265624,240.6599884033203,242.5748321533203,243.90931396484376,241.12276306152344,242.9159423828125,245.9034118652344,248.46183624267582,251.51588897705082,252.6319183349609,253.5907241821289,254.5367462158203,255.13254470825194,256.08442611694335,254.59686787923175,255.62407633463542,256.5271453857422,257.1918334960937,257.8486307779948,260.53462448120115,261.3374356587728,262.23364028930666,263.0351491292318,263.70517527262365,705580.0,604640.0,552940.0,584340.0,572460.0,637940.0,577860.0,569800.0,578130.0,565580.0,569285.0,544015.0,550065.0,565470.0,589440.0,579756.6666666665,563973.3333333335,557060.0,559333.3333333335,556166.6666666665,610936.6666666665,600613.3333333335,598833.3333333335,600568.3333333335,604528.3333333335,1
2018-12-26,230.459254792144,244.51128657502446,230.459254792144,244.42291259765625,413100,0,235.1864776611328,238.88065490722656,250.4502197265625,252.5336151123047,258.8375434875488,589520.0,586930.0,562175.0,572156.6666666665,606583.3333333335,230.1253967285156,235.1727294921875,231.14663696289062,235.0647125244141,240.23968505859366,234.3498321533203,235.88956604003903,237.75924072265624,240.6599884033203,242.5748321533203,239.129573059082,241.12276306152344,242.9159423828125,245.9034118652344,248.46183624267582,251.27818145751957,252.6319183349609,253.5907241821289,254.5367462158203,255.13254470825194,253.34654642740887,254.59686787923175,255.62407633463542,256.5271453857422,257.1918334960937,259.5779609680176,260.53462448120115,261.3374356587728,262.23364028930666,263.0351491292318,633600.0,705580.0,604640.0,552940.0,584340.0,603030.0,637940.0,577860.0,569800.0,578130.0,571990.0,569285.0,544015.0,550065.0,565470.0,571806.6666666665,579756.6666666665,563973.3333333335,557060.0,559333.3333333335,606515.0,610936.6666666665,600613.3333333335,598833.3333333335,600568.3333333335,1
2018-12-27,238.79618397163318,244.1184907509724,236.8617109707644,243.99082946777344,413000,1,236.9717010498047,238.8158447265625,249.49189224243165,251.8780726114909,258.24146830240886,575440.0,564190.0,558825.0,572053.3333333335,605525.0,244.42291259765625,230.1253967285156,235.1727294921875,231.14663696289062,235.0647125244141,235.1864776611328,234.3498321533203,235.88956604003903,237.75924072265624,240.6599884033203,238.88065490722656,239.129573059082,241.12276306152344,242.9159423828125,245.9034118652344,250.4502197265625,251.27818145751957,252.6319183349609,253.5907241821289,254.5367462158203,252.5336151123047,253.34654642740887,254.59686787923175,255.62407633463542,256.5271453857422,258.8375434875488,259.5779609680176,260.53462448120115,261.3374356587728,262.23364028930666,589520.0,633600.0,705580.0,604640.0,552940.0,586930.0,603030.0,637940.0,577860.0,569800.0,562175.0,571990.0,569285.0,544015.0,550065.0,572156.6666666665,571806.6666666665,579756.6666666665,563973.3333333335,557060.0,606583.3333333335,606515.0,610936.6666666665,600613.3333333335,598833.3333333335,1
2018-12-28,245.4736108238713,248.4195298776273,242.4196741387954,245.44415283203125,404200,0,239.83120422363282,238.79522247314446,248.3505012512207,251.41402842203775,257.72252502441404,502460.0,553550.0,560330.0,573623.3333333335,607415.0,243.99082946777344,244.42291259765625,230.1253967285156,235.1727294921875,231.14663696289062,236.9717010498047,235.1864776611328,234.3498321533203,235.88956604003903,237.75924072265624,238.8158447265625,238.88065490722656,239.129573059082,241.12276306152344,242.9159423828125,249.49189224243165,250.4502197265625,251.27818145751957,252.6319183349609,253.5907241821289,251.8780726114909,252.5336151123047,253.34654642740887,254.59686787923175,255.62407633463542,258.24146830240886,258.8375434875488,259.5779609680176,260.53462448120115,261.3374356587728,575440.0,589520.0,633600.0,705580.0,604640.0,564190.0,586930.0,603030.0,637940.0,577860.0,558825.0,562175.0,571990.0,569285.0,544015.0,572053.3333333335,572156.6666666665,571806.6666666665,579756.6666666665,563973.3333333335,605525.0,606583.3333333335,606515.0,610936.6666666665,600613.3333333335,1
2018-12-31,247.59471390243192,249.8827131812001,242.02692783966663,243.51953125,443200,0,241.5005645751953,238.6950653076172,246.80031967163086,250.83977915445962,257.1107569376628,384540.0,545060.0,554850.0,575326.6666666665,609060.0,245.44415283203125,243.99082946777344,244.42291259765625,230.1253967285156,235.1727294921875,239.83120422363282,236.9717010498047,235.1864776611328,234.3498321533203,235.88956604003903,238.79522247314446,238.8158447265625,238.88065490722656,239.129573059082,241.12276306152344,248.3505012512207,249.49189224243165,250.4502197265625,251.27818145751957,252.6319183349609,251.41402842203775,251.8780726114909,252.5336151123047,253.34654642740887,254.59686787923175,257.72252502441404,258.24146830240886,258.8375434875488,259.5779609680176,260.53462448120115,502460.0,575440.0,589520.0,633600.0,705580.0,553550.0,564190.0,586930.0,603030.0,637940.0,560330.0,558825.0,562175.0,571990.0,569285.0,573623.3333333335,572053.3333333335,572156.6666666665,571806.6666666665,579756.6666666665,607415.0,605525.0,606583.3333333335,606515.0,610936.6666666665,1
2019-01-02,241.16272813915938,241.16272813915938,235.909181957015,238.9140167236328,444700,0,243.25828857421874,238.80406036376957,245.15997467041012,250.32430419921874,256.491306813558,423640.0,528620.0,547100.0,569166.6666666665,609978.3333333335,243.51953125,245.44415283203125,243.99082946777344,244.42291259765625,230.1253967285156,241.5005645751953,239.83120422363282,236.9717010498047,235.1864776611328,234.3498321533203,238.6950653076172,238.79522247314446,238.8158447265625,238.88065490722656,239.129573059082,246.80031967163086,248.3505012512207,249.49189224243165,250.4502197265625,251.27818145751957,250.83977915445962,251.41402842203775,251.8780726114909,252.5336151123047,253.34654642740887,257.1107569376628,257.72252502441404,258.24146830240886,258.8375434875488,259.5779609680176,384540.0,502460.0,575440.0,589520.0,633600.0,545060.0,553550.0,564190.0,586930.0,603030.0,554850.0,560330.0,558825.0,562175.0,571990.0,575326.6666666665,573623.3333333335,572053.3333333335,572156.6666666665,571806.6666666665,609060.0,607415.0,605525.0,606583.3333333335,606515.0,1
2019-01-03,238.37396053519143,240.1316857213784,234.7603068632389,235.3691253662109,596600,1,241.4475311279297,238.31700439453124,243.38942031860356,249.5273646036784,255.7941579182943,460340.0,524930.0,551530.0,551956.6666666665,614286.6666666665,238.9140167236328,243.51953125,245.44415283203125,243.99082946777344,244.42291259765625,243.25828857421874,241.5005645751953,239.83120422363282,236.9717010498047,235.1864776611328,238.80406036376957,238.6950653076172,238.79522247314446,238.8158447265625,238.88065490722656,245.15997467041012,246.80031967163086,248.3505012512207,249.49189224243165,250.4502197265625,250.32430419921874,250.83977915445962,251.41402842203775,251.8780726114909,252.5336151123047,256.491306813558,257.1107569376628,257.72252502441404,258.24146830240886,258.8375434875488,423640.0,384540.0,502460.0,575440.0,589520.0,528620.0,545060.0,553550.0,564190.0,586930.0,547100.0,554850.0,560330.0,558825.0,562175.0,569166.6666666665,575326.6666666665,573623.3333333335,572053.3333333335,572156.6666666665,609978.3333333335,609060.0,607415.0,605525.0,606583.3333333335,1
2019-01-04,237.82403269949515,240.93688517312683,235.0450474349353,239.2086181640625,405100,1,240.4910888671875,238.73139495849608,242.31740341186523,249.26829579671227,255.2046025594076,458760.0,517100.0,543450.0,539076.6666666665,615313.3333333335,235.3691253662109,238.9140167236328,243.51953125,245.44415283203125,243.99082946777344,241.4475311279297,243.25828857421874,241.5005645751953,239.83120422363282,236.9717010498047,238.31700439453124,238.80406036376957,238.6950653076172,238.79522247314446,238.8158447265625,243.38942031860356,245.15997467041012,246.80031967163086,248.3505012512207,249.49189224243165,249.5273646036784,250.32430419921874,250.83977915445962,251.41402842203775,251.8780726114909,255.7941579182943,256.491306813558,257.1107569376628,257.72252502441404,258.24146830240886,460340.0,423640.0,384540.0,502460.0,575440.0,524930.0,528620.0,545060.0,553550.0,564190.0,551530.0,547100.0,554850.0,560330.0,558825.0,551956.6666666665,569166.6666666665,575326.6666666665,573623.3333333335,572053.3333333335,614286.6666666665,609978.3333333335,609060.0,607415.0,605525.0,1
2019-01-07,239.96474779151973,247.40810525762782,237.64729081003048,241.98760986328125,567700,0,239.7997802734375,239.81549224853515,241.36571731567383,248.99898020426429,254.5970230102539,491460.0,496960.0,537410.0,528330.0,618661.6666666665,239.2086181640625,235.3691253662109,238.9140167236328,243.51953125,245.44415283203125,240.4910888671875,241.4475311279297,243.25828857421874,241.5005645751953,239.83120422363282,238.73139495849608,238.31700439453124,238.80406036376957,238.6950653076172,238.79522247314446,242.31740341186523,243.38942031860356,245.15997467041012,246.80031967163086,248.3505012512207,249.26829579671227,249.5273646036784,250.32430419921874,250.83977915445962,251.41402842203775,255.2046025594076,255.7941579182943,256.491306813558,257.1107569376628,257.72252502441404,458760.0,460340.0,423640.0,384540.0,502460.0,517100.0,524930.0,528620.0,545060.0,553550.0,543450.0,551530.0,547100.0,554850.0,560330.0,539076.6666666665,551956.6666666665,569166.6666666665,575326.6666666665,573623.3333333335,615313.3333333335,614286.6666666665,609978.3333333335,609060.0,607415.0,1
2019-01-08,244.6192967295282,245.3165041583504,234.18091885511944,237.84368896484366,785000,1,238.66461181640625,240.0825881958008,240.6026756286621,248.44880828857418,254.07159576416012,559820.0,472180.0,555060.0,536916.6666666665,621521.6666666665,241.98760986328125,239.2086181640625,235.3691253662109,238.9140167236328,243.51953125,239.7997802734375,240.4910888671875,241.4475311279297,243.25828857421874,241.5005645751953,239.81549224853515,238.73139495849608,238.31700439453124,238.80406036376957,238.6950653076172,241.36571731567383,242.31740341186523,243.38942031860356,245.15997467041012,246.80031967163086,248.99898020426429,249.26829579671227,249.5273646036784,250.32430419921874,250.83977915445962,254.5970230102539,255.2046025594076,255.7941579182943,256.491306813558,257.1107569376628,491460.0,458760.0,460340.0,423640.0,384540.0,496960.0,517100.0,524930.0,528620.0,545060.0,537410.0,543450.0,551530.0,547100.0,554850.0,528330.0,539076.6666666665,551956.6666666665,569166.6666666665,575326.6666666665,618661.6666666665,615313.3333333335,614286.6666666665,609978.3333333335,609060.0,1
2019-01-09,237.51964496235414,246.81893089888385,237.51964496235414,242.1447296142578,713200,0,239.31075439453124,241.284521484375,240.20704727172853,247.94696146647132,253.68382542928057,613520.0,518580.0,560805.0,554186.6666666665,622086.6666666665,237.84368896484366,241.98760986328125,239.2086181640625,235.3691253662109,238.9140167236328,238.66461181640625,239.7997802734375,240.4910888671875,241.4475311279297,243.25828857421874,240.0825881958008,239.81549224853515,238.73139495849608,238.31700439453124,238.80406036376957,240.6026756286621,241.36571731567383,242.31740341186523,243.38942031860356,245.15997467041012,248.44880828857418,248.99898020426429,249.26829579671227,249.5273646036784,250.32430419921874,254.07159576416012,254.5970230102539,255.2046025594076,255.7941579182943,256.491306813558,559820.0,491460.0,458760.0,460340.0,423640.0,472180.0,496960.0,517100.0,524930.0,528620.0,555060.0,537410.0,543450.0,551530.0,547100.0,536916.6666666665,528330.0,539076.6666666665,551956.6666666665,569166.6666666665,621521.6666666665,618661.6666666665,615313.3333333335,614286.6666666665,609978.3333333335,1
2019-01-10,241.0841884274989,244.92370649486594,239.7192465421746,241.7519378662109,470200,1,240.58731689453128,241.01742401123047,239.9490394592285,247.30595448811852,253.1840169270833,588240.0,524290.0,555610.0,549546.6666666665,620200.0,242.1447296142578,237.84368896484366,241.98760986328125,239.2086181640625,235.3691253662109,239.31075439453124,238.66461181640625,239.7997802734375,240.4910888671875,241.4475311279297,241.284521484375,240.0825881958008,239.81549224853515,238.73139495849608,238.31700439453124,240.20704727172853,240.6026756286621,241.36571731567383,242.31740341186523,243.38942031860356,247.94696146647132,248.44880828857418,248.99898020426429,249.26829579671227,249.5273646036784,253.68382542928057,254.07159576416012,254.5970230102539,255.2046025594076,255.7941579182943,613520.0,559820.0,491460.0,458760.0,460340.0,518580.0,472180.0,496960.0,517100.0,524930.0,560805.0,555060.0,537410.0,543450.0,551530.0,554186.6666666665,536916.6666666665,528330.0,539076.6666666665,551956.6666666665,622086.6666666665,621521.6666666665,618661.6666666665,615313.3333333335,614286.6666666665,1
2019-01-11,242.52768950657463,247.40809655877862,242.18400794374224,244.50146484375,432600,0,241.64588623046882,241.06848754882813,239.94216613769527,246.68409067789716,252.80188598632813,593740.0,526250.0,545220.0,547966.6666666665,611393.3333333335,241.7519378662109,242.1447296142578,237.84368896484366,241.98760986328125,239.2086181640625,240.58731689453128,239.31075439453124,238.66461181640625,239.7997802734375,240.4910888671875,241.01742401123047,241.284521484375,240.0825881958008,239.81549224853515,238.73139495849608,239.9490394592285,240.20704727172853,240.6026756286621,241.36571731567383,242.31740341186523,247.30595448811852,247.94696146647132,248.44880828857418,248.99898020426429,249.26829579671227,253.1840169270833,253.68382542928057,254.07159576416012,254.5970230102539,255.2046025594076,588240.0,613520.0,559820.0,491460.0,458760.0,524290.0,518580.0,472180.0,496960.0,517100.0,555610.0,560805.0,555060.0,537410.0,543450.0,549546.6666666665,554186.6666666665,536916.6666666665,528330.0,539076.6666666665,620200.0,622086.6666666665,621521.6666666665,618661.6666666665,615313.3333333335,1
2019-01-14,243.5980756870701,243.5980756870701,238.61946484563572,239.76837158203125,665900,1,241.20203857421882,240.5009094238281,239.64806594848636,245.73397064208984,252.55822474161786,613380.0,552420.0,552985.0,557693.3333333335,582645.0,244.50146484375,241.7519378662109,242.1447296142578,237.84368896484366,241.98760986328125,241.64588623046882,240.58731689453128,239.31075439453124,238.66461181640625,239.7997802734375,241.06848754882813,241.01742401123047,241.284521484375,240.0825881958008,239.81549224853515,239.94216613769527,239.9490394592285,240.20704727172853,240.6026756286621,241.36571731567383,246.68409067789716,247.30595448811852,247.94696146647132,248.44880828857418,248.99898020426429,252.80188598632813,253.1840169270833,253.68382542928057,254.07159576416012,254.5970230102539,593740.0,588240.0,613520.0,559820.0,491460.0,526250.0,524290.0,518580.0,472180.0,496960.0,545220.0,555610.0,560805.0,555060.0,537410.0,547966.6666666665,549546.6666666665,554186.6666666665,536916.6666666665,528330.0,611393.3333333335,620200.0,622086.6666666665,621521.6666666665,618661.6666666665,1
2019-01-15,239.97457520561662,245.16920597047408,238.49178633245998,243.4212951660156,582500,0,242.31755981445312,240.4910858154297,239.59307556152345,244.69724171956383,252.24382400512692,572880.0,566350.0,555705.0,558683.3333333335,576301.6666666665,239.76837158203125,244.50146484375,241.7519378662109,242.1447296142578,237.84368896484366,241.20203857421882,241.64588623046882,240.58731689453128,239.31075439453124,238.66461181640625,240.5009094238281,241.06848754882813,241.01742401123047,241.284521484375,240.0825881958008,239.64806594848636,239.94216613769527,239.9490394592285,240.20704727172853,240.6026756286621,245.73397064208984,246.68409067789716,247.30595448811852,247.94696146647132,248.44880828857418,252.55822474161786,252.80188598632813,253.1840169270833,253.68382542928057,254.07159576416012,613380.0,593740.0,588240.0,613520.0,559820.0,552420.0,526250.0,524290.0,518580.0,472180.0,552985.0,545220.0,555610.0,560805.0,555060.0,557693.3333333335,547966.6666666665,549546.6666666665,554186.6666666665,536916.6666666665,582645.0,611393.3333333335,620200.0,622086.6666666665,621521.6666666665,1
2019-01-16,243.24453704742515,245.7190982051553,239.62105430051886,242.4000396728516,476400,1,242.36862182617188,240.8396881103516,239.82187423706054,243.71987915039062,251.93379465738929,525520.0,569520.0,549070.0,554573.3333333335,570518.3333333335,243.4212951660156,239.76837158203125,244.50146484375,241.7519378662109,242.1447296142578,242.31755981445312,241.20203857421882,241.64588623046882,240.58731689453128,239.31075439453124,240.4910858154297,240.5009094238281,241.06848754882813,241.01742401123047,241.284521484375,239.59307556152345,239.64806594848636,239.94216613769527,239.9490394592285,240.20704727172853,244.69724171956383,245.73397064208984,246.68409067789716,247.30595448811852,247.94696146647132,252.24382400512692,252.55822474161786,252.80188598632813,253.1840169270833,253.68382542928057,572880.0,613380.0,593740.0,588240.0,613520.0,566350.0,552420.0,526250.0,524290.0,518580.0,555705.0,552985.0,545220.0,555610.0,560805.0,558683.3333333335,557693.3333333335,547966.6666666665,549546.6666666665,554186.6666666665,576301.6666666665,582645.0,611393.3333333335,620200.0,622086.6666666665,1
2019-01-17,240.2593500345993,254.2819393056649,239.11044333694053,254.2721099853516,1406500,1,244.87265625,242.72998657226563,240.52349548339845,243.16960906982425,251.7992602030436,712780.0,650510.0,587720.0,584523.3333333335,580655.0,242.4000396728516,243.4212951660156,239.76837158203125,244.50146484375,241.7519378662109,242.36862182617188,242.31755981445312,241.20203857421882,241.64588623046882,240.58731689453128,240.8396881103516,240.4910858154297,240.5009094238281,241.06848754882813,241.01742401123047,239.82187423706054,239.59307556152345,239.64806594848636,239.94216613769527,239.9490394592285,243.71987915039062,244.69724171956383,245.73397064208984,246.68409067789716,247.30595448811852,251.93379465738929,252.24382400512692,252.55822474161786,252.80188598632813,253.1840169270833,525520.0,572880.0,613380.0,593740.0,588240.0,569520.0,566350.0,552420.0,526250.0,524290.0,549070.0,555705.0,552985.0,545220.0,555610.0,554573.3333333335,558683.3333333335,557693.3333333335,547966.6666666665,549546.6666666665,570518.3333333335,576301.6666666665,582645.0,611393.3333333335,620200.0,1
2019-01-18,260.8022040642465,263.1687625775476,255.76467780668483,262.63848876953125,1210800,0,248.50006103515625,245.0729736328125,241.9021842956543,243.23592681884762,251.8041653951009,868420.0,731080.0,624090.0,605993.3333333335,585113.3333333335,254.2721099853516,242.4000396728516,243.4212951660156,239.76837158203125,244.50146484375,244.87265625,242.36862182617188,242.31755981445312,241.20203857421882,241.64588623046882,242.72998657226563,240.8396881103516,240.4910858154297,240.5009094238281,241.06848754882813,240.52349548339845,239.82187423706054,239.59307556152345,239.64806594848636,239.94216613769527,243.16960906982425,243.71987915039062,244.69724171956383,245.73397064208984,246.68409067789716,251.7992602030436,251.93379465738929,252.24382400512692,252.55822474161786,252.80188598632813,712780.0,525520.0,572880.0,613380.0,593740.0,650510.0,569520.0,566350.0,552420.0,526250.0,587720.0,549070.0,555705.0,552985.0,545220.0,584523.3333333335,554573.3333333335,558683.3333333335,557693.3333333335,547966.6666666665,580655.0,570518.3333333335,576301.6666666665,582645.0,611393.3333333335,1
2019-01-22,260.59598102715285,263.02145536359217,256.48151205196916,258.68112182617193,1193100,1,252.28261108398442,246.7423248291016,243.2789085388184,243.15791982014971,251.77463200887044,973860.0,793620.0,645290.0,622813.3333333335,595118.3333333335,262.63848876953125,254.2721099853516,242.4000396728516,243.4212951660156,239.76837158203125,248.50006103515625,244.87265625,242.36862182617188,242.31755981445312,241.20203857421882,245.0729736328125,242.72998657226563,240.8396881103516,240.4910858154297,240.5009094238281,241.9021842956543,240.52349548339845,239.82187423706054,239.59307556152345,239.64806594848636,243.23592681884762,243.16960906982425,243.71987915039062,244.69724171956383,245.73397064208984,251.8041653951009,251.7992602030436,251.93379465738929,252.24382400512692,252.55822474161786,868420.0,712780.0,525520.0,572880.0,613380.0,731080.0,650510.0,569520.0,566350.0,552420.0,624090.0,587720.0,549070.0,555705.0,552985.0,605993.3333333335,584523.3333333335,554573.3333333335,558683.3333333335,557693.3333333335,585113.3333333335,580655.0,570518.3333333335,576301.6666666665,582645.0,1
2019-01-23,261.2735633167208,268.4419542301445,259.2605006861462,268.23574829101557,649800,1,257.2455017089844,249.7815307617188,244.93205947875973,243.66229400634762,252.07303365071618,987320.0,780100.0,626140.0,630073.3333333335,596733.3333333335,258.68112182617193,262.63848876953125,254.2721099853516,242.4000396728516,243.4212951660156,252.28261108398442,248.50006103515625,244.87265625,242.36862182617188,242.31755981445312,246.7423248291016,245.0729736328125,242.72998657226563,240.8396881103516,240.4910858154297,243.2789085388184,241.9021842956543,240.52349548339845,239.82187423706054,239.59307556152345,243.15791982014971,243.23592681884762,243.16960906982425,243.71987915039062,244.69724171956383,251.77463200887044,251.8041653951009,251.7992602030436,251.93379465738929,252.24382400512692,973860.0,868420.0,712780.0,525520.0,572880.0,793620.0,731080.0,650510.0,569520.0,566350.0,645290.0,624090.0,587720.0,549070.0,555705.0,622813.3333333335,605993.3333333335,584523.3333333335,554573.3333333335,558683.3333333335,595118.3333333335,585113.3333333335,580655.0,570518.3333333335,576301.6666666665,1
2019-01-24,268.97227143082205,274.11780119158897,265.6433680392584,271.88873291015625,985200,1,263.1432403564453,252.75593109130855,247.0202262878418,244.39000854492187,252.32976582845046,1089080.0,807300.0,662940.0,642970.0,604171.6666666665,268.23574829101557,258.68112182617193,262.63848876953125,254.2721099853516,242.4000396728516,257.2455017089844,252.28261108398442,248.50006103515625,244.87265625,242.36862182617188,249.7815307617188,246.7423248291016,245.0729736328125,242.72998657226563,240.8396881103516,244.93205947875973,243.2789085388184,241.9021842956543,240.52349548339845,239.82187423706054,243.66229400634762,243.15791982014971,243.23592681884762,243.16960906982425,243.71987915039062,252.07303365071618,251.77463200887044,251.8041653951009,251.7992602030436,251.93379465738929,987320.0,973860.0,868420.0,712780.0,525520.0,780100.0,793620.0,731080.0,650510.0,569520.0,626140.0,645290.0,624090.0,587720.0,549070.0,630073.3333333335,622813.3333333335,605993.3333333335,584523.3333333335,554573.3333333335,596733.3333333335,595118.3333333335,585113.3333333335,580655.0,570518.3333333335,1
2019-01-25,275.20781664451647,279.7739859982248,273.9705208318231,279.03750610351557,910100,0,268.0963195800781,256.48448791503904,248.7509559631348,245.46085561116539,252.71429901123048,989800.0,851290.0,687790.0,654170.0,610171.6666666665,271.88873291015625,268.23574829101557,258.68112182617193,262.63848876953125,254.2721099853516,263.1432403564453,257.2455017089844,252.28261108398442,248.50006103515625,244.87265625,252.75593109130855,249.7815307617188,246.7423248291016,245.0729736328125,242.72998657226563,247.0202262878418,244.93205947875973,243.2789085388184,241.9021842956543,240.52349548339845,244.39000854492187,243.66229400634762,243.15791982014971,243.23592681884762,243.16960906982425,252.32976582845046,252.07303365071618,251.77463200887044,251.8041653951009,251.7992602030436,1089080.0,987320.0,973860.0,868420.0,712780.0,807300.0,780100.0,793620.0,731080.0,650510.0,662940.0,626140.0,645290.0,624090.0,587720.0,642970.0,630073.3333333335,622813.3333333335,605993.3333333335,584523.3333333335,604171.6666666665,596733.3333333335,595118.3333333335,585113.3333333335,580655.0,0
2019-01-28,276.66110652326074,277.4761610219791,270.2684816754006,274.74627685546875,749000,0,270.51787719726565,259.5089691162109,250.28872833251958,246.4644337972005,253.1048792521159,897440.0,882930.0,704590.0,657790.0,613115.0,279.03750610351557,271.88873291015625,268.23574829101557,258.68112182617193,262.63848876953125,268.0963195800781,263.1432403564453,257.2455017089844,252.28261108398442,248.50006103515625,256.48448791503904,252.75593109130855,249.7815307617188,246.7423248291016,245.0729736328125,248.7509559631348,247.0202262878418,244.93205947875973,243.2789085388184,241.9021842956543,245.46085561116539,244.39000854492187,243.66229400634762,243.15791982014971,243.23592681884762,252.71429901123048,252.32976582845046,252.07303365071618,251.77463200887044,251.8041653951009,989800.0,1089080.0,987320.0,973860.0,868420.0,851290.0,807300.0,780100.0,793620.0,731080.0,687790.0,662940.0,626140.0,645290.0,624090.0,654170.0,642970.0,630073.3333333335,622813.3333333335,605993.3333333335,610171.6666666665,604171.6666666665,596733.3333333335,595118.3333333335,585113.3333333335,1
2019-01-29,273.71512275633245,273.96061598689306,267.9411171787561,269.895263671875,673000,1,272.76070556640633,262.5216583251953,251.5112838745117,247.2725967407226,253.25555318196612,793420.0,883640.0,718030.0,663203.3333333335,610813.3333333335,274.74627685546875,279.03750610351557,271.88873291015625,268.23574829101557,258.68112182617193,270.51787719726565,268.0963195800781,263.1432403564453,257.2455017089844,252.28261108398442,259.5089691162109,256.48448791503904,252.75593109130855,249.7815307617188,246.7423248291016,250.28872833251958,248.7509559631348,247.0202262878418,244.93205947875973,243.2789085388184,246.4644337972005,245.46085561116539,244.39000854492187,243.66229400634762,243.15791982014971,253.1048792521159,252.71429901123048,252.32976582845046,252.07303365071618,251.77463200887044,897440.0,989800.0,1089080.0,987320.0,973860.0,882930.0,851290.0,807300.0,780100.0,793620.0,704590.0,687790.0,662940.0,626140.0,645290.0,657790.0,654170.0,642970.0,630073.3333333335,622813.3333333335,613115.0,610171.6666666665,604171.6666666665,596733.3333333335,595118.3333333335,1
2019-01-30,271.8592542483598,276.53342574947163,270.11134335786227,272.06546020507807,599000,1,273.52664794921867,265.3860748291016,252.93858032226564,248.19074198404945,253.40059204101559,783260.0,885290.0,725820.0,665566.6666666665,609161.6666666665,269.895263671875,274.74627685546875,279.03750610351557,271.88873291015625,268.23574829101557,272.76070556640633,270.51787719726565,268.0963195800781,263.1432403564453,257.2455017089844,262.5216583251953,259.5089691162109,256.48448791503904,252.75593109130855,249.7815307617188,251.5112838745117,250.28872833251958,248.7509559631348,247.0202262878418,244.93205947875973,247.2725967407226,246.4644337972005,245.46085561116539,244.39000854492187,243.66229400634762,253.25555318196612,253.1048792521159,252.71429901123048,252.32976582845046,252.07303365071618,793420.0,897440.0,989800.0,1089080.0,987320.0,883640.0,882930.0,851290.0,807300.0,780100.0,718030.0,704590.0,687790.0,662940.0,626140.0,663203.3333333335,657790.0,654170.0,642970.0,630073.3333333335,610813.3333333335,613115.0,610171.6666666665,604171.6666666665,596733.3333333335,1
2019-01-31,271.3780081114948,279.8622680971232,270.50406783980094,278.6151733398437,717500,0,274.87193603515624,269.0075881958008,254.92363815307618,249.55044555664062,253.69953816731768,729720.0,909400.0,739460.0,669180.0,612673.3333333335,272.06546020507807,269.895263671875,274.74627685546875,279.03750610351557,271.88873291015625,273.52664794921867,272.76070556640633,270.51787719726565,268.0963195800781,263.1432403564453,265.3860748291016,262.5216583251953,259.5089691162109,256.48448791503904,252.75593109130855,252.93858032226564,251.5112838745117,250.28872833251958,248.7509559631348,247.0202262878418,248.19074198404945,247.2725967407226,246.4644337972005,245.46085561116539,244.39000854492187,253.40059204101559,253.25555318196612,253.1048792521159,252.71429901123048,252.32976582845046,783260.0,793420.0,897440.0,989800.0,1089080.0,885290.0,883640.0,882930.0,851290.0,807300.0,725820.0,718030.0,704590.0,687790.0,662940.0,665566.6666666665,663203.3333333335,657790.0,654170.0,642970.0,609161.6666666665,610813.3333333335,613115.0,610171.6666666665,604171.6666666665,1
2019-02-01,276.83785412989295,279.351702728586,272.59572338180857,273.37149047851557,683000,1,273.73873291015633,270.9175262451172,256.8237564086914,250.65483907063802,253.9233362833659,684300.0,837050.0,743780.0,670830.0,615081.6666666665,278.6151733398437,272.06546020507807,269.895263671875,274.74627685546875,279.03750610351557,274.87193603515624,273.52664794921867,272.76070556640633,270.51787719726565,268.0963195800781,269.0075881958008,265.3860748291016,262.5216583251953,259.5089691162109,256.48448791503904,254.92363815307618,252.93858032226564,251.5112838745117,250.28872833251958,248.7509559631348,249.55044555664062,248.19074198404945,247.2725967407226,246.4644337972005,245.46085561116539,253.69953816731768,253.40059204101559,253.25555318196612,253.1048792521159,252.71429901123048,729720.0,783260.0,793420.0,897440.0,989800.0,909400.0,885290.0,883640.0,882930.0,851290.0,739460.0,725820.0,718030.0,704590.0,687790.0,669180.0,665566.6666666665,663203.3333333335,657790.0,654170.0,612673.3333333335,609161.6666666665,610813.3333333335,613115.0,610171.6666666665,1
2019-02-04,273.1554277587136,276.3762978250683,273.0964818118726,276.00314331054693,519900,1,273.9901062011719,272.25399169921883,258.66348266601557,252.01945343017582,254.27329940795897,638480.0,767960.0,749520.0,672046.6666666665,614553.3333333335,273.37149047851557,278.6151733398437,272.06546020507807,269.895263671875,274.74627685546875,273.73873291015633,274.87193603515624,273.52664794921867,272.76070556640633,270.51787719726565,270.9175262451172,269.0075881958008,265.3860748291016,262.5216583251953,259.5089691162109,256.8237564086914,254.92363815307618,252.93858032226564,251.5112838745117,250.28872833251958,250.65483907063802,249.55044555664062,248.19074198404945,247.2725967407226,246.4644337972005,253.9233362833659,253.69953816731768,253.40059204101559,253.25555318196612,253.1048792521159,684300.0,729720.0,783260.0,793420.0,897440.0,837050.0,909400.0,885290.0,883640.0,882930.0,743780.0,739460.0,725820.0,718030.0,704590.0,670830.0,669180.0,665566.6666666665,663203.3333333335,657790.0,615081.6666666665,612673.3333333335,609161.6666666665,610813.3333333335,613115.0,0
2019-02-05,276.08170696891364,284.3597322870363,276.08170696891364,284.0749816894531,498400,0,276.8260498046875,274.7933776855469,260.7678512573242,253.78373158772786,254.70390396118165,603560.0,698490.0,746055.0,663023.3333333335,613498.3333333335,276.00314331054693,273.37149047851557,278.6151733398437,272.06546020507807,269.895263671875,273.9901062011719,273.73873291015633,274.87193603515624,273.52664794921867,272.76070556640633,272.25399169921883,270.9175262451172,269.0075881958008,265.3860748291016,262.5216583251953,258.66348266601557,256.8237564086914,254.92363815307618,252.93858032226564,251.5112838745117,252.01945343017582,250.65483907063802,249.55044555664062,248.19074198404945,247.2725967407226,254.27329940795897,253.9233362833659,253.69953816731768,253.40059204101559,253.25555318196612,638480.0,684300.0,729720.0,783260.0,793420.0,767960.0,837050.0,909400.0,885290.0,883640.0,749520.0,743780.0,739460.0,725820.0,718030.0,672046.6666666665,670830.0,669180.0,665566.6666666665,663203.3333333335,614553.3333333335,615081.6666666665,612673.3333333335,609161.6666666665,610813.3333333335,0
2019-02-06,284.7722052497567,291.2237758505321,281.58079260471635,282.70025634765625,633700,1,278.9530090332031,276.2398284912109,263.0106796264648,255.36798248291012,254.98242518107097,610500.0,696880.0,738490.0,649720.0,614738.3333333335,284.0749816894531,276.00314331054693,273.37149047851557,278.6151733398437,272.06546020507807,276.8260498046875,273.9901062011719,273.73873291015633,274.87193603515624,273.52664794921867,274.7933776855469,272.25399169921883,270.9175262451172,269.0075881958008,265.3860748291016,260.7678512573242,258.66348266601557,256.8237564086914,254.92363815307618,252.93858032226564,253.78373158772786,252.01945343017582,250.65483907063802,249.55044555664062,248.19074198404945,254.70390396118165,254.27329940795897,253.9233362833659,253.69953816731768,253.40059204101559,603560.0,638480.0,684300.0,729720.0,783260.0,698490.0,767960.0,837050.0,909400.0,885290.0,746055.0,749520.0,743780.0,739460.0,725820.0,663023.3333333335,672046.6666666665,670830.0,669180.0,665566.6666666665,613498.3333333335,614553.3333333335,615081.6666666665,612673.3333333335,609161.6666666665,0
2019-02-07,281.66915764327837,284.2222936717072,277.3681107127034,283.6822204589844,374800,1,279.96641845703124,277.41917724609374,265.08755416870116,257.15320994059243,255.24987818400064,541960.0,635840.0,721570.0,653906.6666666665,612856.6666666665,282.70025634765625,284.0749816894531,276.00314331054693,273.37149047851557,278.6151733398437,278.9530090332031,276.8260498046875,273.9901062011719,273.73873291015633,274.87193603515624,276.2398284912109,274.7933776855469,272.25399169921883,270.9175262451172,269.0075881958008,263.0106796264648,260.7678512573242,258.66348266601557,256.8237564086914,254.92363815307618,255.36798248291012,253.78373158772786,252.01945343017582,250.65483907063802,249.55044555664062,254.98242518107097,254.70390396118165,254.27329940795897,253.9233362833659,253.69953816731768,610500.0,603560.0,638480.0,684300.0,729720.0,696880.0,698490.0,767960.0,837050.0,909400.0,738490.0,746055.0,749520.0,743780.0,739460.0,649720.0,663023.3333333335,672046.6666666665,670830.0,669180.0,614738.3333333335,613498.3333333335,614553.3333333335,615081.6666666665,612673.3333333335,0
2019-02-08,281.2272633303326,287.0896134023597,281.06031473378385,284.9292907714844,575400,1,282.277978515625,278.00835571289065,267.24642181396484,258.50342254638673,255.5185188293457,520440.0,602370.0,726830.0,659316.6666666665,615736.6666666665,283.6822204589844,282.70025634765625,284.0749816894531,276.00314331054693,273.37149047851557,279.96641845703124,278.9530090332031,276.8260498046875,273.9901062011719,273.73873291015633,277.41917724609374,276.2398284912109,274.7933776855469,272.25399169921883,270.9175262451172,265.08755416870116,263.0106796264648,260.7678512573242,258.66348266601557,256.8237564086914,257.15320994059243,255.36798248291012,253.78373158772786,252.01945343017582,250.65483907063802,255.24987818400064,254.98242518107097,254.70390396118165,254.27329940795897,253.9233362833659,541960.0,610500.0,603560.0,638480.0,684300.0,635840.0,696880.0,698490.0,767960.0,837050.0,721570.0,738490.0,746055.0,749520.0,743780.0,653906.6666666665,649720.0,663023.3333333335,672046.6666666665,670830.0,612856.6666666665,614738.3333333335,613498.3333333335,614553.3333333335,615081.6666666665,0
2019-02-11,285.93093221231635,290.1926920512654,284.2910538474204,289.5445861816406,623100,0,284.98626708984375,279.4881866455078,269.4985778808594,260.02188110351557,255.9499768575033,541080.0,589780.0,736355.0,666320.0,619186.6666666665,284.9292907714844,283.6822204589844,282.70025634765625,284.0749816894531,276.00314331054693,282.277978515625,279.96641845703124,278.9530090332031,276.8260498046875,273.9901062011719,278.00835571289065,277.41917724609374,276.2398284912109,274.7933776855469,272.25399169921883,267.24642181396484,265.08755416870116,263.0106796264648,260.7678512573242,258.66348266601557,258.50342254638673,257.15320994059243,255.36798248291012,253.78373158772786,252.01945343017582,255.5185188293457,255.24987818400064,254.98242518107097,254.70390396118165,254.27329940795897,520440.0,541960.0,610500.0,603560.0,638480.0,602370.0,635840.0,696880.0,698490.0,767960.0,726830.0,721570.0,738490.0,746055.0,749520.0,659316.6666666665,653906.6666666665,649720.0,663023.3333333335,672046.6666666665,615736.6666666665,612856.6666666665,614738.3333333335,613498.3333333335,614553.3333333335,0
2019-02-12,290.5658188869723,291.8031145169361,281.4040235355226,282.032470703125,729300,1,284.5777648925781,280.7019073486328,271.6117828369141,261.24149169921867,256.32776006062824,587260.0,595410.0,739525.0,677156.6666666665,625390.0,289.5445861816406,284.9292907714844,283.6822204589844,282.70025634765625,284.0749816894531,284.98626708984375,282.277978515625,279.96641845703124,278.9530090332031,276.8260498046875,279.4881866455078,278.00835571289065,277.41917724609374,276.2398284912109,274.7933776855469,269.4985778808594,267.24642181396484,265.08755416870116,263.0106796264648,260.7678512573242,260.02188110351557,258.50342254638673,257.15320994059243,255.36798248291012,253.78373158772786,255.9499768575033,255.5185188293457,255.24987818400064,254.98242518107097,254.70390396118165,541080.0,520440.0,541960.0,610500.0,603560.0,589780.0,602370.0,635840.0,696880.0,698490.0,736355.0,726830.0,721570.0,738490.0,746055.0,666320.0,659316.6666666665,653906.6666666665,649720.0,663023.3333333335,619186.6666666665,615736.6666666665,612856.6666666665,614738.3333333335,613498.3333333335,0
2019-02-13,282.53329330371105,284.5659847537076,279.1356748675285,283.59381103515625,474300,0,284.7564758300781,281.8547424316406,273.6204086303711,262.57730102539057,256.70854008992507,555380.0,582940.0,734115.0,678193.3333333335,626760.0,282.032470703125,289.5445861816406,284.9292907714844,283.6822204589844,282.70025634765625,284.5777648925781,284.98626708984375,282.277978515625,279.96641845703124,278.9530090332031,280.7019073486328,279.4881866455078,278.00835571289065,277.41917724609374,276.2398284912109,271.6117828369141,269.4985778808594,267.24642181396484,265.08755416870116,263.0106796264648,261.24149169921867,260.02188110351557,258.50342254638673,257.15320994059243,255.36798248291012,256.32776006062824,255.9499768575033,255.5185188293457,255.24987818400064,254.98242518107097,587260.0,541080.0,520440.0,541960.0,610500.0,595410.0,589780.0,602370.0,635840.0,696880.0,739525.0,736355.0,726830.0,721570.0,738490.0,677156.6666666665,666320.0,659316.6666666665,653906.6666666665,649720.0,625390.0,619186.6666666665,615736.6666666665,612856.6666666665,614738.3333333335,0
2019-02-14,281.4629175753836,286.52007238439444,280.7067792082777,282.00299072265625,871800,0,284.4206298828125,282.1935241699219,275.60055618286134,264.0136001586914,257.16895217895507,654780.0,598370.0,753885.0,692430.0,630798.3333333335,283.59381103515625,282.032470703125,289.5445861816406,284.9292907714844,283.6822204589844,284.7564758300781,284.5777648925781,284.98626708984375,282.277978515625,279.96641845703124,281.8547424316406,280.7019073486328,279.4881866455078,278.00835571289065,277.41917724609374,273.6204086303711,271.6117828369141,269.4985778808594,267.24642181396484,265.08755416870116,262.57730102539057,261.24149169921867,260.02188110351557,258.50342254638673,257.15320994059243,256.70854008992507,256.32776006062824,255.9499768575033,255.5185188293457,255.24987818400064,555380.0,587260.0,541080.0,520440.0,541960.0,582940.0,595410.0,589780.0,602370.0,635840.0,734115.0,739525.0,736355.0,726830.0,721570.0,678193.3333333335,677156.6666666665,666320.0,659316.6666666665,653906.6666666665,626760.0,625390.0,619186.6666666665,615736.6666666665,612856.6666666665,0
2019-02-15,282.88677214686265,284.41867761581835,274.31416693018497,276.5726928710937,823400,0,282.7493103027344,282.5136444091797,276.71558532714846,265.3870524088542,257.45720850626634,704380.0,612410.0,724730.0,699990.0,625973.3333333335,282.00299072265625,283.59381103515625,282.032470703125,289.5445861816406,284.9292907714844,284.4206298828125,284.7564758300781,284.5777648925781,284.98626708984375,282.277978515625,282.1935241699219,281.8547424316406,280.7019073486328,279.4881866455078,278.00835571289065,275.60055618286134,273.6204086303711,271.6117828369141,269.4985778808594,267.24642181396484,264.0136001586914,262.57730102539057,261.24149169921867,260.02188110351557,258.50342254638673,257.16895217895507,256.70854008992507,256.32776006062824,255.9499768575033,255.5185188293457,654780.0,555380.0,587260.0,541080.0,520440.0,598370.0,582940.0,595410.0,589780.0,602370.0,753885.0,734115.0,739525.0,736355.0,726830.0,692430.0,678193.3333333335,677156.6666666665,666320.0,659316.6666666665,630798.3333333335,626760.0,625390.0,619186.6666666665,615736.6666666665,0
2019-02-19,275.0408019387554,276.5628780026155,270.7299562404557,274.19631958007807,930400,0,279.67965698242193,282.3329620361328,277.2934768676758,266.55330912272143,257.9108024597168,765840.0,653460.0,710710.0,717500.0,628288.3333333335,276.5726928710937,282.00299072265625,283.59381103515625,282.032470703125,289.5445861816406,282.7493103027344,284.4206298828125,284.7564758300781,284.5777648925781,284.98626708984375,282.5136444091797,282.1935241699219,281.8547424316406,280.7019073486328,279.4881866455078,276.71558532714846,275.60055618286134,273.6204086303711,271.6117828369141,269.4985778808594,265.3870524088542,264.0136001586914,262.57730102539057,261.24149169921867,260.02188110351557,257.45720850626634,257.16895217895507,256.70854008992507,256.32776006062824,255.9499768575033,704380.0,654780.0,555380.0,587260.0,541080.0,612410.0,598370.0,582940.0,595410.0,589780.0,724730.0,753885.0,734115.0,739525.0,736355.0,699990.0,692430.0,678193.3333333335,677156.6666666665,666320.0,625973.3333333335,630798.3333333335,626760.0,625390.0,619186.6666666665,0
2019-02-20,274.6480451761397,275.42381227772097,271.3486001399747,273.4696655273437,1056200,0,277.96709594726565,281.27243041992193,278.03290405273435,267.6027109781901,258.3008455912272,831220.0,709240.0,703865.0,733783.3333333335,631056.6666666665,274.19631958007807,276.5726928710937,282.00299072265625,283.59381103515625,282.032470703125,279.67965698242193,282.7493103027344,284.4206298828125,284.7564758300781,284.5777648925781,282.3329620361328,282.5136444091797,282.1935241699219,281.8547424316406,280.7019073486328,277.2934768676758,276.71558532714846,275.60055618286134,273.6204086303711,271.6117828369141,266.55330912272143,265.3870524088542,264.0136001586914,262.57730102539057,261.24149169921867,257.9108024597168,257.45720850626634,257.16895217895507,256.70854008992507,256.32776006062824,765840.0,704380.0,654780.0,555380.0,587260.0,653460.0,612410.0,598370.0,582940.0,595410.0,710710.0,724730.0,753885.0,734115.0,739525.0,717500.0,699990.0,692430.0,678193.3333333335,677156.6666666665,628288.3333333335,625973.3333333335,630798.3333333335,626760.0,625390.0,0
2019-02-21,256.76633334887003,257.66973180634056,245.51291518901314,248.44900512695312,3877500,1,270.938134765625,277.8473052978516,277.04356689453124,267.9562215169271,258.20251490275064,1511860.0,1033620.0,865250.0,836866.6666666665,686891.6666666665,273.4696655273437,274.19631958007807,276.5726928710937,282.00299072265625,283.59381103515625,277.96709594726565,279.67965698242193,282.7493103027344,284.4206298828125,284.7564758300781,281.27243041992193,282.3329620361328,282.5136444091797,282.1935241699219,281.8547424316406,278.03290405273435,277.2934768676758,276.71558532714846,275.60055618286134,273.6204086303711,267.6027109781901,266.55330912272143,265.3870524088542,264.0136001586914,262.57730102539057,258.3008455912272,257.9108024597168,257.45720850626634,257.16895217895507,256.70854008992507,831220.0,765840.0,704380.0,654780.0,555380.0,709240.0,653460.0,612410.0,598370.0,582940.0,703865.0,710710.0,724730.0,753885.0,734115.0,733783.3333333335,717500.0,699990.0,692430.0,678193.3333333335,631056.6666666665,628288.3333333335,625973.3333333335,630798.3333333335,626760.0,0
2019-02-22,247.65354832542963,258.1606547622598,247.65354832542963,256.0101318359375,1785000,0,265.73956298828125,275.08009643554686,276.2496368408203,268.4184015909831,258.1826815287272,1694500.0,1174640.0,905240.0,872593.3333333335,713390.0,248.44900512695312,273.4696655273437,274.19631958007807,276.5726928710937,282.00299072265625,270.938134765625,277.96709594726565,279.67965698242193,282.7493103027344,284.4206298828125,277.8473052978516,281.27243041992193,282.3329620361328,282.5136444091797,282.1935241699219,277.04356689453124,278.03290405273435,277.2934768676758,276.71558532714846,275.60055618286134,267.9562215169271,267.6027109781901,266.55330912272143,265.3870524088542,264.0136001586914,258.20251490275064,258.3008455912272,257.9108024597168,257.45720850626634,257.16895217895507,1511860.0,831220.0,765840.0,704380.0,654780.0,1033620.0,709240.0,653460.0,612410.0,598370.0,865250.0,703865.0,710710.0,724730.0,753885.0,836866.6666666665,733783.3333333335,717500.0,699990.0,692430.0,686891.6666666665,631056.6666666665,628288.3333333335,625973.3333333335,630798.3333333335,1
2019-02-25,257.1492645695157,257.58133508666594,249.00871499696427,251.326171875,1231700,0,260.6902587890625,271.71978454589845,274.8640701293945,268.7375427246094,258.021748606364,1776160.0,1240270.0,921320.0,897976.6666666665,723761.6666666665,256.0101318359375,248.44900512695312,273.4696655273437,274.19631958007807,276.5726928710937,265.73956298828125,270.938134765625,277.96709594726565,279.67965698242193,282.7493103027344,275.08009643554686,277.8473052978516,281.27243041992193,282.3329620361328,282.5136444091797,276.2496368408203,277.04356689453124,278.03290405273435,277.2934768676758,276.71558532714846,268.4184015909831,267.9562215169271,267.6027109781901,266.55330912272143,265.3870524088542,258.1826815287272,258.20251490275064,258.3008455912272,257.9108024597168,257.45720850626634,1694500.0,1511860.0,831220.0,765840.0,704380.0,1174640.0,1033620.0,709240.0,653460.0,612410.0,905240.0,865250.0,703865.0,710710.0,724730.0,872593.3333333335,836866.6666666665,733783.3333333335,717500.0,699990.0,713390.0,686891.6666666665,631056.6666666665,628288.3333333335,625973.3333333335,1
2019-02-26,251.34583341146404,253.25084857958583,247.48667145757148,248.2526092529297,997500,0,255.50151672363282,267.59058685302733,273.5393867492676,268.86258087158205,257.7733357747396,1789580.0,1277710.0,933745.0,916806.6666666665,732386.6666666665,251.326171875,256.0101318359375,248.44900512695312,273.4696655273437,274.19631958007807,260.6902587890625,265.73956298828125,270.938134765625,277.96709594726565,279.67965698242193,271.71978454589845,275.08009643554686,277.8473052978516,281.27243041992193,282.3329620361328,274.8640701293945,276.2496368408203,277.04356689453124,278.03290405273435,277.2934768676758,268.7375427246094,268.4184015909831,267.9562215169271,267.6027109781901,266.55330912272143,258.021748606364,258.1826815287272,258.20251490275064,258.3008455912272,257.9108024597168,1776160.0,1694500.0,1511860.0,831220.0,765840.0,1240270.0,1174640.0,1033620.0,709240.0,653460.0,921320.0,905240.0,865250.0,703865.0,710710.0,897976.6666666665,872593.3333333335,836866.6666666665,733783.3333333335,717500.0,723761.6666666665,713390.0,686891.6666666665,631056.6666666665,628288.3333333335,1
2019-02-27,246.9465919729712,250.5308027924332,246.6519970450575,247.95802307128903,568200,0,250.39918823242184,264.18314208984367,272.4425247192383,269.1355692545573,257.43476994832355,1691980.0,1261600.0,928505.0,913550.0,735621.6666666665,248.2526092529297,251.326171875,256.0101318359375,248.44900512695312,273.4696655273437,255.50151672363282,260.6902587890625,265.73956298828125,270.938134765625,277.96709594726565,267.59058685302733,271.71978454589845,275.08009643554686,277.8473052978516,281.27243041992193,273.5393867492676,274.8640701293945,276.2496368408203,277.04356689453124,278.03290405273435,268.86258087158205,268.7375427246094,268.4184015909831,267.9562215169271,267.6027109781901,257.7733357747396,258.021748606364,258.1826815287272,258.20251490275064,258.3008455912272,1789580.0,1776160.0,1694500.0,1511860.0,831220.0,1277710.0,1240270.0,1174640.0,1033620.0,709240.0,933745.0,921320.0,905240.0,865250.0,703865.0,916806.6666666665,897976.6666666665,872593.3333333335,836866.6666666665,733783.3333333335,732386.6666666665,723761.6666666665,713390.0,686891.6666666665,631056.6666666665,1
2019-02-28,247.3295332343393,248.16421627282918,243.4900302149544,246.4163055419922,1047100,0,249.99264831542968,260.4653915405273,271.16006698608396,269.23540293375646,256.96632232666013,1125900.0,1318880.0,950910.0,929036.6666666665,743860.0,247.95802307128903,248.2526092529297,251.326171875,256.0101318359375,248.44900512695312,250.39918823242184,255.50151672363282,260.6902587890625,265.73956298828125,270.938134765625,264.18314208984367,267.59058685302733,271.71978454589845,275.08009643554686,277.8473052978516,272.4425247192383,273.5393867492676,274.8640701293945,276.2496368408203,277.04356689453124,269.1355692545573,268.86258087158205,268.7375427246094,268.4184015909831,267.9562215169271,257.43476994832355,257.7733357747396,258.021748606364,258.1826815287272,258.20251490275064,1691980.0,1789580.0,1776160.0,1694500.0,1511860.0,1261600.0,1277710.0,1240270.0,1174640.0,1033620.0,928505.0,933745.0,921320.0,905240.0,865250.0,913550.0,916806.6666666665,897976.6666666665,872593.3333333335,836866.6666666665,735621.6666666665,732386.6666666665,723761.6666666665,713390.0,686891.6666666665,1
2019-03-01,248.5569978490404,249.12654397994618,241.43769368829533,246.2100830078125,781200,0,248.0326385498047,256.88610076904297,269.5398124694824,269.36240437825523,256.5411417643229,925140.0,1309820.0,954095.0,939196.6666666665,746885.0,246.4163055419922,247.95802307128903,248.2526092529297,251.326171875,256.0101318359375,249.99264831542968,250.39918823242184,255.50151672363282,260.6902587890625,265.73956298828125,260.4653915405273,264.18314208984367,267.59058685302733,271.71978454589845,275.08009643554686,271.16006698608396,272.4425247192383,273.5393867492676,274.8640701293945,276.2496368408203,269.23540293375646,269.1355692545573,268.86258087158205,268.7375427246094,268.4184015909831,256.96632232666013,257.43476994832355,257.7733357747396,258.021748606364,258.1826815287272,1125900.0,1691980.0,1789580.0,1776160.0,1694500.0,1318880.0,1261600.0,1277710.0,1240270.0,1174640.0,950910.0,928505.0,933745.0,921320.0,905240.0,929036.6666666665,913550.0,916806.6666666665,897976.6666666665,872593.3333333335,743860.0,735621.6666666665,732386.6666666665,723761.6666666665,713390.0,1
2019-03-04,246.24938802447727,247.94819721988884,240.59321361910827,244.08905029296875,776300,1,246.58521423339843,253.63773651123046,268.07569046020507,269.0229690551758,256.0962890625,834060.0,1305110.0,958760.0,918190.0,751356.6666666665,246.2100830078125,246.4163055419922,247.95802307128903,248.2526092529297,251.326171875,248.0326385498047,249.99264831542968,250.39918823242184,255.50151672363282,260.6902587890625,256.88610076904297,260.4653915405273,264.18314208984367,267.59058685302733,271.71978454589845,269.5398124694824,271.16006698608396,272.4425247192383,273.5393867492676,274.8640701293945,269.36240437825523,269.23540293375646,269.1355692545573,268.86258087158205,268.7375427246094,256.5411417643229,256.96632232666013,257.43476994832355,257.7733357747396,258.021748606364,925140.0,1125900.0,1691980.0,1789580.0,1776160.0,1309820.0,1318880.0,1261600.0,1277710.0,1240270.0,954095.0,950910.0,928505.0,933745.0,921320.0,939196.6666666665,929036.6666666665,913550.0,916806.6666666665,897976.6666666665,746885.0,743860.0,735621.6666666665,732386.6666666665,723761.6666666665,1
2019-03-05,245.40487328011082,248.095469680424,243.0874164266934,244.8353271484375,586900,0,245.9017578125,250.7016372680664,266.5172996520996,268.42953033447264,255.83272857666012,751940.0,1270760.0,962110.0,897393.3333333335,751693.3333333335,244.08905029296875,246.2100830078125,246.4163055419922,247.95802307128903,248.2526092529297,246.58521423339843,248.0326385498047,249.99264831542968,250.39918823242184,255.50151672363282,253.63773651123046,256.88610076904297,260.4653915405273,264.18314208984367,267.59058685302733,268.07569046020507,269.5398124694824,271.16006698608396,272.4425247192383,273.5393867492676,269.0229690551758,269.36240437825523,269.23540293375646,269.1355692545573,268.86258087158205,256.0962890625,256.5411417643229,256.96632232666013,257.43476994832355,257.7733357747396,834060.0,925140.0,1125900.0,1691980.0,1789580.0,1305110.0,1309820.0,1318880.0,1261600.0,1277710.0,958760.0,954095.0,950910.0,928505.0,933745.0,918190.0,939196.6666666665,929036.6666666665,913550.0,916806.6666666665,751356.6666666665,746885.0,743860.0,735621.6666666665,732386.6666666665,1
2019-03-06,245.169233748916,246.62254981065158,242.96960850607533,244.1185302734375,538400,0,245.13385925292968,247.76652374267582,264.5194770812988,267.9441106160482,255.551015218099,745980.0,1218980.0,964110.0,875570.0,749191.6666666665,244.8353271484375,244.08905029296875,246.2100830078125,246.4163055419922,247.95802307128903,245.9017578125,246.58521423339843,248.0326385498047,249.99264831542968,250.39918823242184,250.7016372680664,253.63773651123046,256.88610076904297,260.4653915405273,264.18314208984367,266.5172996520996,268.07569046020507,269.5398124694824,271.16006698608396,272.4425247192383,268.42953033447264,269.0229690551758,269.36240437825523,269.23540293375646,269.1355692545573,255.83272857666012,256.0962890625,256.5411417643229,256.96632232666013,257.43476994832355,751940.0,834060.0,925140.0,1125900.0,1691980.0,1270760.0,1305110.0,1309820.0,1318880.0,1261600.0,962110.0,958760.0,954095.0,950910.0,928505.0,897393.3333333335,918190.0,939196.6666666665,929036.6666666665,913550.0,751693.3333333335,751356.6666666665,746885.0,743860.0,735621.6666666665,1
2019-03-07,244.40323870602128,244.5505286500801,241.1430964132046,243.47036743164062,454700,1,244.54467163085937,247.26865997314454,262.55798263549804,267.1185979207357,255.39044596354168,627500.0,876700.0,955160.0,869066.6666666665,749570.0,244.1185302734375,244.8353271484375,244.08905029296875,246.2100830078125,246.4163055419922,245.13385925292968,245.9017578125,246.58521423339843,248.0326385498047,249.99264831542968,247.76652374267582,250.7016372680664,253.63773651123046,256.88610076904297,260.4653915405273,264.5194770812988,266.5172996520996,268.07569046020507,269.5398124694824,271.16006698608396,267.9441106160482,268.42953033447264,269.0229690551758,269.36240437825523,269.23540293375646,255.551015218099,255.83272857666012,256.0962890625,256.5411417643229,256.96632232666013,745980.0,751940.0,834060.0,925140.0,1125900.0,1218980.0,1270760.0,1305110.0,1309820.0,1318880.0,964110.0,962110.0,958760.0,954095.0,950910.0,875570.0,897393.3333333335,918190.0,939196.6666666665,929036.6666666665,749191.6666666665,751693.3333333335,751356.6666666665,746885.0,743860.0,1
2019-03-08,241.52609631137187,246.09226496901104,240.8190745215321,246.0038909912109,744800,0,244.50343322753903,246.26803588867188,260.6740661621094,266.2557698567708,255.32288920084642,620220.0,772680.0,973660.0,861053.3333333335,752011.6666666665,243.47036743164062,244.1185302734375,244.8353271484375,244.08905029296875,246.2100830078125,244.54467163085937,245.13385925292968,245.9017578125,246.58521423339843,248.0326385498047,247.26865997314454,247.76652374267582,250.7016372680664,253.63773651123046,256.88610076904297,262.55798263549804,264.5194770812988,266.5172996520996,268.07569046020507,269.5398124694824,267.1185979207357,267.9441106160482,268.42953033447264,269.0229690551758,269.36240437825523,255.39044596354168,255.551015218099,255.83272857666012,256.0962890625,256.5411417643229,627500.0,745980.0,751940.0,834060.0,925140.0,876700.0,1218980.0,1270760.0,1305110.0,1309820.0,955160.0,964110.0,962110.0,958760.0,954095.0,869066.6666666665,875570.0,897393.3333333335,918190.0,939196.6666666665,749570.0,749191.6666666665,751693.3333333335,751356.6666666665,746885.0,1
2019-03-11,246.29849531860668,246.61271891292847,240.8387124030301,242.53753662109366,879400,0,244.1931304931641,245.3891723632813,258.55447845458986,265.0391042073568,255.2499799092611,640840.0,737450.0,988860.0,860030.0,757100.0,246.0038909912109,243.47036743164062,244.1185302734375,244.8353271484375,244.08905029296875,244.50343322753903,244.54467163085937,245.13385925292968,245.9017578125,246.58521423339843,246.26803588867188,247.26865997314454,247.76652374267582,250.7016372680664,253.63773651123046,260.6740661621094,262.55798263549804,264.5194770812988,266.5172996520996,268.07569046020507,266.2557698567708,267.1185979207357,267.9441106160482,268.42953033447264,269.0229690551758,255.32288920084642,255.39044596354168,255.551015218099,255.83272857666012,256.0962890625,620220.0,627500.0,745980.0,751940.0,834060.0,772680.0,876700.0,1218980.0,1270760.0,1305110.0,973660.0,955160.0,964110.0,962110.0,958760.0,861053.3333333335,869066.6666666665,875570.0,897393.3333333335,918190.0,752011.6666666665,749570.0,749191.6666666665,751693.3333333335,751356.6666666665,1
2019-03-12,242.97942028985128,243.09725226416492,235.61462222085103,235.6735382080078,1264300,1,242.3607727050781,244.13126525878903,255.8609260559082,263.7366795857748,255.1005566914876,776320.0,764130.0,1020920.0,877206.6666666665,767498.3333333335,242.53753662109366,246.0038909912109,243.47036743164062,244.1185302734375,244.8353271484375,244.1931304931641,244.50343322753903,244.54467163085937,245.13385925292968,245.9017578125,245.3891723632813,246.26803588867188,247.26865997314454,247.76652374267582,250.7016372680664,258.55447845458986,260.6740661621094,262.55798263549804,264.5194770812988,266.5172996520996,265.0391042073568,266.2557698567708,267.1185979207357,267.9441106160482,268.42953033447264,255.2499799092611,255.32288920084642,255.39044596354168,255.551015218099,255.83272857666012,640840.0,620220.0,627500.0,745980.0,751940.0,737450.0,772680.0,876700.0,1218980.0,1270760.0,988860.0,973660.0,955160.0,964110.0,962110.0,860030.0,861053.3333333335,869066.6666666665,875570.0,897393.3333333335,757100.0,752011.6666666665,749570.0,749191.6666666665,751693.3333333335,1
2019-03-13,237.61782835375718,243.6176841348383,236.03685118442647,240.94671630859366,922500,1,241.72640991210938,243.43013458251957,253.80663833618163,262.77172800699867,255.0221623738607,853140.0,799560.0,1030580.0,885523.3333333335,774363.3333333335,235.6735382080078,242.53753662109366,246.0038909912109,243.47036743164062,244.1185302734375,242.3607727050781,244.1931304931641,244.50343322753903,244.54467163085937,245.13385925292968,244.13126525878903,245.3891723632813,246.26803588867188,247.26865997314454,247.76652374267582,255.8609260559082,258.55447845458986,260.6740661621094,262.55798263549804,264.5194770812988,263.7366795857748,265.0391042073568,266.2557698567708,267.1185979207357,267.9441106160482,255.1005566914876,255.2499799092611,255.32288920084642,255.39044596354168,255.551015218099,776320.0,640840.0,620220.0,627500.0,745980.0,764130.0,737450.0,772680.0,876700.0,1218980.0,1020920.0,988860.0,973660.0,955160.0,964110.0,877206.6666666665,860030.0,861053.3333333335,869066.6666666665,875570.0,767498.3333333335,757100.0,752011.6666666665,749570.0,749191.6666666665,1
2019-03-14,241.71469643865726,244.2549178618938,238.6624885597601,243.43771362304688,692600,0,241.71987915039062,243.132275390625,251.79883346557617,261.81746978759764,255.0041058858236,900720.0,764110.0,1041495.0,888643.3333333335,777105.0,240.94671630859366,235.6735382080078,242.53753662109366,246.0038909912109,243.47036743164062,241.72640991210938,242.3607727050781,244.1931304931641,244.50343322753903,244.54467163085937,243.43013458251957,244.13126525878903,245.3891723632813,246.26803588867188,247.26865997314454,253.80663833618163,255.8609260559082,258.55447845458986,260.6740661621094,262.55798263549804,262.77172800699867,263.7366795857748,265.0391042073568,266.2557698567708,267.1185979207357,255.0221623738607,255.1005566914876,255.2499799092611,255.32288920084642,255.39044596354168,853140.0,776320.0,640840.0,620220.0,627500.0,799560.0,764130.0,737450.0,772680.0,876700.0,1030580.0,1020920.0,988860.0,973660.0,955160.0,885523.3333333335,877206.6666666665,860030.0,861053.3333333335,869066.6666666665,774363.3333333335,767498.3333333335,757100.0,752011.6666666665,749570.0,0
2019-03-15,244.0382896488883,244.18597081513408,239.459993213072,240.50364685058602,1038100,0,240.61983032226559,242.5616317749024,249.7238662719727,260.5470855712891,255.04876556396485,959380.0,789800.0,1049810.0,899330.0,784255.0,243.43771362304688,240.94671630859366,235.6735382080078,242.53753662109366,246.0038909912109,241.71987915039062,241.72640991210938,242.3607727050781,244.1931304931641,244.50343322753903,243.132275390625,243.43013458251957,244.13126525878903,245.3891723632813,246.26803588867188,251.79883346557617,253.80663833618163,255.8609260559082,258.55447845458986,260.6740661621094,261.81746978759764,262.77172800699867,263.7366795857748,265.0391042073568,266.2557698567708,255.0041058858236,255.0221623738607,255.1005566914876,255.2499799092611,255.32288920084642,900720.0,853140.0,776320.0,640840.0,620220.0,764110.0,799560.0,764130.0,737450.0,772680.0,1041495.0,1030580.0,1020920.0,988860.0,973660.0,888643.3333333335,885523.3333333335,877206.6666666665,860030.0,861053.3333333335,777105.0,774363.3333333335,767498.3333333335,757100.0,752011.6666666665,0
2019-03-18,241.0255040447536,244.16632077987995,236.86072937307318,239.6569366455078,1068200,1,240.04371032714843,242.11842041015626,247.87807846069336,259.4232671101888,255.0390530904134,997140.0,818990.0,1062050.0,912170.0,791500.0,240.50364685058602,243.43771362304688,240.94671630859366,235.6735382080078,242.53753662109366,240.61983032226559,241.71987915039062,241.72640991210938,242.3607727050781,244.1931304931641,242.5616317749024,243.132275390625,243.43013458251957,244.13126525878903,245.3891723632813,249.7238662719727,251.79883346557617,253.80663833618163,255.8609260559082,258.55447845458986,260.5470855712891,261.81746978759764,262.77172800699867,263.7366795857748,265.0391042073568,255.04876556396485,255.0041058858236,255.0221623738607,255.1005566914876,255.2499799092611,959380.0,900720.0,853140.0,776320.0,640840.0,789800.0,764110.0,799560.0,764130.0,737450.0,1049810.0,1041495.0,1030580.0,1020920.0,988860.0,899330.0,888643.3333333335,885523.3333333335,877206.6666666665,860030.0,784255.0,777105.0,774363.3333333335,767498.3333333335,757100.0,0
2019-03-19,245.65301874194728,246.99204982581,241.1436348716377,244.92442321777344,1329500,0,241.8938873291016,242.12733001708983,246.4144836425781,258.38730977376304,255.20338160196943,1010180.0,893250.0,1082005.0,939156.6666666665,805601.6666666665,239.6569366455078,240.50364685058602,243.43771362304688,240.94671630859366,235.6735382080078,240.04371032714843,240.61983032226559,241.71987915039062,241.72640991210938,242.3607727050781,242.11842041015626,242.5616317749024,243.132275390625,243.43013458251957,244.13126525878903,247.87807846069336,249.7238662719727,251.79883346557617,253.80663833618163,255.8609260559082,259.4232671101888,260.5470855712891,261.81746978759764,262.77172800699867,263.7366795857748,255.0390530904134,255.04876556396485,255.0041058858236,255.0221623738607,255.1005566914876,997140.0,959380.0,900720.0,853140.0,776320.0,818990.0,789800.0,764110.0,799560.0,764130.0,1062050.0,1049810.0,1041495.0,1030580.0,1020920.0,912170.0,899330.0,888643.3333333335,885523.3333333335,877206.6666666665,791500.0,784255.0,777105.0,774363.3333333335,767498.3333333335,0
2019-03-20,244.77674942866486,244.796445260593,238.19973875183157,240.1787567138672,637400,1,241.74029541015625,241.7333526611328,244.74993820190429,256.9241022745768,255.3539169311524,953160.0,903150.0,1061065.0,943790.0,803406.6666666665,244.92442321777344,239.6569366455078,240.50364685058602,243.43771362304688,240.94671630859366,241.8938873291016,240.04371032714843,240.61983032226559,241.71987915039062,241.72640991210938,242.12733001708983,242.11842041015626,242.5616317749024,243.132275390625,243.43013458251957,246.4144836425781,247.87807846069336,249.7238662719727,251.79883346557617,253.80663833618163,258.38730977376304,259.4232671101888,260.5470855712891,261.81746978759764,262.77172800699867,255.20338160196943,255.0390530904134,255.04876556396485,255.0041058858236,255.0221623738607,1010180.0,997140.0,959380.0,900720.0,853140.0,893250.0,818990.0,789800.0,764110.0,799560.0,1082005.0,1062050.0,1049810.0,1041495.0,1030580.0,939156.6666666665,912170.0,899330.0,888643.3333333335,885523.3333333335,805601.6666666665,791500.0,784255.0,777105.0,774363.3333333335,0
2019-03-21,240.26737508221836,243.8906421032562,240.26737508221836,241.2716522216797,705700,0,241.3070831298828,241.51348114013672,244.39107055664059,255.5431488037109,255.45556564331054,955780.0,928250.0,902475.0,946190.0,797955.0,240.1787567138672,244.92442321777344,239.6569366455078,240.50364685058602,243.43771362304688,241.74029541015625,241.8938873291016,240.04371032714843,240.61983032226559,241.71987915039062,241.7333526611328,242.12733001708983,242.11842041015626,242.5616317749024,243.132275390625,244.74993820190429,246.4144836425781,247.87807846069336,249.7238662719727,251.79883346557617,256.9241022745768,258.38730977376304,259.4232671101888,260.5470855712891,261.81746978759764,255.3539169311524,255.20338160196943,255.0390530904134,255.04876556396485,255.0041058858236,953160.0,1010180.0,997140.0,959380.0,900720.0,903150.0,893250.0,818990.0,789800.0,764110.0,1061065.0,1082005.0,1062050.0,1049810.0,1041495.0,943790.0,939156.6666666665,912170.0,899330.0,888643.3333333335,803406.6666666665,805601.6666666665,791500.0,784255.0,777105.0,0
2019-03-22,239.64705635640524,241.2223922745437,235.48228211678048,235.56105041503903,847900,1,240.31856384277344,240.46919708251957,243.3686164855957,253.9391098022461,255.5461598714193,917740.0,938560.0,855620.0,961960.0,807933.3333333335,241.2716522216797,240.1787567138672,244.92442321777344,239.6569366455078,240.50364685058602,241.3070831298828,241.74029541015625,241.8938873291016,240.04371032714843,240.61983032226559,241.51348114013672,241.7333526611328,242.12733001708983,242.11842041015626,242.5616317749024,244.39107055664059,244.74993820190429,246.4144836425781,247.87807846069336,249.7238662719727,255.5431488037109,256.9241022745768,258.38730977376304,259.4232671101888,260.5470855712891,255.45556564331054,255.3539169311524,255.20338160196943,255.0390530904134,255.04876556396485,955780.0,953160.0,1010180.0,997140.0,959380.0,928250.0,903150.0,893250.0,818990.0,789800.0,902475.0,1061065.0,1082005.0,1062050.0,1049810.0,946190.0,943790.0,939156.6666666665,912170.0,899330.0,797955.0,803406.6666666665,805601.6666666665,791500.0,784255.0,1
2019-03-25,235.82691729867162,240.53321471310682,235.62014861522167,238.82003784179688,685700,1,240.15118408203125,240.09744720458986,242.7433097839356,252.40213470458986,255.45277862548832,841240.0,919190.0,828320.0,965636.6666666665,812476.6666666665,235.56105041503903,241.2716522216797,240.1787567138672,244.92442321777344,239.6569366455078,240.31856384277344,241.3070831298828,241.74029541015625,241.8938873291016,240.04371032714843,240.46919708251957,241.51348114013672,241.7333526611328,242.12733001708983,242.11842041015626,243.3686164855957,244.39107055664059,244.74993820190429,246.4144836425781,247.87807846069336,253.9391098022461,255.5431488037109,256.9241022745768,258.38730977376304,259.4232671101888,255.5461598714193,255.45556564331054,255.3539169311524,255.20338160196943,255.0390530904134,917740.0,955780.0,953160.0,1010180.0,997140.0,938560.0,928250.0,903150.0,893250.0,818990.0,855620.0,902475.0,1061065.0,1082005.0,1062050.0,961960.0,946190.0,943790.0,939156.6666666665,912170.0,807933.3333333335,797955.0,803406.6666666665,805601.6666666665,791500.0,1
2019-03-26,240.61196416542268,241.93129939904358,239.17446896901023,241.61622619628903,682300,1,239.48954467773441,240.691716003418,242.4114906311035,250.80452270507809,255.41320190429687,711800.0,860990.0,812560.0,967610.0,816965.0,238.82003784179688,235.56105041503903,241.2716522216797,240.1787567138672,244.92442321777344,240.15118408203125,240.31856384277344,241.3070831298828,241.74029541015625,241.8938873291016,240.09744720458986,240.46919708251957,241.51348114013672,241.7333526611328,242.12733001708983,242.7433097839356,243.3686164855957,244.39107055664059,244.74993820190429,246.4144836425781,252.40213470458986,253.9391098022461,255.5431488037109,256.9241022745768,258.38730977376304,255.45277862548832,255.5461598714193,255.45556564331054,255.3539169311524,255.20338160196943,841240.0,917740.0,955780.0,953160.0,1010180.0,919190.0,938560.0,928250.0,903150.0,893250.0,828320.0,855620.0,902475.0,1061065.0,1082005.0,965636.6666666665,961960.0,946190.0,943790.0,939156.6666666665,812476.6666666665,807933.3333333335,797955.0,803406.6666666665,805601.6666666665,1
2019-03-27,241.03535502249008,245.6333480694722,241.03535502249008,243.7626495361328,575200,1,240.2063232421875,240.97330932617191,242.20172195434571,249.5288619995117,255.3851768493652,699360.0,826260.0,812910.0,962473.3333333335,819815.0,241.61622619628903,238.82003784179688,235.56105041503903,241.2716522216797,240.1787567138672,239.48954467773441,240.15118408203125,240.31856384277344,241.3070831298828,241.74029541015625,240.691716003418,240.09744720458986,240.46919708251957,241.51348114013672,241.7333526611328,242.4114906311035,242.7433097839356,243.3686164855957,244.39107055664059,244.74993820190429,250.80452270507809,252.40213470458986,253.9391098022461,255.5431488037109,256.9241022745768,255.41320190429687,255.45277862548832,255.5461598714193,255.45556564331054,255.3539169311524,711800.0,841240.0,917740.0,955780.0,953160.0,860990.0,919190.0,938560.0,928250.0,903150.0,812560.0,828320.0,855620.0,902475.0,1061065.0,967610.0,965636.6666666665,961960.0,946190.0,943790.0,816965.0,812476.6666666665,807933.3333333335,797955.0,803406.6666666665,1
2019-03-28,243.53617659596358,250.24117246062386,241.1731725973868,250.0048675537109,905000,1,241.95296630859372,241.63002471923832,242.38115005493165,248.40923055013025,255.49326578776038,739220.0,847500.0,805805.0,976830.0,827511.6666666665,243.7626495361328,241.61622619628903,238.82003784179688,235.56105041503903,241.2716522216797,240.2063232421875,239.48954467773441,240.15118408203125,240.31856384277344,241.3070831298828,240.97330932617191,240.691716003418,240.09744720458986,240.46919708251957,241.51348114013672,242.20172195434571,242.4114906311035,242.7433097839356,243.3686164855957,244.39107055664059,249.5288619995117,250.80452270507809,252.40213470458986,253.9391098022461,255.5431488037109,255.3851768493652,255.41320190429687,255.45277862548832,255.5461598714193,255.45556564331054,699360.0,711800.0,841240.0,917740.0,955780.0,826260.0,860990.0,919190.0,938560.0,928250.0,812910.0,812560.0,828320.0,855620.0,902475.0,962473.3333333335,967610.0,965636.6666666665,961960.0,946190.0,819815.0,816965.0,812476.6666666665,807933.3333333335,797955.0,1
2019-03-29,251.06821453017415,256.49326674154395,250.25101030358718,254.12042236328125,1111800,0,245.6648406982422,242.9917022705078,242.77666702270508,247.47981160481768,255.74670588175456,792000.0,854870.0,822335.0,984830.0,838630.0,250.0048675537109,243.7626495361328,241.61622619628903,238.82003784179688,235.56105041503903,241.95296630859372,240.2063232421875,239.48954467773441,240.15118408203125,240.31856384277344,241.63002471923832,240.97330932617191,240.691716003418,240.09744720458986,240.46919708251957,242.38115005493165,242.20172195434571,242.4114906311035,242.7433097839356,243.3686164855957,248.40923055013025,249.5288619995117,250.80452270507809,252.40213470458986,253.9391098022461,255.49326578776038,255.3851768493652,255.41320190429687,255.45277862548832,255.5461598714193,739220.0,699360.0,711800.0,841240.0,917740.0,847500.0,826260.0,860990.0,919190.0,938560.0,805805.0,812910.0,812560.0,828320.0,855620.0,976830.0,962473.3333333335,967610.0,965636.6666666665,961960.0,827511.6666666665,819815.0,816965.0,812476.6666666665,807933.3333333335,1
2019-04-01,254.72100726738464,255.262544984154,245.5939498791504,245.60379028320312,1333500,0,247.02159118652344,243.58638763427732,242.8524040222168,246.44751485188806,255.9172836303711,921560.0,881400.0,850195.0,1001833.3333333335,850911.6666666665,254.12042236328125,250.0048675537109,243.7626495361328,241.61622619628903,238.82003784179688,245.6648406982422,241.95296630859372,240.2063232421875,239.48954467773441,240.15118408203125,242.9917022705078,241.63002471923832,240.97330932617191,240.691716003418,240.09744720458986,242.77666702270508,242.38115005493165,242.20172195434571,242.4114906311035,242.7433097839356,247.47981160481768,248.40923055013025,249.5288619995117,250.80452270507809,252.40213470458986,255.74670588175456,255.49326578776038,255.3851768493652,255.41320190429687,255.45277862548832,792000.0,739220.0,699360.0,711800.0,841240.0,854870.0,847500.0,826260.0,860990.0,919190.0,822335.0,805805.0,812910.0,812560.0,828320.0,984830.0,976830.0,962473.3333333335,967610.0,965636.6666666665,838630.0,827511.6666666665,819815.0,816965.0,812476.6666666665,1
2019-04-02,246.14530770148826,246.8443669857081,241.1534736500137,241.4390106201172,1088300,1,246.98614807128902,243.2378463745117,242.68258819580083,245.3556045532226,255.954456837972,1002760.0,857280.0,875265.0,1007096.6666666665,862298.3333333335,245.60379028320312,254.12042236328125,250.0048675537109,243.7626495361328,241.61622619628903,247.02159118652344,245.6648406982422,241.95296630859372,240.2063232421875,239.48954467773441,243.58638763427732,242.9917022705078,241.63002471923832,240.97330932617191,240.691716003418,242.8524040222168,242.77666702270508,242.38115005493165,242.20172195434571,242.4114906311035,246.44751485188806,247.47981160481768,248.40923055013025,249.5288619995117,250.80452270507809,255.9172836303711,255.74670588175456,255.49326578776038,255.3851768493652,255.41320190429687,921560.0,792000.0,739220.0,699360.0,711800.0,881400.0,854870.0,847500.0,826260.0,860990.0,850195.0,822335.0,805805.0,812910.0,812560.0,1001833.3333333335,984830.0,976830.0,962473.3333333335,967610.0,850911.6666666665,838630.0,827511.6666666665,819815.0,816965.0,1
2019-04-03,244.13677939003315,249.8867304264011,240.9664264848504,249.20736694335938,1004900,0,248.07509155273442,244.1407073974609,242.93703002929686,244.54686126708984,256.07478612264,1088700.0,894030.0,898590.0,1005386.6666666665,869585.0,241.4390106201172,245.60379028320312,254.12042236328125,250.0048675537109,243.7626495361328,246.98614807128902,247.02159118652344,245.6648406982422,241.95296630859372,240.2063232421875,243.2378463745117,243.58638763427732,242.9917022705078,241.63002471923832,240.97330932617191,242.68258819580083,242.8524040222168,242.77666702270508,242.38115005493165,242.20172195434571,245.3556045532226,246.44751485188806,247.47981160481768,248.40923055013025,249.5288619995117,255.954456837972,255.9172836303711,255.74670588175456,255.49326578776038,255.3851768493652,1002760.0,921560.0,792000.0,739220.0,699360.0,857280.0,881400.0,854870.0,847500.0,826260.0,875265.0,850195.0,822335.0,805805.0,812910.0,1007096.6666666665,1001833.3333333335,984830.0,976830.0,962473.3333333335,862298.3333333335,850911.6666666665,838630.0,827511.6666666665,819815.0,1
2019-04-04,250.20176204180882,250.4479073342389,242.4531130436349,245.1016387939453,774600,1,247.09444580078124,244.5237060546875,243.01859359741212,244.43528238932288,256.195751953125,1062620.0,900920.0,914585.0,901956.6666666665,869411.6666666665,249.20736694335938,241.4390106201172,245.60379028320312,254.12042236328125,250.0048675537109,248.07509155273442,246.98614807128902,247.02159118652344,245.6648406982422,241.95296630859372,244.1407073974609,243.2378463745117,243.58638763427732,242.9917022705078,241.63002471923832,242.93703002929686,242.68258819580083,242.8524040222168,242.77666702270508,242.38115005493165,244.54686126708984,245.3556045532226,246.44751485188806,247.47981160481768,248.40923055013025,256.07478612264,255.954456837972,255.9172836303711,255.74670588175456,255.49326578776038,1088700.0,1002760.0,921560.0,792000.0,739220.0,894030.0,857280.0,881400.0,854870.0,847500.0,898590.0,875265.0,850195.0,822335.0,805805.0,1005386.6666666665,1007096.6666666665,1001833.3333333335,984830.0,976830.0,869585.0,862298.3333333335,850911.6666666665,838630.0,827511.6666666665,0
2019-04-05,245.9779444893329,250.65470559793044,244.18599933748683,250.635009765625,884300,0,246.39736328125,246.0311019897461,243.25014953613282,244.25611165364586,256.33725662231444,1017120.0,904560.0,921560.0,871933.3333333335,872263.3333333335,245.1016387939453,249.20736694335938,241.4390106201172,245.60379028320312,254.12042236328125,247.09444580078124,248.07509155273442,246.98614807128902,247.02159118652344,245.6648406982422,244.5237060546875,244.1407073974609,243.2378463745117,243.58638763427732,242.9917022705078,243.01859359741212,242.93703002929686,242.68258819580083,242.8524040222168,242.77666702270508,244.43528238932288,244.54686126708984,245.3556045532226,246.44751485188806,247.47981160481768,256.195751953125,256.07478612264,255.954456837972,255.9172836303711,255.74670588175456,1062620.0,1088700.0,1002760.0,921560.0,792000.0,900920.0,894030.0,857280.0,881400.0,854870.0,914585.0,898590.0,875265.0,850195.0,822335.0,901956.6666666665,1005386.6666666665,1007096.6666666665,1001833.3333333335,984830.0,869411.6666666665,869585.0,862298.3333333335,850911.6666666665,838630.0,1
2019-04-08,249.7587331430723,250.52670534465912,242.8962003743013,243.68386840820312,813200,1,246.01337890625,246.51748504638672,243.30746612548828,244.00136820475257,256.36945546468104,913060.0,917310.0,918250.0,857983.3333333335,877980.0,250.635009765625,245.1016387939453,249.20736694335938,241.4390106201172,245.60379028320312,246.39736328125,247.09444580078124,248.07509155273442,246.98614807128902,247.02159118652344,246.0311019897461,244.5237060546875,244.1407073974609,243.2378463745117,243.58638763427732,243.25014953613282,243.01859359741212,242.93703002929686,242.68258819580083,242.8524040222168,244.25611165364586,244.43528238932288,244.54686126708984,245.3556045532226,246.44751485188806,256.33725662231444,256.195751953125,256.07478612264,255.954456837972,255.9172836303711,1017120.0,1062620.0,1088700.0,1002760.0,921560.0,904560.0,900920.0,894030.0,857280.0,881400.0,921560.0,914585.0,898590.0,875265.0,850195.0,871933.3333333335,901956.6666666665,1005386.6666666665,1007096.6666666665,1001833.3333333335,872263.3333333335,869411.6666666665,869585.0,862298.3333333335,850911.6666666665,1
2019-04-09,242.75835140545777,245.3281090774646,242.50236568807082,244.0087738037109,851500,1,246.52733154296874,246.7567398071289,243.72422790527344,243.859907023112,256.361243947347,865700.0,934230.0,897610.0,853116.6666666665,884961.6666666665,243.68386840820312,250.635009765625,245.1016387939453,249.20736694335938,241.4390106201172,246.01337890625,246.39736328125,247.09444580078124,248.07509155273442,246.98614807128902,246.51748504638672,246.0311019897461,244.5237060546875,244.1407073974609,243.2378463745117,243.30746612548828,243.25014953613282,243.01859359741212,242.93703002929686,242.68258819580083,244.00136820475257,244.25611165364586,244.43528238932288,244.54686126708984,245.3556045532226,256.36945546468104,256.33725662231444,256.195751953125,256.07478612264,255.954456837972,913060.0,1017120.0,1062620.0,1088700.0,1002760.0,917310.0,904560.0,900920.0,894030.0,857280.0,918250.0,921560.0,914585.0,898590.0,875265.0,857983.3333333335,871933.3333333335,901956.6666666665,1005386.6666666665,1007096.6666666665,877980.0,872263.3333333335,869411.6666666665,869585.0,862298.3333333335,1
2019-04-10,245.16071126036587,245.69237848166767,242.699258336065,245.1016387939453,791600,1,245.706185913086,246.89063873291016,243.931974029541,243.7646942138672,256.45013173421216,823040.0,955870.0,891065.0,860563.3333333335,887056.6666666665,244.0087738037109,243.68386840820312,250.635009765625,245.1016387939453,249.20736694335938,246.52733154296874,246.01337890625,246.39736328125,247.09444580078124,248.07509155273442,246.7567398071289,246.51748504638672,246.0311019897461,244.5237060546875,244.1407073974609,243.72422790527344,243.30746612548828,243.25014953613282,243.01859359741212,242.93703002929686,243.859907023112,244.00136820475257,244.25611165364586,244.43528238932288,244.54686126708984,256.361243947347,256.36945546468104,256.33725662231444,256.195751953125,256.07478612264,865700.0,913060.0,1017120.0,1062620.0,1088700.0,934230.0,917310.0,904560.0,900920.0,894030.0,897610.0,918250.0,921560.0,914585.0,898590.0,853116.6666666665,857983.3333333335,871933.3333333335,901956.6666666665,1005386.6666666665,884961.6666666665,877980.0,872263.3333333335,869411.6666666665,869585.0,1
2019-04-11,246.47022588878,254.01210683897457,246.4308342256464,251.6097412109375,1137500,1,247.00780639648443,247.0511260986328,244.34057540893554,243.93780873616532,256.5866058349609,895620.0,979120.0,913310.0,863576.6666666665,896306.6666666665,245.1016387939453,244.0087738037109,243.68386840820312,250.635009765625,245.1016387939453,245.706185913086,246.52733154296874,246.01337890625,246.39736328125,247.09444580078124,246.89063873291016,246.7567398071289,246.51748504638672,246.0311019897461,244.5237060546875,243.931974029541,243.72422790527344,243.30746612548828,243.25014953613282,243.01859359741212,243.7646942138672,243.859907023112,244.00136820475257,244.25611165364586,244.43528238932288,256.45013173421216,256.361243947347,256.36945546468104,256.33725662231444,256.195751953125,823040.0,865700.0,913060.0,1017120.0,1062620.0,955870.0,934230.0,917310.0,904560.0,900920.0,891065.0,897610.0,918250.0,921560.0,914585.0,860563.3333333335,853116.6666666665,857983.3333333335,871933.3333333335,901956.6666666665,887056.6666666665,884961.6666666665,877980.0,872263.3333333335,869411.6666666665,1
2019-04-12,252.73214160780603,255.93203039355203,249.74886188020713,253.637939453125,838800,1,247.60839233398443,247.00287780761718,244.9972900390625,244.1854039510091,256.7739041646321,886520.0,951820.0,903345.0,865496.6666666665,902346.6666666665,251.6097412109375,245.1016387939453,244.0087738037109,243.68386840820312,250.635009765625,247.00780639648443,245.706185913086,246.52733154296874,246.01337890625,246.39736328125,247.0511260986328,246.89063873291016,246.7567398071289,246.51748504638672,246.0311019897461,244.34057540893554,243.931974029541,243.72422790527344,243.30746612548828,243.25014953613282,243.93780873616532,243.7646942138672,243.859907023112,244.00136820475257,244.25611165364586,256.5866058349609,256.45013173421216,256.361243947347,256.36945546468104,256.33725662231444,895620.0,823040.0,865700.0,913060.0,1017120.0,979120.0,955870.0,934230.0,917310.0,904560.0,913310.0,891065.0,897610.0,918250.0,921560.0,863576.6666666665,860563.3333333335,853116.6666666665,857983.3333333335,871933.3333333335,896306.6666666665,887056.6666666665,884961.6666666665,877980.0,872263.3333333335,1
2019-04-15,252.29896183947102,255.46931487402802,247.2480548885831,254.90809631347656,695400,0,249.8532379150391,247.93330841064454,245.7598480224609,244.54603881835936,256.7845039367676,862960.0,888010.0,884705.0,862800.0,890495.0,253.637939453125,251.6097412109375,245.1016387939453,244.0087738037109,243.68386840820312,247.60839233398443,247.00780639648443,245.706185913086,246.52733154296874,246.01337890625,247.00287780761718,247.0511260986328,246.89063873291016,246.7567398071289,246.51748504638672,244.9972900390625,244.34057540893554,243.931974029541,243.72422790527344,243.30746612548828,244.1854039510091,243.93780873616532,243.7646942138672,243.859907023112,244.00136820475257,256.7739041646321,256.5866058349609,256.45013173421216,256.361243947347,256.36945546468104,886520.0,895620.0,823040.0,865700.0,913060.0,951820.0,979120.0,955870.0,934230.0,917310.0,903345.0,913310.0,891065.0,897610.0,918250.0,865496.6666666665,863576.6666666665,860563.3333333335,853116.6666666665,857983.3333333335,902346.6666666665,896306.6666666665,887056.6666666665,884961.6666666665,877980.0,1
2019-04-16,255.86312116049083,257.7042832654992,248.8824437982925,251.4029693603516,861500,1,251.3320770263672,248.92970428466802,246.08377532958986,244.7649602254232,256.5972452799479,864960.0,865330.0,861305.0,871953.3333333335,884673.3333333335,254.90809631347656,253.637939453125,251.6097412109375,245.1016387939453,244.0087738037109,249.8532379150391,247.60839233398443,247.00780639648443,245.706185913086,246.52733154296874,247.93330841064454,247.00287780761718,247.0511260986328,246.89063873291016,246.7567398071289,245.7598480224609,244.9972900390625,244.34057540893554,243.931974029541,243.72422790527344,244.54603881835936,244.1854039510091,243.93780873616532,243.7646942138672,243.859907023112,256.7845039367676,256.7739041646321,256.5866058349609,256.45013173421216,256.361243947347,862960.0,886520.0,895620.0,823040.0,865700.0,888010.0,951820.0,979120.0,955870.0,934230.0,884705.0,903345.0,913310.0,891065.0,897610.0,862800.0,865496.6666666665,863576.6666666665,860563.3333333335,853116.6666666665,890495.0,902346.6666666665,896306.6666666665,887056.6666666665,884961.6666666665,0
2019-04-17,258.9448486098021,263.78900120372936,257.4975130829914,261.16015625,1590600,1,254.54378051757809,250.12498321533204,247.1328453063965,245.33301442464196,256.63856252034503,1024760.0,923900.0,908965.0,907026.6666666665,891298.3333333335,251.4029693603516,254.90809631347656,253.637939453125,251.6097412109375,245.1016387939453,251.3320770263672,249.8532379150391,247.60839233398443,247.00780639648443,245.706185913086,248.92970428466802,247.93330841064454,247.00287780761718,247.0511260986328,246.89063873291016,246.08377532958986,245.7598480224609,244.9972900390625,244.34057540893554,243.931974029541,244.7649602254232,244.54603881835936,244.1854039510091,243.93780873616532,243.7646942138672,256.5972452799479,256.7845039367676,256.7739041646321,256.5866058349609,256.45013173421216,864960.0,862960.0,886520.0,895620.0,823040.0,865330.0,888010.0,951820.0,979120.0,955870.0,861305.0,884705.0,903345.0,913310.0,891065.0,871953.3333333335,862800.0,865496.6666666665,863576.6666666665,860563.3333333335,884673.3333333335,890495.0,902346.6666666665,896306.6666666665,887056.6666666665,0
2019-04-18,262.5189246932057,266.67385910559454,261.97738693375584,263.48379516601557,972000,0,256.91859130859376,251.96319885253902,248.24345245361332,246.00012868245446,256.55936330159506,991660.0,943640.0,922280.0,924270.0,896668.3333333335,261.16015625,251.4029693603516,254.90809631347656,253.637939453125,251.6097412109375,254.54378051757809,251.3320770263672,249.8532379150391,247.60839233398443,247.00780639648443,250.12498321533204,248.92970428466802,247.93330841064454,247.00287780761718,247.0511260986328,247.1328453063965,246.08377532958986,245.7598480224609,244.9972900390625,244.34057540893554,245.33301442464196,244.7649602254232,244.54603881835936,244.1854039510091,243.93780873616532,256.63856252034503,256.5972452799479,256.7845039367676,256.7739041646321,256.5866058349609,1024760.0,864960.0,862960.0,886520.0,895620.0,923900.0,865330.0,888010.0,951820.0,979120.0,908965.0,861305.0,884705.0,903345.0,913310.0,907026.6666666665,871953.3333333335,862800.0,865496.6666666665,863576.6666666665,891298.3333333335,884673.3333333335,890495.0,902346.6666666665,896306.6666666665,1
2019-04-22,263.6807410445947,264.5274966689268,261.2094321275914,261.89865112304693,1747700,1,258.57073364257815,253.08956298828124,249.56033248901366,246.52995402018232,256.3928619384766,1173440.0,1029980.0,967270.0,957700.0,909376.6666666665,263.48379516601557,261.16015625,251.4029693603516,254.90809631347656,253.637939453125,256.91859130859376,254.54378051757809,251.3320770263672,249.8532379150391,247.60839233398443,251.96319885253902,250.12498321533204,248.92970428466802,247.93330841064454,247.00287780761718,248.24345245361332,247.1328453063965,246.08377532958986,245.7598480224609,244.9972900390625,246.00012868245446,245.33301442464196,244.7649602254232,244.54603881835936,244.1854039510091,256.55936330159506,256.63856252034503,256.5972452799479,256.7845039367676,256.7739041646321,991660.0,1024760.0,864960.0,862960.0,886520.0,943640.0,923900.0,865330.0,888010.0,951820.0,922280.0,908965.0,861305.0,884705.0,903345.0,924270.0,907026.6666666665,871953.3333333335,862800.0,865496.6666666665,896668.3333333335,891298.3333333335,884673.3333333335,890495.0,902346.6666666665,1
2019-04-23,262.8831722332066,267.4516432818576,262.50902658130457,266.03384399414057,1743900,1,260.7958831787109,255.324560546875,250.92102279663087,247.31316426595046,256.17613423665364,1383140.0,1123050.0,1020180.0,986516.6666666665,923273.3333333335,261.89865112304693,263.48379516601557,261.16015625,251.4029693603516,254.90809631347656,258.57073364257815,256.91859130859376,254.54378051757809,251.3320770263672,249.8532379150391,253.08956298828124,251.96319885253902,250.12498321533204,248.92970428466802,247.93330841064454,249.56033248901366,248.24345245361332,247.1328453063965,246.08377532958986,245.7598480224609,246.52995402018232,246.00012868245446,245.33301442464196,244.7649602254232,244.54603881835936,256.3928619384766,256.55936330159506,256.63856252034503,256.5972452799479,256.7845039367676,1173440.0,991660.0,1024760.0,864960.0,862960.0,1029980.0,943640.0,923900.0,865330.0,888010.0,967270.0,922280.0,908965.0,861305.0,884705.0,957700.0,924270.0,907026.6666666665,871953.3333333335,862800.0,909376.6666666665,896668.3333333335,891298.3333333335,884673.3333333335,890495.0,1
2019-04-24,282.57480580335726,297.39274091813445,276.78546351108014,279.05001831054693,3793200,0,266.32529296875,258.8286849975586,252.7927124023437,248.7590469360352,256.2478632609049,1969480.0,1417220.0,1175725.0,1070813.333333333,974010.0,266.03384399414057,261.89865112304693,263.48379516601557,261.16015625,251.4029693603516,260.7958831787109,258.57073364257815,256.91859130859376,254.54378051757809,251.3320770263672,255.324560546875,253.08956298828124,251.96319885253902,250.12498321533204,248.92970428466802,250.92102279663087,249.56033248901366,248.24345245361332,247.1328453063965,246.08377532958986,247.31316426595046,246.52995402018232,246.00012868245446,245.33301442464196,244.7649602254232,256.17613423665364,256.3928619384766,256.55936330159506,256.63856252034503,256.5972452799479,1383140.0,1173440.0,991660.0,1024760.0,864960.0,1123050.0,1029980.0,943640.0,923900.0,865330.0,1020180.0,967270.0,922280.0,908965.0,861305.0,986516.6666666665,957700.0,924270.0,907026.6666666665,871953.3333333335,923273.3333333335,909376.6666666665,896668.3333333335,891298.3333333335,884673.3333333335,0
2019-04-25,277.927564335567,278.10478173033266,267.42207030048803,272.18746948242193,1355300,0,268.5307556152344,261.53726806640617,254.2139533996582,249.80040537516282,256.28606669108075,1922420.0,1473590.0,1214730.0,1085240.0,985381.6666666665,279.05001831054693,266.03384399414057,261.89865112304693,263.48379516601557,261.16015625,266.32529296875,260.7958831787109,258.57073364257815,256.91859130859376,254.54378051757809,258.8286849975586,255.324560546875,253.08956298828124,251.96319885253902,250.12498321533204,252.7927124023437,250.92102279663087,249.56033248901366,248.24345245361332,247.1328453063965,248.7590469360352,247.31316426595046,246.52995402018232,246.00012868245446,245.33301442464196,256.2478632609049,256.17613423665364,256.3928619384766,256.55936330159506,256.63856252034503,1969480.0,1383140.0,1173440.0,991660.0,1024760.0,1417220.0,1123050.0,1029980.0,943640.0,923900.0,1175725.0,1020180.0,967270.0,922280.0,908965.0,1070813.333333333,986516.6666666665,957700.0,924270.0,907026.6666666665,974010.0,923273.3333333335,909376.6666666665,896668.3333333335,891298.3333333335,0
2019-04-26,272.1874741131964,275.0821451317446,268.524830990566,269.21401977539057,606600,0,269.6768005371094,263.2976959228516,255.17441101074215,250.65961558024085,256.2385426839193,1849340.0,1420500.0,1199810.0,1082373.333333333,985508.3333333335,272.18746948242193,279.05001831054693,266.03384399414057,261.89865112304693,263.48379516601557,268.5307556152344,266.32529296875,260.7958831787109,258.57073364257815,256.91859130859376,261.53726806640617,258.8286849975586,255.324560546875,253.08956298828124,251.96319885253902,254.2139533996582,252.7927124023437,250.92102279663087,249.56033248901366,248.24345245361332,249.80040537516282,248.7590469360352,247.31316426595046,246.52995402018232,246.00012868245446,256.28606669108075,256.2478632609049,256.17613423665364,256.3928619384766,256.55936330159506,1922420.0,1969480.0,1383140.0,1173440.0,991660.0,1473590.0,1417220.0,1123050.0,1029980.0,943640.0,1214730.0,1175725.0,1020180.0,967270.0,922280.0,1085240.0,1070813.333333333,986516.6666666665,957700.0,924270.0,985381.6666666665,974010.0,923273.3333333335,909376.6666666665,896668.3333333335,0
2019-04-29,269.2140534892615,269.5685183762453,261.2487945009423,264.724365234375,823000,1,270.241943359375,264.4063385009766,255.70460815429686,251.46697285970046,256.0070292154948,1664400.0,1418920.0,1185370.0,1075203.333333333,987266.6666666665,269.21401977539057,272.18746948242193,279.05001831054693,266.03384399414057,261.89865112304693,269.6768005371094,268.5307556152344,266.32529296875,260.7958831787109,258.57073364257815,263.2976959228516,261.53726806640617,258.8286849975586,255.324560546875,253.08956298828124,255.17441101074215,254.2139533996582,252.7927124023437,250.92102279663087,249.56033248901366,250.65961558024085,249.80040537516282,248.7590469360352,247.31316426595046,246.52995402018232,256.2385426839193,256.28606669108075,256.2478632609049,256.17613423665364,256.3928619384766,1849340.0,1922420.0,1969480.0,1383140.0,1173440.0,1420500.0,1473590.0,1417220.0,1123050.0,1029980.0,1199810.0,1214730.0,1175725.0,1020180.0,967270.0,1082373.333333333,1085240.0,1070813.333333333,986516.6666666665,957700.0,985508.3333333335,985381.6666666665,974010.0,923273.3333333335,909376.6666666665,0
2019-04-30,265.3545103681787,269.0269793122033,264.60621898038255,266.40798950195307,717600,1,270.3167724609375,265.55632781982416,256.74481811523435,252.35867462158203,255.89097086588538,1459140.0,1421140.0,1154575.0,1063516.666666667,987843.3333333335,264.724365234375,269.21401977539057,272.18746948242193,279.05001831054693,266.03384399414057,270.241943359375,269.6768005371094,268.5307556152344,266.32529296875,260.7958831787109,264.4063385009766,263.2976959228516,261.53726806640617,258.8286849975586,255.324560546875,255.70460815429686,255.17441101074215,254.2139533996582,252.7927124023437,250.92102279663087,251.46697285970046,250.65961558024085,249.80040537516282,248.7590469360352,247.31316426595046,256.0070292154948,256.2385426839193,256.28606669108075,256.2478632609049,256.17613423665364,1664400.0,1849340.0,1922420.0,1969480.0,1383140.0,1418920.0,1420500.0,1473590.0,1417220.0,1123050.0,1185370.0,1199810.0,1214730.0,1175725.0,1020180.0,1075203.333333333,1082373.333333333,1085240.0,1070813.333333333,986516.6666666665,987266.6666666665,985508.3333333335,985381.6666666665,974010.0,923273.3333333335,1
2019-05-01,266.82151510685367,270.42508603829515,265.9452233837416,267.2744140625,429500,1,267.96165161132814,267.1434722900391,258.03658828735354,253.10367431640626,255.7454920450846,786400.0,1377940.0,1121635.0,1033516.6666666665,986336.6666666665,266.40798950195307,264.724365234375,269.21401977539057,272.18746948242193,279.05001831054693,270.3167724609375,270.241943359375,269.6768005371094,268.5307556152344,266.32529296875,265.55632781982416,264.4063385009766,263.2976959228516,261.53726806640617,258.8286849975586,256.74481811523435,255.70460815429686,255.17441101074215,254.2139533996582,252.7927124023437,252.35867462158203,251.46697285970046,250.65961558024085,249.80040537516282,248.7590469360352,255.89097086588538,256.0070292154948,256.2385426839193,256.28606669108075,256.2478632609049,1459140.0,1664400.0,1849340.0,1922420.0,1969480.0,1421140.0,1418920.0,1420500.0,1473590.0,1417220.0,1154575.0,1185370.0,1199810.0,1214730.0,1175725.0,1063516.666666667,1075203.333333333,1082373.333333333,1085240.0,1070813.333333333,987843.3333333335,987266.6666666665,985508.3333333335,985381.6666666665,974010.0,1
2019-05-02,266.6049060405698,270.2380132073308,266.4276886292729,270.09033203125,557600,1,267.54222412109374,268.03648986816404,259.080736541748,254.1007268269857,255.51241455078124,626860.0,1274640.0,1099270.0,1030856.6666666665,987323.3333333335,267.2744140625,266.40798950195307,264.724365234375,269.21401977539057,272.18746948242193,267.96165161132814,270.3167724609375,270.241943359375,269.6768005371094,268.5307556152344,267.1434722900391,265.55632781982416,264.4063385009766,263.2976959228516,261.53726806640617,258.03658828735354,256.74481811523435,255.70460815429686,255.17441101074215,254.2139533996582,253.10367431640626,252.35867462158203,251.46697285970046,250.65961558024085,249.80040537516282,255.7454920450846,255.89097086588538,256.0070292154948,256.2385426839193,256.28606669108075,786400.0,1459140.0,1664400.0,1849340.0,1922420.0,1377940.0,1421140.0,1418920.0,1420500.0,1473590.0,1121635.0,1154575.0,1185370.0,1199810.0,1214730.0,1033516.6666666665,1063516.666666667,1075203.333333333,1082373.333333333,1085240.0,986336.6666666665,987843.3333333335,987266.6666666665,985508.3333333335,985381.6666666665,1
2019-05-03,272.295798281489,276.10612305398894,270.0706349582053,275.43661499023443,761000,1,268.7867431640625,269.2317718505859,260.5974853515625,255.23955891927082,255.3913538614909,657740.0,1253540.0,1098590.0,1032700.0,989445.0,270.09033203125,267.2744140625,266.40798950195307,264.724365234375,269.21401977539057,267.54222412109374,267.96165161132814,270.3167724609375,270.241943359375,269.6768005371094,268.03648986816404,267.1434722900391,265.55632781982416,264.4063385009766,263.2976959228516,259.080736541748,258.03658828735354,256.74481811523435,255.70460815429686,255.17441101074215,254.1007268269857,253.10367431640626,252.35867462158203,251.46697285970046,250.65961558024085,255.51241455078124,255.7454920450846,255.89097086588538,256.0070292154948,256.2385426839193,626860.0,786400.0,1459140.0,1664400.0,1849340.0,1274640.0,1377940.0,1421140.0,1418920.0,1420500.0,1099270.0,1121635.0,1154575.0,1185370.0,1199810.0,1030856.6666666665,1033516.6666666665,1063516.666666667,1075203.333333333,1082373.333333333,987323.3333333335,986336.6666666665,987843.3333333335,987266.6666666665,985508.3333333335,0
2019-05-06,270.27741539897795,279.4930817098441,270.2281683070093,277.67160034179693,576300,0,271.37619018554693,270.8090667724609,261.9493148803711,256.6432439168294,255.29117685953773,608400.0,1136400.0,1083190.0,1023646.6666666665,992803.3333333335,275.43661499023443,270.09033203125,267.2744140625,266.40798950195307,264.724365234375,268.7867431640625,267.54222412109374,267.96165161132814,270.3167724609375,270.241943359375,269.2317718505859,268.03648986816404,267.1434722900391,265.55632781982416,264.4063385009766,260.5974853515625,259.080736541748,258.03658828735354,256.74481811523435,255.70460815429686,255.23955891927082,254.1007268269857,253.10367431640626,252.35867462158203,251.46697285970046,255.3913538614909,255.51241455078124,255.7454920450846,255.89097086588538,256.0070292154948,657740.0,626860.0,786400.0,1459140.0,1664400.0,1253540.0,1274640.0,1377940.0,1421140.0,1418920.0,1098590.0,1099270.0,1121635.0,1154575.0,1185370.0,1032700.0,1030856.6666666665,1033516.6666666665,1063516.666666667,1075203.333333333,989445.0,987323.3333333335,986336.6666666665,987843.3333333335,987266.6666666665,1
2019-05-07,275.15106693781695,277.19901275839567,271.1241332422892,273.11300659179693,573800,1,272.71719360351557,271.51698303222656,263.4207717895508,257.78634287516275,255.09423878987633,579640.0,1019390.0,1071220.0,1019916.6666666665,992776.6666666665,277.67160034179693,275.43661499023443,270.09033203125,267.2744140625,266.40798950195307,271.37619018554693,268.7867431640625,267.54222412109374,267.96165161132814,270.3167724609375,270.8090667724609,269.2317718505859,268.03648986816404,267.1434722900391,265.55632781982416,261.9493148803711,260.5974853515625,259.080736541748,258.03658828735354,256.74481811523435,256.6432439168294,255.23955891927082,254.1007268269857,253.10367431640626,252.35867462158203,255.29117685953773,255.3913538614909,255.51241455078124,255.7454920450846,255.89097086588538,608400.0,657740.0,626860.0,786400.0,1459140.0,1136400.0,1253540.0,1274640.0,1377940.0,1421140.0,1083190.0,1098590.0,1099270.0,1121635.0,1154575.0,1023646.6666666665,1032700.0,1030856.6666666665,1033516.6666666665,1063516.666666667,992803.3333333335,989445.0,987323.3333333335,986336.6666666665,987843.3333333335,1
2019-05-08,271.8428640175737,279.532440465835,271.0847172950199,278.78414916992193,527100,0,275.019140625,271.4903961181641,265.1595405578613,259.0252736409505,254.91489817301436,599160.0,692780.0,1055000.0,1014743.3333333335,991176.6666666665,273.11300659179693,277.67160034179693,275.43661499023443,270.09033203125,267.2744140625,272.71719360351557,271.37619018554693,268.7867431640625,267.54222412109374,267.96165161132814,271.51698303222656,270.8090667724609,269.2317718505859,268.03648986816404,267.1434722900391,263.4207717895508,261.9493148803711,260.5974853515625,259.080736541748,258.03658828735354,257.78634287516275,256.6432439168294,255.23955891927082,254.1007268269857,253.10367431640626,255.09423878987633,255.29117685953773,255.3913538614909,255.51241455078124,255.7454920450846,579640.0,608400.0,657740.0,626860.0,786400.0,1019390.0,1136400.0,1253540.0,1274640.0,1377940.0,1071220.0,1083190.0,1098590.0,1099270.0,1121635.0,1019916.6666666665,1023646.6666666665,1032700.0,1030856.6666666665,1033516.6666666665,992776.6666666665,992803.3333333335,989445.0,987323.3333333335,986336.6666666665,1
2019-05-09,276.234142582203,279.12881416995083,273.98929829446377,277.80947875976557,621800,0,276.56296997070314,272.05259704589844,266.7949325561524,260.16016794840493,254.84451497395835,612000.0,619430.0,1046510.0,1016296.6666666665,989385.0,278.78414916992193,273.11300659179693,277.67160034179693,275.43661499023443,270.09033203125,275.019140625,272.71719360351557,271.37619018554693,268.7867431640625,267.54222412109374,271.4903961181641,271.51698303222656,270.8090667724609,269.2317718505859,268.03648986816404,265.1595405578613,263.4207717895508,261.9493148803711,260.5974853515625,259.080736541748,259.0252736409505,257.78634287516275,256.6432439168294,255.23955891927082,254.1007268269857,254.91489817301436,255.09423878987633,255.29117685953773,255.3913538614909,255.51241455078124,599160.0,579640.0,608400.0,657740.0,626860.0,692780.0,1019390.0,1136400.0,1253540.0,1274640.0,1055000.0,1071220.0,1083190.0,1098590.0,1099270.0,1014743.3333333335,1019916.6666666665,1023646.6666666665,1032700.0,1030856.6666666665,991176.6666666665,992776.6666666665,992803.3333333335,989445.0,987323.3333333335,0
2019-05-10,276.7165822393585,280.0543275088869,270.83863025391065,274.07791137695307,711000,0,276.29122924804693,272.5389862060547,267.9183410644531,260.962602742513,254.6859166463216,602000.0,629870.0,1025185.0,1009830.0,993330.0,277.80947875976557,278.78414916992193,273.11300659179693,277.67160034179693,275.43661499023443,276.56296997070314,275.019140625,272.71719360351557,271.37619018554693,268.7867431640625,272.05259704589844,271.4903961181641,271.51698303222656,270.8090667724609,269.2317718505859,266.7949325561524,265.1595405578613,263.4207717895508,261.9493148803711,260.5974853515625,260.16016794840493,259.0252736409505,257.78634287516275,256.6432439168294,255.23955891927082,254.84451497395835,254.91489817301436,255.09423878987633,255.29117685953773,255.3913538614909,612000.0,599160.0,579640.0,608400.0,657740.0,619430.0,692780.0,1019390.0,1136400.0,1253540.0,1046510.0,1055000.0,1071220.0,1083190.0,1098590.0,1016296.6666666665,1014743.3333333335,1019916.6666666665,1023646.6666666665,1032700.0,989385.0,991176.6666666665,992776.6666666665,992803.3333333335,989445.0,0
2019-05-13,269.08609147441456,269.8934554543265,260.90422223518937,269.6571655273437,750600,0,274.68834228515624,273.0322662353516,268.71930236816405,261.48049418131507,254.48015289306642,636860.0,622630.0,1020775.0,997790.0,991310.0,274.07791137695307,277.80947875976557,278.78414916992193,273.11300659179693,277.67160034179693,276.29122924804693,276.56296997070314,275.019140625,272.71719360351557,271.37619018554693,272.5389862060547,272.05259704589844,271.4903961181641,271.51698303222656,270.8090667724609,267.9183410644531,266.7949325561524,265.1595405578613,263.4207717895508,261.9493148803711,260.962602742513,260.16016794840493,259.0252736409505,257.78634287516275,256.6432439168294,254.6859166463216,254.84451497395835,254.91489817301436,255.09423878987633,255.29117685953773,602000.0,612000.0,599160.0,579640.0,608400.0,629870.0,619430.0,692780.0,1019390.0,1136400.0,1025185.0,1046510.0,1055000.0,1071220.0,1083190.0,1009830.0,1016296.6666666665,1014743.3333333335,1019916.6666666665,1023646.6666666665,993330.0,989385.0,991176.6666666665,992776.6666666665,992803.3333333335,0
2019-05-14,269.4011234146256,271.24228558968673,266.90027856521453,268.65283203125,449200,1,273.7963073730469,273.25675048828117,269.4065391540527,262.24879557291666,254.3481552124024,611940.0,595790.0,1008465.0,968313.3333333335,985073.3333333335,269.6571655273437,274.07791137695307,277.80947875976557,278.78414916992193,273.11300659179693,274.68834228515624,276.29122924804693,276.56296997070314,275.019140625,272.71719360351557,273.0322662353516,272.5389862060547,272.05259704589844,271.4903961181641,271.51698303222656,268.71930236816405,267.9183410644531,266.7949325561524,265.1595405578613,263.4207717895508,261.48049418131507,260.962602742513,260.16016794840493,259.0252736409505,257.78634287516275,254.48015289306642,254.6859166463216,254.84451497395835,254.91489817301436,255.09423878987633,636860.0,602000.0,612000.0,599160.0,579640.0,622630.0,629870.0,619430.0,692780.0,1019390.0,1020775.0,1025185.0,1046510.0,1055000.0,1071220.0,997790.0,1009830.0,1016296.6666666665,1014743.3333333335,1019916.6666666665,991310.0,993330.0,989385.0,991176.6666666665,992776.6666666665,0
2019-05-15,267.8061060081804,273.71359364071367,266.0929442097971,272.40411376953125,335300,1,272.52030029296867,273.76972045898435,270.45659637451166,263.28096567789714,254.31828511555992,573580.0,586370.0,982155.0,943213.3333333335,975155.0,268.65283203125,269.6571655273437,274.07791137695307,277.80947875976557,278.78414916992193,273.7963073730469,274.68834228515624,276.29122924804693,276.56296997070314,275.019140625,273.25675048828117,273.0322662353516,272.5389862060547,272.05259704589844,271.4903961181641,269.4065391540527,268.71930236816405,267.9183410644531,266.7949325561524,265.1595405578613,262.24879557291666,261.48049418131507,260.962602742513,260.16016794840493,259.0252736409505,254.3481552124024,254.48015289306642,254.6859166463216,254.84451497395835,254.91489817301436,611940.0,636860.0,602000.0,612000.0,599160.0,595790.0,622630.0,629870.0,619430.0,692780.0,1008465.0,1020775.0,1025185.0,1046510.0,1055000.0,968313.3333333335,997790.0,1009830.0,1016296.6666666665,1014743.3333333335,985073.3333333335,991310.0,993330.0,989385.0,991176.6666666665,0
2019-05-16,273.9105256782977,276.883950343937,271.41953622756057,273.55606079101557,449900,1,271.66961669921875,274.1162933349609,271.0763916015625,264.0925888061523,254.3197250366211,539200.0,575600.0,925120.0,924713.3333333335,965050.0,272.40411376953125,268.65283203125,269.6571655273437,274.07791137695307,277.80947875976557,272.52030029296867,273.7963073730469,274.68834228515624,276.29122924804693,276.56296997070314,273.76972045898435,273.25675048828117,273.0322662353516,272.5389862060547,272.05259704589844,270.45659637451166,269.4065391540527,268.71930236816405,267.9183410644531,266.7949325561524,263.28096567789714,262.24879557291666,261.48049418131507,260.962602742513,260.16016794840493,254.31828511555992,254.3481552124024,254.48015289306642,254.6859166463216,254.84451497395835,573580.0,611940.0,636860.0,602000.0,612000.0,586370.0,595790.0,622630.0,629870.0,619430.0,982155.0,1008465.0,1020775.0,1025185.0,1046510.0,943213.3333333335,968313.3333333335,997790.0,1009830.0,1016296.6666666665,975155.0,985073.3333333335,991310.0,993330.0,989385.0,0
2019-05-17,272.3646919820044,278.0063228170077,270.8976756638951,276.9134521484375,500000,1,272.23672485351557,274.26397705078125,271.7478744506836,265.15298258463537,254.79413248697918,497000.0,549500.0,901520.0,915560.0,908758.3333333335,273.55606079101557,272.40411376953125,268.65283203125,269.6571655273437,274.07791137695307,271.66961669921875,272.52030029296867,273.7963073730469,274.68834228515624,276.29122924804693,274.1162933349609,273.76972045898435,273.25675048828117,273.0322662353516,272.5389862060547,271.0763916015625,270.45659637451166,269.4065391540527,268.71930236816405,267.9183410644531,264.0925888061523,263.28096567789714,262.24879557291666,261.48049418131507,260.962602742513,254.3197250366211,254.31828511555992,254.3481552124024,254.48015289306642,254.6859166463216,539200.0,573580.0,611940.0,636860.0,602000.0,575600.0,586370.0,595790.0,622630.0,629870.0,925120.0,982155.0,1008465.0,1020775.0,1025185.0,924713.3333333335,943213.3333333335,968313.3333333335,997790.0,1009830.0,965050.0,975155.0,985073.3333333335,991310.0,993330.0,0
2019-05-20,274.80646169687583,282.72250345890615,274.47170767333944,280.46780395507807,661600,1,274.3988525390625,274.54359741210936,272.6763320922852,266.1474090576172,255.20176035563148,479200.0,558030.0,847215.0,908136.6666666665,890035.0,276.9134521484375,273.55606079101557,272.40411376953125,268.65283203125,269.6571655273437,272.23672485351557,271.66961669921875,272.52030029296867,273.7963073730469,274.68834228515624,274.26397705078125,274.1162933349609,273.76972045898435,273.25675048828117,273.0322662353516,271.7478744506836,271.0763916015625,270.45659637451166,269.4065391540527,268.71930236816405,265.15298258463537,264.0925888061523,263.28096567789714,262.24879557291666,261.48049418131507,254.79413248697918,254.3197250366211,254.31828511555992,254.3481552124024,254.48015289306642,497000.0,539200.0,573580.0,611940.0,636860.0,549500.0,575600.0,586370.0,595790.0,622630.0,901520.0,925120.0,982155.0,1008465.0,1020775.0,915560.0,924713.3333333335,943213.3333333335,968313.3333333335,997790.0,908758.3333333335,965050.0,975155.0,985073.3333333335,991310.0,0
2019-05-21,283.23446134000784,286.90692965287406,278.7545992580371,280.57608032226557,582500,0,276.78350219726565,275.28990478515624,273.40344390869143,267.37714945475255,255.68925882975262,505860.0,558900.0,789145.0,900446.6666666665,879215.0,280.46780395507807,276.9134521484375,273.55606079101557,272.40411376953125,268.65283203125,274.3988525390625,272.23672485351557,271.66961669921875,272.52030029296867,273.7963073730469,274.54359741210936,274.26397705078125,274.1162933349609,273.76972045898435,273.25675048828117,272.6763320922852,271.7478744506836,271.0763916015625,270.45659637451166,269.4065391540527,266.1474090576172,265.15298258463537,264.0925888061523,263.28096567789714,262.24879557291666,255.20176035563148,254.79413248697918,254.3197250366211,254.31828511555992,254.3481552124024,479200.0,497000.0,539200.0,573580.0,611940.0,558030.0,549500.0,575600.0,586370.0,595790.0,847215.0,901520.0,925120.0,982155.0,1008465.0,908136.6666666665,915560.0,924713.3333333335,943213.3333333335,968313.3333333335,890035.0,908758.3333333335,965050.0,975155.0,985073.3333333335,0
2019-05-22,280.6056521092568,282.9981773001632,278.8137070494112,280.04443359375,282100,1,278.3115661621094,275.4159332275391,273.4531646728516,268.57833811442055,256.21912256876635,495220.0,534400.0,613590.0,881466.6666666665,867291.6666666665,280.57608032226557,280.46780395507807,276.9134521484375,273.55606079101557,272.40411376953125,276.78350219726565,274.3988525390625,272.23672485351557,271.66961669921875,272.52030029296867,275.28990478515624,274.54359741210936,274.26397705078125,274.1162933349609,273.76972045898435,273.40344390869143,272.6763320922852,271.7478744506836,271.0763916015625,270.45659637451166,267.37714945475255,266.1474090576172,265.15298258463537,264.0925888061523,263.28096567789714,255.68925882975262,255.20176035563148,254.79413248697918,254.3197250366211,254.31828511555992,505860.0,479200.0,497000.0,539200.0,573580.0,558900.0,558030.0,549500.0,575600.0,586370.0,789145.0,847215.0,901520.0,925120.0,982155.0,900446.6666666665,908136.6666666665,915560.0,924713.3333333335,943213.3333333335,879215.0,890035.0,908758.3333333335,965050.0,975155.0,0
2019-05-23,277.9079277217062,281.32442603911966,276.7165627132593,280.910888671875,417300,0,279.78253173828125,275.72607421875,273.88933563232416,269.7719797770182,256.7683369954427,488700.0,513950.0,566690.0,868990.0,864776.6666666665,280.04443359375,280.57608032226557,280.46780395507807,276.9134521484375,273.55606079101557,278.3115661621094,276.78350219726565,274.3988525390625,272.23672485351557,271.66961669921875,275.4159332275391,275.28990478515624,274.54359741210936,274.26397705078125,274.1162933349609,273.4531646728516,273.40344390869143,272.6763320922852,271.7478744506836,271.0763916015625,268.57833811442055,267.37714945475255,266.1474090576172,265.15298258463537,264.0925888061523,256.21912256876635,255.68925882975262,255.20176035563148,254.79413248697918,254.3197250366211,495220.0,505860.0,479200.0,497000.0,539200.0,534400.0,558900.0,558030.0,549500.0,575600.0,613590.0,789145.0,847215.0,901520.0,925120.0,881466.6666666665,900446.6666666665,908136.6666666665,915560.0,924713.3333333335,867291.6666666665,879215.0,890035.0,908758.3333333335,965050.0,0
2019-05-24,282.31882795466873,282.51575623041964,277.6125306157702,278.25250244140625,320200,0,280.050341796875,276.14353332519534,274.341259765625,270.6600718180338,257.29894027709963,452740.0,474870.0,552370.0,841746.6666666665,852661.6666666665,280.910888671875,280.04443359375,280.57608032226557,280.46780395507807,276.9134521484375,279.78253173828125,278.3115661621094,276.78350219726565,274.3988525390625,272.23672485351557,275.72607421875,275.4159332275391,275.28990478515624,274.54359741210936,274.26397705078125,273.88933563232416,273.4531646728516,273.40344390869143,272.6763320922852,271.7478744506836,269.7719797770182,268.57833811442055,267.37714945475255,266.1474090576172,265.15298258463537,256.7683369954427,256.21912256876635,255.68925882975262,255.20176035563148,254.79413248697918,488700.0,495220.0,505860.0,479200.0,497000.0,513950.0,534400.0,558900.0,558030.0,549500.0,566690.0,613590.0,789145.0,847215.0,901520.0,868990.0,881466.6666666665,900446.6666666665,908136.6666666665,915560.0,864776.6666666665,867291.6666666665,879215.0,890035.0,908758.3333333335,1
2019-05-28,278.7940759101149,282.4961116300724,274.5800686734348,276.40155029296875,473700,0,279.23709106445307,276.81797180175784,274.9251190185547,271.41885884602857,257.8021313985189,415160.0,447180.0,534905.0,829576.6666666665,847536.6666666665,278.25250244140625,280.910888671875,280.04443359375,280.57608032226557,280.46780395507807,280.050341796875,279.78253173828125,278.3115661621094,276.78350219726565,274.3988525390625,276.14353332519534,275.72607421875,275.4159332275391,275.28990478515624,274.54359741210936,274.341259765625,273.88933563232416,273.4531646728516,273.40344390869143,272.6763320922852,270.6600718180338,269.7719797770182,268.57833811442055,267.37714945475255,266.1474090576172,257.29894027709963,256.7683369954427,256.21912256876635,255.68925882975262,255.20176035563148,452740.0,488700.0,495220.0,505860.0,479200.0,474870.0,513950.0,534400.0,558900.0,558030.0,552370.0,566690.0,613590.0,789145.0,847215.0,841746.6666666665,868990.0,881466.6666666665,900446.6666666665,908136.6666666665,852661.6666666665,864776.6666666665,867291.6666666665,879215.0,890035.0,0
2019-05-29,274.5800163033988,275.4858142023041,271.1339820225772,273.44775390625,432200,0,277.81142578125,277.29746398925784,275.2771072387696,272.0368474324544,258.2914431254069,385100.0,445480.0,520635.0,820803.3333333335,841801.6666666665,276.40155029296875,278.25250244140625,280.910888671875,280.04443359375,280.57608032226557,279.23709106445307,280.050341796875,279.78253173828125,278.3115661621094,276.78350219726565,276.81797180175784,276.14353332519534,275.72607421875,275.4159332275391,275.28990478515624,274.9251190185547,274.341259765625,273.88933563232416,273.4531646728516,273.40344390869143,271.41885884602857,270.6600718180338,269.7719797770182,268.57833811442055,267.37714945475255,257.8021313985189,257.29894027709963,256.7683369954427,256.21912256876635,255.68925882975262,415160.0,452740.0,488700.0,495220.0,505860.0,447180.0,474870.0,513950.0,534400.0,558900.0,534905.0,552370.0,566690.0,613590.0,789145.0,829576.6666666665,841746.6666666665,868990.0,881466.6666666665,900446.6666666665,847536.6666666665,852661.6666666665,864776.6666666665,867291.6666666665,879215.0,0
2019-05-30,273.46739297798536,274.71780012354617,268.2983423456382,273.004638671875,518700,1,276.403466796875,277.3575164794922,275.5636184692383,272.75690307617185,258.7609316507976,432420.0,463820.0,525095.0,809376.6666666665,840665.0,273.44775390625,276.40155029296875,278.25250244140625,280.910888671875,280.04443359375,277.81142578125,279.23709106445307,280.050341796875,279.78253173828125,278.3115661621094,277.29746398925784,276.81797180175784,276.14353332519534,275.72607421875,275.4159332275391,275.2771072387696,274.9251190185547,274.341259765625,273.88933563232416,273.4531646728516,272.0368474324544,271.41885884602857,270.6600718180338,269.7719797770182,268.57833811442055,258.2914431254069,257.8021313985189,257.29894027709963,256.7683369954427,256.21912256876635,385100.0,415160.0,452740.0,488700.0,495220.0,445480.0,447180.0,474870.0,513950.0,534400.0,520635.0,534905.0,552370.0,566690.0,613590.0,820803.3333333335,829576.6666666665,841746.6666666665,868990.0,881466.6666666665,841801.6666666665,847536.6666666665,852661.6666666665,864776.6666666665,867291.6666666665,1
2019-05-31,270.05097481031936,276.086463367863,269.3125387887022,275.19049072265625,520300,0,275.25938720703124,277.52095947265633,275.8186264038086,273.22458089192713,259.27879765828453,453020.0,470860.0,523230.0,773700.0,840363.3333333335,273.004638671875,273.44775390625,276.40155029296875,278.25250244140625,280.910888671875,276.403466796875,277.81142578125,279.23709106445307,280.050341796875,279.78253173828125,277.3575164794922,277.29746398925784,276.81797180175784,276.14353332519534,275.72607421875,275.5636184692383,275.2771072387696,274.9251190185547,274.341259765625,273.88933563232416,272.75690307617185,272.0368474324544,271.41885884602857,270.6600718180338,269.7719797770182,258.7609316507976,258.2914431254069,257.8021313985189,257.29894027709963,256.7683369954427,432420.0,385100.0,415160.0,452740.0,488700.0,463820.0,445480.0,447180.0,474870.0,513950.0,525095.0,520635.0,534905.0,552370.0,566690.0,809376.6666666665,820803.3333333335,829576.6666666665,841746.6666666665,868990.0,840665.0,841801.6666666665,847536.6666666665,852661.6666666665,864776.6666666665,1
2019-06-03,275.3874260808536,278.01624155892915,269.7260831031749,272.22689819335943,693000,1,274.05426635742185,277.05230407714845,275.6581405639648,273.5160176595052,259.7580731709798,527580.0,490160.0,519830.0,764400.0,844335.0,275.19049072265625,273.004638671875,273.44775390625,276.40155029296875,278.25250244140625,275.25938720703124,276.403466796875,277.81142578125,279.23709106445307,280.050341796875,277.52095947265633,277.3575164794922,277.29746398925784,276.81797180175784,276.14353332519534,275.8186264038086,275.5636184692383,275.2771072387696,274.9251190185547,274.341259765625,273.22458089192713,272.75690307617185,272.0368474324544,271.41885884602857,270.6600718180338,259.27879765828453,258.7609316507976,258.2914431254069,257.8021313985189,257.29894027709963,453020.0,432420.0,385100.0,415160.0,452740.0,470860.0,463820.0,445480.0,447180.0,474870.0,523230.0,525095.0,520635.0,534905.0,552370.0,773700.0,809376.6666666665,820803.3333333335,829576.6666666665,841746.6666666665,840363.3333333335,840665.0,841801.6666666665,847536.6666666665,852661.6666666665,1
2019-06-04,274.29450522468125,279.7589495568208,273.8711424700811,279.62109375,470500,1,274.69817504882815,276.96763305664064,275.755615234375,274.1067657470703,260.3183598836264,526940.0,471050.0,514540.0,721826.6666666665,839763.3333333335,272.22689819335943,275.19049072265625,273.004638671875,273.44775390625,276.40155029296875,274.05426635742185,275.25938720703124,276.403466796875,277.81142578125,279.23709106445307,277.05230407714845,277.52095947265633,277.3575164794922,277.29746398925784,276.81797180175784,275.6581405639648,275.8186264038086,275.5636184692383,275.2771072387696,274.9251190185547,273.5160176595052,273.22458089192713,272.75690307617185,272.0368474324544,271.41885884602857,259.7580731709798,259.27879765828453,258.7609316507976,258.2914431254069,257.8021313985189,527580.0,453020.0,432420.0,385100.0,415160.0,490160.0,470860.0,463820.0,445480.0,447180.0,519830.0,523230.0,525095.0,520635.0,534905.0,764400.0,773700.0,809376.6666666665,820803.3333333335,829576.6666666665,844335.0,840363.3333333335,840665.0,841801.6666666665,847536.6666666665,1
2019-06-05,280.7041092943085,285.1150138899393,279.55213605662533,280.94039916992193,402000,1,276.1967041015625,277.00406494140617,276.14698486328126,274.6036509195964,260.9584075927734,520900.0,453000.0,505950.0,677096.6666666665,831806.6666666665,279.62109375,272.22689819335943,275.19049072265625,273.004638671875,273.44775390625,274.69817504882815,274.05426635742185,275.25938720703124,276.403466796875,277.81142578125,276.96763305664064,277.05230407714845,277.52095947265633,277.3575164794922,277.29746398925784,275.755615234375,275.6581405639648,275.8186264038086,275.5636184692383,275.2771072387696,274.1067657470703,273.5160176595052,273.22458089192713,272.75690307617185,272.0368474324544,260.3183598836264,259.7580731709798,259.27879765828453,258.7609316507976,258.2914431254069,526940.0,527580.0,453020.0,432420.0,385100.0,471050.0,490160.0,470860.0,463820.0,445480.0,514540.0,519830.0,523230.0,525095.0,520635.0,721826.6666666665,764400.0,773700.0,809376.6666666665,820803.3333333335,839763.3333333335,844335.0,840363.3333333335,840665.0,841801.6666666665,1
2019-06-06,281.3539883076158,284.9083127116051,281.304741209772,282.5748596191406,386700,0,278.11074829101557,277.2571075439453,276.3365203857422,274.7211456298828,261.740096282959,494500.0,463460.0,498930.0,563546.6666666665,817180.0,280.94039916992193,279.62109375,272.22689819335943,275.19049072265625,273.004638671875,276.1967041015625,274.69817504882815,274.05426635742185,275.25938720703124,276.403466796875,277.00406494140617,276.96763305664064,277.05230407714845,277.52095947265633,277.3575164794922,276.14698486328126,275.755615234375,275.6581405639648,275.8186264038086,275.5636184692383,274.6036509195964,274.1067657470703,273.5160176595052,273.22458089192713,272.75690307617185,260.9584075927734,260.3183598836264,259.7580731709798,259.27879765828453,258.7609316507976,520900.0,526940.0,527580.0,453020.0,432420.0,453000.0,471050.0,490160.0,470860.0,463820.0,505950.0,514540.0,519830.0,523230.0,525095.0,677096.6666666665,721826.6666666665,764400.0,773700.0,809376.6666666665,831806.6666666665,839763.3333333335,844335.0,840363.3333333335,840665.0,1
2019-06-07,283.03761407545073,286.11935864119283,280.6155522633149,282.5748596191406,411700,0,279.5876220703125,277.4235046386719,276.5747894287109,275.06739196777346,262.4338986714681,472780.0,462900.0,488425.0,532093.3333333335,808666.6666666665,282.5748596191406,280.94039916992193,279.62109375,272.22689819335943,275.19049072265625,278.11074829101557,276.1967041015625,274.69817504882815,274.05426635742185,275.25938720703124,277.2571075439453,277.00406494140617,276.96763305664064,277.05230407714845,277.52095947265633,276.3365203857422,276.14698486328126,275.755615234375,275.6581405639648,275.8186264038086,274.7211456298828,274.6036509195964,274.1067657470703,273.5160176595052,273.22458089192713,261.740096282959,260.9584075927734,260.3183598836264,259.7580731709798,259.27879765828453,494500.0,520900.0,526940.0,527580.0,453020.0,463460.0,453000.0,471050.0,490160.0,470860.0,498930.0,505950.0,514540.0,519830.0,523230.0,563546.6666666665,677096.6666666665,721826.6666666665,764400.0,773700.0,817180.0,831806.6666666665,839763.3333333335,844335.0,840363.3333333335,1
2019-06-10,284.7999973946325,284.7999973946325,275.3676916831077,278.28207397460943,541300,0,280.7986572265625,277.4264617919922,276.78499755859383,275.3696604410807,263.0146380106608,442440.0,485010.0,479940.0,529916.6666666665,806145.0,282.5748596191406,282.5748596191406,280.94039916992193,279.62109375,272.22689819335943,279.5876220703125,278.11074829101557,276.1967041015625,274.69817504882815,274.05426635742185,277.4235046386719,277.2571075439453,277.00406494140617,276.96763305664064,277.05230407714845,276.5747894287109,276.3365203857422,276.14698486328126,275.755615234375,275.6581405639648,275.06739196777346,274.7211456298828,274.6036509195964,274.1067657470703,273.5160176595052,262.4338986714681,261.740096282959,260.9584075927734,260.3183598836264,259.7580731709798,472780.0,494500.0,520900.0,526940.0,527580.0,462900.0,463460.0,453000.0,471050.0,490160.0,488425.0,498930.0,505950.0,514540.0,519830.0,532093.3333333335,563546.6666666665,677096.6666666665,721826.6666666665,764400.0,808666.6666666665,817180.0,831806.6666666665,839763.3333333335,844335.0,1
2019-06-11,279.670302313433,281.8659293984911,274.91478792200166,275.81076049804693,521300,1,280.03659057617193,277.3673828125,277.0926773071289,275.7392069498698,263.6030899047852,452600.0,489770.0,468475.0,519860.0,797531.6666666665,278.28207397460943,282.5748596191406,282.5748596191406,280.94039916992193,279.62109375,280.7986572265625,279.5876220703125,278.11074829101557,276.1967041015625,274.69817504882815,277.4264617919922,277.4235046386719,277.2571075439453,277.00406494140617,276.96763305664064,276.78499755859383,276.5747894287109,276.3365203857422,276.14698486328126,275.755615234375,275.3696604410807,275.06739196777346,274.7211456298828,274.6036509195964,274.1067657470703,263.0146380106608,262.4338986714681,261.740096282959,260.9584075927734,260.3183598836264,442440.0,472780.0,494500.0,520900.0,526940.0,485010.0,462900.0,463460.0,453000.0,471050.0,479940.0,488425.0,498930.0,505950.0,514540.0,529916.6666666665,532093.3333333335,563546.6666666665,677096.6666666665,721826.6666666665,806145.0,808666.6666666665,817180.0,831806.6666666665,839763.3333333335,1
2019-06-12,275.4956508509696,281.2751374290464,274.89507076839743,277.65188598632807,649700,0,279.37888793945314,277.7877960205078,277.5426300048828,276.1140034993489,264.23633906046547,502140.0,511520.0,478500.0,517596.66666666674,790556.6666666665,275.81076049804693,278.28207397460943,282.5748596191406,282.5748596191406,280.94039916992193,280.03659057617193,280.7986572265625,279.5876220703125,278.11074829101557,276.1967041015625,277.3673828125,277.4264617919922,277.4235046386719,277.2571075439453,277.00406494140617,277.0926773071289,276.78499755859383,276.5747894287109,276.3365203857422,276.14698486328126,275.7392069498698,275.3696604410807,275.06739196777346,274.7211456298828,274.6036509195964,263.6030899047852,263.0146380106608,262.4338986714681,261.740096282959,260.9584075927734,452600.0,442440.0,472780.0,494500.0,520900.0,489770.0,485010.0,462900.0,463460.0,453000.0,468475.0,479940.0,488425.0,498930.0,505950.0,519860.0,529916.6666666665,532093.3333333335,563546.6666666665,677096.6666666665,797531.6666666665,806145.0,808666.6666666665,817180.0,831806.6666666665,1
2019-06-13,279.645359481216,281.4019618282878,275.2637167518541,277.5927124023437,578600,0,278.38245849609376,278.2466033935546,277.80205993652345,276.4579467773437,264.780810546875,540520.0,517510.0,490665.0,522566.66666666674,778041.6666666665,277.65188598632807,275.81076049804693,278.28207397460943,282.5748596191406,282.5748596191406,279.37888793945314,280.03659057617193,280.7986572265625,279.5876220703125,278.11074829101557,277.7877960205078,277.3673828125,277.4264617919922,277.4235046386719,277.2571075439453,277.5426300048828,277.0926773071289,276.78499755859383,276.5747894287109,276.3365203857422,276.1140034993489,275.7392069498698,275.3696604410807,275.06739196777346,274.7211456298828,264.23633906046547,263.6030899047852,263.0146380106608,262.4338986714681,261.740096282959,502140.0,452600.0,442440.0,472780.0,494500.0,511520.0,489770.0,485010.0,462900.0,463460.0,478500.0,468475.0,479940.0,488425.0,498930.0,517596.66666666674,519860.0,529916.6666666665,532093.3333333335,563546.6666666665,790556.6666666665,797531.6666666665,806145.0,808666.6666666665,817180.0,1
2019-06-14,277.8690413446773,280.2670941121244,276.9413943280885,276.96112060546875,592400,1,277.2597106933593,278.4236663818359,277.9723129272461,276.686973063151,265.3938499450684,576660.0,524720.0,497790.0,523726.66666666674,777291.6666666665,277.5927124023437,277.65188598632807,275.81076049804693,278.28207397460943,282.5748596191406,278.38245849609376,279.37888793945314,280.03659057617193,280.7986572265625,279.5876220703125,278.2466033935546,277.7877960205078,277.3673828125,277.4264617919922,277.4235046386719,277.80205993652345,277.5426300048828,277.0926773071289,276.78499755859383,276.5747894287109,276.4579467773437,276.1140034993489,275.7392069498698,275.3696604410807,275.06739196777346,264.780810546875,264.23633906046547,263.6030899047852,263.0146380106608,262.4338986714681,540520.0,502140.0,452600.0,442440.0,472780.0,517510.0,511520.0,489770.0,485010.0,462900.0,490665.0,478500.0,468475.0,479940.0,488425.0,522566.66666666674,517596.66666666674,519860.0,529916.6666666665,532093.3333333335,778041.6666666665,790556.6666666665,797531.6666666665,806145.0,808666.6666666665,1
2019-06-17,277.49401460401054,282.6059209688944,276.96110398218974,278.29336547851557,767700,1,277.2619689941406,279.0303131103516,278.04130859375,276.78219807942713,266.01087849934896,621940.0,532190.0,511175.0,523950.0,778325.0,276.96112060546875,277.5927124023437,277.65188598632807,275.81076049804693,278.28207397460943,277.2597106933593,278.38245849609376,279.37888793945314,280.03659057617193,280.7986572265625,278.4236663818359,278.2466033935546,277.7877960205078,277.3673828125,277.4264617919922,277.9723129272461,277.80205993652345,277.5426300048828,277.0926773071289,276.78499755859383,276.686973063151,276.4579467773437,276.1140034993489,275.7392069498698,275.3696604410807,265.3938499450684,264.780810546875,264.23633906046547,263.6030899047852,263.0146380106608,576660.0,540520.0,502140.0,452600.0,442440.0,524720.0,517510.0,511520.0,489770.0,485010.0,497790.0,490665.0,478500.0,468475.0,479940.0,523726.66666666674,522566.66666666674,517596.66666666674,519860.0,529916.6666666665,777291.6666666665,778041.6666666665,790556.6666666665,797531.6666666665,806145.0,1
2019-06-18,278.78678578627756,281.61905734005813,276.35912875681584,278.63876342773443,529400,0,277.82756958007815,278.932080078125,277.9498565673828,276.81443684895834,266.7288403828939,623560.0,538080.0,504565.0,522386.66666666674,773016.6666666665,278.29336547851557,276.96112060546875,277.5927124023437,277.65188598632807,275.81076049804693,277.2619689941406,277.2597106933593,278.38245849609376,279.37888793945314,280.03659057617193,279.0303131103516,278.4236663818359,278.2466033935546,277.7877960205078,277.3673828125,278.04130859375,277.9723129272461,277.80205993652345,277.5426300048828,277.0926773071289,276.78219807942713,276.686973063151,276.4579467773437,276.1140034993489,275.7392069498698,266.01087849934896,265.3938499450684,264.780810546875,264.23633906046547,263.6030899047852,621940.0,576660.0,540520.0,502140.0,452600.0,532190.0,524720.0,517510.0,511520.0,489770.0,511175.0,497790.0,490665.0,478500.0,468475.0,523950.0,523726.66666666674,522566.66666666674,517596.66666666674,519860.0,778325.0,777291.6666666665,778041.6666666665,790556.6666666665,797531.6666666665,1
2019-06-19,277.90846084919804,278.89531669701984,274.1682988697977,276.99069213867193,328300,1,277.69533081054686,278.537109375,277.7705871582031,276.9436930338542,267.36501795450846,559280.0,530710.0,491855.0,514203.33333333326,767060.0,278.63876342773443,278.29336547851557,276.96112060546875,277.5927124023437,277.65188598632807,277.82756958007815,277.2619689941406,277.2597106933593,278.38245849609376,279.37888793945314,278.932080078125,279.0303131103516,278.4236663818359,278.2466033935546,277.7877960205078,277.9498565673828,278.04130859375,277.9723129272461,277.80205993652345,277.5426300048828,276.81443684895834,276.78219807942713,276.686973063151,276.4579467773437,276.1140034993489,266.7288403828939,266.01087849934896,265.3938499450684,264.780810546875,264.23633906046547,623560.0,621940.0,576660.0,540520.0,502140.0,538080.0,532190.0,524720.0,517510.0,511520.0,504565.0,511175.0,497790.0,490665.0,478500.0,522386.66666666674,523950.0,523726.66666666674,522566.66666666674,517596.66666666674,773016.6666666665,778325.0,777291.6666666665,778041.6666666665,790556.6666666665,1
2019-06-20,276.4578120575018,278.5301852477118,270.9511395536198,278.11572265625,646400,0,277.7999328613281,278.09119567871096,277.6741516113281,276.92141215006507,267.9733428955078,572840.0,556680.0,510070.0,518180.0,766461.6666666665,276.99069213867193,278.63876342773443,278.29336547851557,276.96112060546875,277.5927124023437,277.69533081054686,277.82756958007815,277.2619689941406,277.2597106933593,278.38245849609376,278.537109375,278.932080078125,279.0303131103516,278.4236663818359,278.2466033935546,277.7705871582031,277.9498565673828,278.04130859375,277.9723129272461,277.80205993652345,276.9436930338542,276.81443684895834,276.78219807942713,276.686973063151,276.4579467773437,267.36501795450846,266.7288403828939,266.01087849934896,265.3938499450684,264.780810546875,559280.0,623560.0,621940.0,576660.0,540520.0,530710.0,538080.0,532190.0,524720.0,517510.0,491855.0,504565.0,511175.0,497790.0,490665.0,514203.33333333326,522386.66666666674,523950.0,523726.66666666674,522566.66666666674,767060.0,773016.6666666665,778325.0,777291.6666666665,778041.6666666665,1
2019-06-21,276.74401632870917,277.58284993828954,274.2374238135267,276.64532470703125,443400,0,277.7367736816406,277.4982421875,277.46087341308595,276.882607014974,268.52138748168943,543040.0,559850.0,511375.0,512233.33333333326,764265.0,278.11572265625,276.99069213867193,278.63876342773443,278.29336547851557,276.96112060546875,277.7999328613281,277.69533081054686,277.82756958007815,277.2619689941406,277.2597106933593,278.09119567871096,278.537109375,278.932080078125,279.0303131103516,278.4236663818359,277.6741516113281,277.7705871582031,277.9498565673828,278.04130859375,277.9723129272461,276.92141215006507,276.9436930338542,276.81443684895834,276.78219807942713,276.686973063151,267.9733428955078,267.36501795450846,266.7288403828939,266.01087849934896,265.3938499450684,572840.0,559280.0,623560.0,621940.0,576660.0,556680.0,530710.0,538080.0,532190.0,524720.0,510070.0,491855.0,504565.0,511175.0,497790.0,518180.0,514203.33333333326,522386.66666666674,523950.0,523726.66666666674,766461.6666666665,767060.0,773016.6666666665,778325.0,777291.6666666665,1
2019-06-24,277.07951292835384,277.07951292835384,268.7011161945329,270.76364135742193,422700,1,276.2308288574219,276.74639892578125,277.08643035888673,276.77213134765617,268.8673670450846,474040.0,547990.0,516500.0,502623.33333333326,756226.6666666665,276.64532470703125,278.11572265625,276.99069213867193,278.63876342773443,278.29336547851557,277.7367736816406,277.7999328613281,277.69533081054686,277.82756958007815,277.2619689941406,277.4982421875,278.09119567871096,278.537109375,278.932080078125,279.0303131103516,277.46087341308595,277.6741516113281,277.7705871582031,277.9498565673828,278.04130859375,276.882607014974,276.92141215006507,276.9436930338542,276.81443684895834,276.78219807942713,268.52138748168943,267.9733428955078,267.36501795450846,266.7288403828939,266.01087849934896,543040.0,572840.0,559280.0,623560.0,621940.0,559850.0,556680.0,530710.0,538080.0,532190.0,511375.0,510070.0,491855.0,504565.0,511175.0,512233.33333333326,518180.0,514203.33333333326,522386.66666666674,523950.0,764265.0,766461.6666666665,767060.0,773016.6666666665,778325.0,1
2019-06-25,272.5696064801676,274.18803446505484,269.816270138547,273.49725341796875,720900,0,275.2025268554688,276.5150482177734,276.94121551513666,276.90013427734374,269.19031422932943,512340.0,567950.0,528860.0,501633.33333333326,749711.6666666665,270.76364135742193,276.64532470703125,278.11572265625,276.99069213867193,278.63876342773443,276.2308288574219,277.7367736816406,277.7999328613281,277.69533081054686,277.82756958007815,276.74639892578125,277.4982421875,278.09119567871096,278.537109375,278.932080078125,277.08643035888673,277.46087341308595,277.6741516113281,277.7705871582031,277.9498565673828,276.77213134765617,276.882607014974,276.92141215006507,276.9436930338542,276.81443684895834,268.8673670450846,268.52138748168943,267.9733428955078,267.36501795450846,266.7288403828939,474040.0,543040.0,572840.0,559280.0,623560.0,547990.0,559850.0,556680.0,530710.0,538080.0,516500.0,511375.0,510070.0,491855.0,504565.0,502623.33333333326,512233.33333333326,518180.0,514203.33333333326,522386.66666666674,756226.6666666665,764265.0,766461.6666666665,767060.0,773016.6666666665,1
2019-06-26,273.7834197665962,274.52356167715345,267.81295373468134,272.24392700195307,691600,1,274.253173828125,275.974252319336,276.8810241699219,277.01983744303385,269.63431650797526,585000.0,572140.0,541830.0,509713.33333333326,739013.3333333335,273.49725341796875,270.76364135742193,276.64532470703125,278.11572265625,276.99069213867193,275.2025268554688,276.2308288574219,277.7367736816406,277.7999328613281,277.69533081054686,276.5150482177734,276.74639892578125,277.4982421875,278.09119567871096,278.537109375,276.94121551513666,277.08643035888673,277.46087341308595,277.6741516113281,277.7705871582031,276.90013427734374,276.77213134765617,276.882607014974,276.92141215006507,276.9436930338542,269.19031422932943,268.8673670450846,268.52138748168943,267.9733428955078,267.36501795450846,512340.0,474040.0,543040.0,572840.0,559280.0,567950.0,547990.0,559850.0,556680.0,530710.0,528860.0,516500.0,511375.0,510070.0,491855.0,501633.33333333326,502623.33333333326,512233.33333333326,518180.0,514203.33333333326,749711.6666666665,756226.6666666665,764265.0,766461.6666666665,767060.0,1
2019-06-27,271.94786914079424,275.6683047894606,270.4971898615567,274.28671264648443,380800,1,273.48737182617185,275.64365234375,276.9451278686523,277.0825907389323,270.1817782084147,531880.0,552360.0,534935.0,511230.0,727221.6666666665,272.24392700195307,273.49725341796875,270.76364135742193,276.64532470703125,278.11572265625,274.253173828125,275.2025268554688,276.2308288574219,277.7367736816406,277.7999328613281,275.974252319336,276.5150482177734,276.74639892578125,277.4982421875,278.09119567871096,276.8810241699219,276.94121551513666,277.08643035888673,277.46087341308595,277.6741516113281,277.01983744303385,276.90013427734374,276.77213134765617,276.882607014974,276.92141215006507,269.63431650797526,269.19031422932943,268.8673670450846,268.52138748168943,267.9733428955078,585000.0,512340.0,474040.0,543040.0,572840.0,572140.0,567950.0,547990.0,559850.0,556680.0,541830.0,528860.0,516500.0,511375.0,510070.0,509713.33333333326,501633.33333333326,502623.33333333326,512233.33333333326,518180.0,739013.3333333335,749711.6666666665,756226.6666666665,764265.0,766461.6666666665,1
2019-06-28,274.4545051658584,276.0926897246825,271.65183776575293,274.62228393554693,568200,0,273.082763671875,275.40976867675784,276.91671752929693,277.1181315104167,270.6053601582845,556840.0,549940.0,537330.0,515173.33333333326,719943.3333333335,274.28671264648443,272.24392700195307,273.49725341796875,270.76364135742193,276.64532470703125,273.48737182617185,274.253173828125,275.2025268554688,276.2308288574219,277.7367736816406,275.64365234375,275.974252319336,276.5150482177734,276.74639892578125,277.4982421875,276.9451278686523,276.8810241699219,276.94121551513666,277.08643035888673,277.46087341308595,277.0825907389323,277.01983744303385,276.90013427734374,276.77213134765617,276.882607014974,270.1817782084147,269.63431650797526,269.19031422932943,268.8673670450846,268.52138748168943,531880.0,585000.0,512340.0,474040.0,543040.0,552360.0,572140.0,567950.0,547990.0,559850.0,534935.0,541830.0,528860.0,516500.0,511375.0,511230.0,509713.33333333326,501633.33333333326,502623.33333333326,512233.33333333326,727221.6666666665,739013.3333333335,749711.6666666665,756226.6666666665,764265.0,1
2019-07-01,275.9051707159444,278.283497147577,266.8655967994397,267.53665161132807,631100,1,272.43736572265624,274.33409729003904,276.6822052001953,276.805571492513,270.9792770385742,598520.0,536280.0,534235.0,519543.33333333326,717551.6666666665,274.62228393554693,274.28671264648443,272.24392700195307,273.49725341796875,270.76364135742193,273.082763671875,273.48737182617185,274.253173828125,275.2025268554688,276.2308288574219,275.40976867675784,275.64365234375,275.974252319336,276.5150482177734,276.74639892578125,276.91671752929693,276.9451278686523,276.8810241699219,276.94121551513666,277.08643035888673,277.1181315104167,277.0825907389323,277.01983744303385,276.90013427734374,276.77213134765617,270.6053601582845,270.1817782084147,269.63431650797526,269.19031422932943,268.8673670450846,556840.0,531880.0,585000.0,512340.0,474040.0,549940.0,552360.0,572140.0,567950.0,547990.0,537330.0,534935.0,541830.0,528860.0,516500.0,515173.33333333326,511230.0,509713.33333333326,501633.33333333326,502623.33333333326,719943.3333333335,727221.6666666665,739013.3333333335,749711.6666666665,756226.6666666665,1
2019-07-02,267.53662760777,272.9445784043702,267.4379359992403,270.21099853515625,398300,1,271.78011474609383,273.49132080078124,276.21170043945307,276.46367797851565,271.30554351806643,534000.0,523170.0,530625.0,510766.66666666674,709451.6666666665,267.53665161132807,274.62228393554693,274.28671264648443,272.24392700195307,273.49725341796875,272.43736572265624,273.082763671875,273.48737182617185,274.253173828125,275.2025268554688,274.33409729003904,275.40976867675784,275.64365234375,275.974252319336,276.5150482177734,276.6822052001953,276.91671752929693,276.9451278686523,276.8810241699219,276.94121551513666,276.805571492513,277.1181315104167,277.0825907389323,277.01983744303385,276.90013427734374,270.9792770385742,270.6053601582845,270.1817782084147,269.63431650797526,269.19031422932943,598520.0,556840.0,531880.0,585000.0,512340.0,536280.0,549940.0,552360.0,572140.0,567950.0,534235.0,537330.0,534935.0,541830.0,528860.0,519543.33333333326,515173.33333333326,511230.0,509713.33333333326,501633.33333333326,717551.6666666665,719943.3333333335,727221.6666666665,739013.3333333335,749711.6666666665,1
2019-07-03,270.73401768641867,278.39202836360016,270.73401768641867,277.26699829101557,336000,0,272.78472900390625,273.51895141601557,276.0280303955078,276.35337524414064,271.8652623494466,462880.0,523940.0,527325.0,502550.0,701498.3333333335,270.21099853515625,267.53665161132807,274.62228393554693,274.28671264648443,272.24392700195307,271.78011474609383,272.43736572265624,273.082763671875,273.48737182617185,274.253173828125,273.49132080078124,274.33409729003904,275.40976867675784,275.64365234375,275.974252319336,276.21170043945307,276.6822052001953,276.91671752929693,276.9451278686523,276.8810241699219,276.46367797851565,276.805571492513,277.1181315104167,277.0825907389323,277.01983744303385,271.30554351806643,270.9792770385742,270.6053601582845,270.1817782084147,269.63431650797526,534000.0,598520.0,556840.0,531880.0,585000.0,523170.0,536280.0,549940.0,552360.0,572140.0,530625.0,534235.0,537330.0,534935.0,541830.0,510766.66666666674,519543.33333333326,515173.33333333326,511230.0,509713.33333333326,709451.6666666665,717551.6666666665,719943.3333333335,727221.6666666665,739013.3333333335,1
2019-07-05,275.54000349870734,277.79991174622916,273.99066275864203,274.60250854492193,324300,0,272.84788818359374,273.1676300048828,275.62941284179686,276.17197774251304,272.3751579284668,451580.0,491730.0,524205.0,503956.66666666674,692711.6666666665,277.26699829101557,270.21099853515625,267.53665161132807,274.62228393554693,274.28671264648443,272.78472900390625,271.78011474609383,272.43736572265624,273.082763671875,273.48737182617185,273.51895141601557,273.49132080078124,274.33409729003904,275.40976867675784,275.64365234375,276.0280303955078,276.21170043945307,276.6822052001953,276.91671752929693,276.9451278686523,276.35337524414064,276.46367797851565,276.805571492513,277.1181315104167,277.0825907389323,271.8652623494466,271.30554351806643,270.9792770385742,270.6053601582845,270.1817782084147,462880.0,534000.0,598520.0,556840.0,531880.0,523940.0,523170.0,536280.0,549940.0,552360.0,527325.0,530625.0,534235.0,537330.0,534935.0,502550.0,510766.66666666674,519543.33333333326,515173.33333333326,511230.0,701498.3333333335,709451.6666666665,717551.6666666665,719943.3333333335,727221.6666666665,1
2019-07-08,273.55646661748574,275.2341035720393,269.43138608069086,273.56631469726557,507100,1,272.6366943359375,272.85972900390624,275.17898559570307,275.927158610026,272.8495691935221,439360.0,498100.0,528975.0,506950.0,687970.0,274.60250854492193,277.26699829101557,270.21099853515625,267.53665161132807,274.62228393554693,272.84788818359374,272.78472900390625,271.78011474609383,272.43736572265624,273.082763671875,273.1676300048828,273.51895141601557,273.49132080078124,274.33409729003904,275.40976867675784,275.62941284179686,276.0280303955078,276.21170043945307,276.6822052001953,276.91671752929693,276.17197774251304,276.35337524414064,276.46367797851565,276.805571492513,277.1181315104167,272.3751579284668,271.8652623494466,271.30554351806643,270.9792770385742,270.6053601582845,451580.0,462880.0,534000.0,598520.0,556840.0,491730.0,523940.0,523170.0,536280.0,549940.0,524205.0,527325.0,530625.0,534235.0,537330.0,503956.66666666674,502550.0,510766.66666666674,519543.33333333326,515173.33333333326,692711.6666666665,701498.3333333335,709451.6666666665,717551.6666666665,719943.3333333335,1
2019-07-09,272.7867103817141,277.1979572855734,272.7867103817141,276.31964111328125,491300,0,274.39329223632814,273.4153289794922,275.08086395263666,275.8627298990885,273.26140085856116,411400.0,504960.0,526475.0,512653.33333333326,677200.0,273.56631469726557,274.60250854492193,277.26699829101557,270.21099853515625,267.53665161132807,272.6366943359375,272.84788818359374,272.78472900390625,271.78011474609383,272.43736572265624,272.85972900390624,273.1676300048828,273.51895141601557,273.49132080078124,274.33409729003904,275.17898559570307,275.62941284179686,276.0280303955078,276.21170043945307,276.6822052001953,275.927158610026,276.17197774251304,276.35337524414064,276.46367797851565,276.805571492513,272.8495691935221,272.3751579284668,271.8652623494466,271.30554351806643,270.9792770385742,439360.0,451580.0,462880.0,534000.0,598520.0,498100.0,491730.0,523940.0,523170.0,536280.0,528975.0,524205.0,527325.0,530625.0,534235.0,506950.0,503956.66666666674,502550.0,510766.66666666674,519543.33333333326,687970.0,692711.6666666665,701498.3333333335,709451.6666666665,717551.6666666665,1
2019-07-10,273.9511996667676,277.7209963749685,271.0202364840076,271.73077392578125,746200,1,274.69724731445314,273.2386810302734,274.8768646240234,275.7070373535156,273.5629480997721,480980.0,507490.0,537720.0,521736.66666666674,675656.6666666665,276.31964111328125,273.56631469726557,274.60250854492193,277.26699829101557,270.21099853515625,274.39329223632814,272.6366943359375,272.84788818359374,272.78472900390625,271.78011474609383,273.4153289794922,272.85972900390624,273.1676300048828,273.51895141601557,273.49132080078124,275.08086395263666,275.17898559570307,275.62941284179686,276.0280303955078,276.21170043945307,275.8627298990885,275.927158610026,276.17197774251304,276.35337524414064,276.46367797851565,273.26140085856116,272.8495691935221,272.3751579284668,271.8652623494466,271.30554351806643,411400.0,439360.0,451580.0,462880.0,534000.0,504960.0,498100.0,491730.0,523940.0,523170.0,526475.0,528975.0,524205.0,527325.0,530625.0,512653.33333333326,506950.0,503956.66666666674,502550.0,510766.66666666674,677200.0,687970.0,692711.6666666665,701498.3333333335,709451.6666666665,1
2019-07-11,273.3196072244357,275.7275380790262,271.0301243780886,273.99069213867193,600100,1,274.0419860839844,273.4133575439453,274.6938049316406,275.7251352945963,273.88099136352537,533800.0,498340.0,535240.0,527333.3333333335,674068.3333333335,271.73077392578125,276.31964111328125,273.56631469726557,274.60250854492193,277.26699829101557,274.69724731445314,274.39329223632814,272.6366943359375,272.84788818359374,272.78472900390625,273.2386810302734,273.4153289794922,272.85972900390624,273.1676300048828,273.51895141601557,274.8768646240234,275.08086395263666,275.17898559570307,275.62941284179686,276.0280303955078,275.7070373535156,275.8627298990885,275.927158610026,276.17197774251304,276.35337524414064,273.5629480997721,273.26140085856116,272.8495691935221,272.3751579284668,271.8652623494466,480980.0,411400.0,439360.0,451580.0,462880.0,507490.0,504960.0,498100.0,491730.0,523940.0,537720.0,526475.0,528975.0,524205.0,527325.0,521736.66666666674,512653.33333333326,506950.0,503956.66666666674,502550.0,675656.6666666665,677200.0,687970.0,692711.6666666665,701498.3333333335,1
2019-07-12,274.9578290292582,280.59276866667926,274.9479508314492,278.40194702148443,571100,0,274.8018737792969,273.8248809814453,274.73426666259763,275.90504557291666,274.3309743245443,583160.0,517370.0,534865.0,529080.0,669228.3333333335,273.99069213867193,271.73077392578125,276.31964111328125,273.56631469726557,274.60250854492193,274.0419860839844,274.69724731445314,274.39329223632814,272.6366943359375,272.84788818359374,273.4133575439453,273.2386810302734,273.4153289794922,272.85972900390624,273.1676300048828,274.6938049316406,274.8768646240234,275.08086395263666,275.17898559570307,275.62941284179686,275.7251352945963,275.7070373535156,275.8627298990885,275.927158610026,276.17197774251304,273.88099136352537,273.5629480997721,273.26140085856116,272.8495691935221,272.3751579284668,533800.0,480980.0,411400.0,439360.0,451580.0,498340.0,507490.0,504960.0,498100.0,491730.0,535240.0,537720.0,526475.0,528975.0,524205.0,527333.3333333335,521736.66666666674,512653.33333333326,506950.0,503956.66666666674,674068.3333333335,675656.6666666665,677200.0,687970.0,692711.6666666665,1
2019-07-15,279.71444299597454,279.71444299597454,264.89187799252767,266.37216186523443,1668400,0,273.3630432128906,272.99986877441404,274.204818725586,275.6111012776693,274.41784108479817,815420.0,627390.0,588665.0,567350.0,670525.0,278.40194702148443,273.99069213867193,271.73077392578125,276.31964111328125,273.56631469726557,274.8018737792969,274.0419860839844,274.69724731445314,274.39329223632814,272.6366943359375,273.8248809814453,273.4133575439453,273.2386810302734,273.4153289794922,272.85972900390624,274.73426666259763,274.6938049316406,274.8768646240234,275.08086395263666,275.17898559570307,275.90504557291666,275.7251352945963,275.7070373535156,275.8627298990885,275.927158610026,274.3309743245443,273.88099136352537,273.5629480997721,273.26140085856116,272.8495691935221,583160.0,533800.0,480980.0,411400.0,439360.0,517370.0,498340.0,507490.0,504960.0,498100.0,534865.0,535240.0,537720.0,526475.0,528975.0,529080.0,527333.3333333335,521736.66666666674,512653.33333333326,506950.0,669228.3333333335,674068.3333333335,675656.6666666665,677200.0,687970.0,1
2019-07-16,250.9574653698629,260.1056240339079,242.71721235211257,243.2994537353516,6194200,1,266.7590057373047,270.5761489868164,272.4551231384277,274.64685312906903,274.0814353942871,1956000.0,1183700.0,859990.0,750723.3333333335,757561.6666666665,266.37216186523443,278.40194702148443,273.99069213867193,271.73077392578125,276.31964111328125,273.3630432128906,274.8018737792969,274.0419860839844,274.69724731445314,274.39329223632814,272.99986877441404,273.8248809814453,273.4133575439453,273.2386810302734,273.4153289794922,274.204818725586,274.73426666259763,274.6938049316406,274.8768646240234,275.08086395263666,275.6111012776693,275.90504557291666,275.7251352945963,275.7070373535156,275.8627298990885,274.41784108479817,274.3309743245443,273.88099136352537,273.5629480997721,273.26140085856116,815420.0,583160.0,533800.0,480980.0,411400.0,627390.0,517370.0,498340.0,507490.0,504960.0,588665.0,534865.0,535240.0,537720.0,526475.0,567350.0,529080.0,527333.3333333335,521736.66666666674,512653.33333333326,670525.0,669228.3333333335,674068.3333333335,675656.6666666665,677200.0,1
2019-07-17,242.27312017787796,250.16796727125072,241.444164847048,249.6844024658203,3286500,0,262.3497314453125,268.5234893798828,271.00740509033204,273.6489634195963,273.87786458333335,2464060.0,1472520.0,997845.0,844590.0,783208.3333333335,243.2994537353516,266.37216186523443,278.40194702148443,273.99069213867193,271.73077392578125,266.7590057373047,273.3630432128906,274.8018737792969,274.0419860839844,274.69724731445314,270.5761489868164,272.99986877441404,273.8248809814453,273.4133575439453,273.2386810302734,272.4551231384277,274.204818725586,274.73426666259763,274.6938049316406,274.8768646240234,274.64685312906903,275.6111012776693,275.90504557291666,275.7251352945963,275.7070373535156,274.0814353942871,274.41784108479817,274.3309743245443,273.88099136352537,273.5629480997721,1956000.0,815420.0,583160.0,533800.0,480980.0,1183700.0,627390.0,517370.0,498340.0,507490.0,859990.0,588665.0,534865.0,535240.0,537720.0,750723.3333333335,567350.0,529080.0,527333.3333333335,521736.66666666674,757561.6666666665,670525.0,669228.3333333335,674068.3333333335,675656.6666666665,1
2019-07-18,248.914652000778,250.80941346515755,246.17119388543645,249.35873413085938,1613600,1,257.42333984375,265.7326629638672,269.6258071899414,272.5962412516276,273.599946085612,2666760.0,1600280.0,1062110.0,884976.6666666665,781036.6666666665,249.6844024658203,243.2994537353516,266.37216186523443,278.40194702148443,273.99069213867193,262.3497314453125,266.7590057373047,273.3630432128906,274.8018737792969,274.0419860839844,268.5234893798828,270.5761489868164,272.99986877441404,273.8248809814453,273.4133575439453,271.00740509033204,272.4551231384277,274.204818725586,274.73426666259763,274.6938049316406,273.6489634195963,274.64685312906903,275.6111012776693,275.90504557291666,275.7251352945963,273.87786458333335,274.0814353942871,274.41784108479817,274.3309743245443,273.88099136352537,2464060.0,1956000.0,815420.0,583160.0,533800.0,1472520.0,1183700.0,627390.0,517370.0,498340.0,997845.0,859990.0,588665.0,534865.0,535240.0,844590.0,750723.3333333335,567350.0,529080.0,527333.3333333335,783208.3333333335,757561.6666666665,670525.0,669228.3333333335,674068.3333333335,1
2019-07-19,249.47718833793488,255.68450566683396,249.47718833793488,254.5397491455078,1677200,0,252.6509002685547,263.72638702392584,268.4470085144043,271.6617375691732,273.191441599528,2887980.0,1735570.0,1113650.0,927993.3333333335,745770.0,249.35873413085938,249.6844024658203,243.2994537353516,266.37216186523443,278.40194702148443,257.42333984375,262.3497314453125,266.7590057373047,273.3630432128906,274.8018737792969,265.7326629638672,268.5234893798828,270.5761489868164,272.99986877441404,273.8248809814453,269.6258071899414,271.00740509033204,272.4551231384277,274.204818725586,274.73426666259763,272.5962412516276,273.6489634195963,274.64685312906903,275.6111012776693,275.90504557291666,273.599946085612,273.87786458333335,274.0814353942871,274.41784108479817,274.3309743245443,2666760.0,2464060.0,1956000.0,815420.0,583160.0,1600280.0,1472520.0,1183700.0,627390.0,517370.0,1062110.0,997845.0,859990.0,588665.0,534865.0,884976.6666666665,844590.0,750723.3333333335,567350.0,529080.0,781036.6666666665,783208.3333333335,757561.6666666665,670525.0,669228.3333333335,1
2019-07-22,254.7173704134296,255.0923804866061,250.8094293513151,252.0429992675781,1231400,1,249.78506774902343,261.57405548095704,267.21689224243164,270.64400889078775,272.8557004292806,2800580.0,1808000.0,1153050.0,955316.6666666665,743705.0,254.5397491455078,249.35873413085938,249.6844024658203,243.2994537353516,266.37216186523443,252.6509002685547,257.42333984375,262.3497314453125,266.7590057373047,273.3630432128906,263.72638702392584,265.7326629638672,268.5234893798828,270.5761489868164,272.99986877441404,268.4470085144043,269.6258071899414,271.00740509033204,272.4551231384277,274.204818725586,271.6617375691732,272.5962412516276,273.6489634195963,274.64685312906903,275.6111012776693,273.191441599528,273.599946085612,273.87786458333335,274.0814353942871,274.41784108479817,2887980.0,2666760.0,2464060.0,1956000.0,815420.0,1735570.0,1600280.0,1472520.0,1183700.0,627390.0,1113650.0,1062110.0,997845.0,859990.0,588665.0,927993.3333333335,884976.6666666665,844590.0,750723.3333333335,567350.0,745770.0,781036.6666666665,783208.3333333335,757561.6666666665,670525.0,0
2019-07-23,253.6811815083897,254.41144525515617,251.5890517673648,254.3226318359375,923600,1,251.98970336914059,259.37435455322264,266.39484176635744,269.8453608194987,272.6075106302897,1746460.0,1851230.0,1178095.0,968060.0,748988.3333333335,252.0429992675781,254.5397491455078,249.35873413085938,249.6844024658203,243.2994537353516,249.78506774902343,252.6509002685547,257.42333984375,262.3497314453125,266.7590057373047,261.57405548095704,263.72638702392584,265.7326629638672,268.5234893798828,270.5761489868164,267.21689224243164,268.4470085144043,269.6258071899414,271.00740509033204,272.4551231384277,270.64400889078775,271.6617375691732,272.5962412516276,273.6489634195963,274.64685312906903,272.8557004292806,273.191441599528,273.599946085612,273.87786458333335,274.0814353942871,2800580.0,2887980.0,2666760.0,2464060.0,1956000.0,1808000.0,1735570.0,1600280.0,1472520.0,1183700.0,1153050.0,1113650.0,1062110.0,997845.0,859990.0,955316.6666666665,927993.3333333335,884976.6666666665,844590.0,750723.3333333335,743705.0,745770.0,781036.6666666665,783208.3333333335,757561.6666666665,1
2019-07-24,256.0200304485346,260.03654137051757,255.0035700303782,258.76348876953125,921300,0,253.8055206298828,258.07762603759767,265.65815353393555,269.2771184285482,272.508162689209,1273420.0,1868740.0,1188115.0,981393.3333333335,750626.6666666665,254.3226318359375,252.0429992675781,254.5397491455078,249.35873413085938,249.6844024658203,251.98970336914059,249.78506774902343,252.6509002685547,257.42333984375,262.3497314453125,259.37435455322264,261.57405548095704,263.72638702392584,265.7326629638672,268.5234893798828,266.39484176635744,267.21689224243164,268.4470085144043,269.6258071899414,271.00740509033204,269.8453608194987,270.64400889078775,271.6617375691732,272.5962412516276,273.6489634195963,272.6075106302897,272.8557004292806,273.191441599528,273.599946085612,273.87786458333335,1746460.0,2800580.0,2887980.0,2666760.0,2464060.0,1851230.0,1808000.0,1735570.0,1600280.0,1472520.0,1178095.0,1153050.0,1113650.0,1062110.0,997845.0,968060.0,955316.6666666665,927993.3333333335,884976.6666666665,844590.0,748988.3333333335,743705.0,745770.0,781036.6666666665,783208.3333333335,1
2019-07-25,259.177942304839,261.1615320903998,255.1811582645203,257.24371337890625,801800,0,255.38251647949215,256.4029281616211,264.9081428527832,268.5968460083008,272.35542475382493,1111060.0,1888910.0,1193625.0,986463.3333333335,752030.0,258.76348876953125,254.3226318359375,252.0429992675781,254.5397491455078,249.35873413085938,253.8055206298828,251.98970336914059,249.78506774902343,252.6509002685547,257.42333984375,258.07762603759767,259.37435455322264,261.57405548095704,263.72638702392584,265.7326629638672,265.65815353393555,266.39484176635744,267.21689224243164,268.4470085144043,269.6258071899414,269.2771184285482,269.8453608194987,270.64400889078775,271.6617375691732,272.5962412516276,272.508162689209,272.6075106302897,272.8557004292806,273.191441599528,273.599946085612,1273420.0,1746460.0,2800580.0,2887980.0,2666760.0,1868740.0,1851230.0,1808000.0,1735570.0,1600280.0,1188115.0,1178095.0,1153050.0,1113650.0,1062110.0,981393.3333333335,968060.0,955316.6666666665,927993.3333333335,884976.6666666665,750626.6666666665,748988.3333333335,743705.0,745770.0,781036.6666666665,1
2019-07-26,258.43783288731237,259.4148106098612,254.73712319104862,255.65489196777344,567700,0,255.6055450439453,254.12822265625,263.97655181884767,267.86558532714844,272.1617660522461,889160.0,1888570.0,1202970.0,986100.0,754333.3333333335,257.24371337890625,258.76348876953125,254.3226318359375,252.0429992675781,254.5397491455078,255.38251647949215,253.8055206298828,251.98970336914059,249.78506774902343,252.6509002685547,256.4029281616211,258.07762603759767,259.37435455322264,261.57405548095704,263.72638702392584,264.9081428527832,265.65815353393555,266.39484176635744,267.21689224243164,268.4470085144043,268.5968460083008,269.2771184285482,269.8453608194987,270.64400889078775,271.6617375691732,272.35542475382493,272.508162689209,272.6075106302897,272.8557004292806,273.191441599528,1111060.0,1273420.0,1746460.0,2800580.0,2887980.0,1888910.0,1868740.0,1851230.0,1808000.0,1735570.0,1193625.0,1188115.0,1178095.0,1153050.0,1113650.0,986463.3333333335,981393.3333333335,968060.0,955316.6666666665,927993.3333333335,752030.0,750626.6666666665,748988.3333333335,743705.0,745770.0,1
2019-07-29,250.81931807926208,252.4871070853928,246.36858799724357,249.1613922119141,1172600,0,255.0292236328125,252.40714569091801,262.703507232666,266.93892771402994,271.8129503885905,877400.0,1838990.0,1233190.0,1005440.0,764583.3333333335,255.65489196777344,257.24371337890625,258.76348876953125,254.3226318359375,252.0429992675781,255.6055450439453,255.38251647949215,253.8055206298828,251.98970336914059,249.78506774902343,254.12822265625,256.4029281616211,258.07762603759767,259.37435455322264,261.57405548095704,263.97655181884767,264.9081428527832,265.65815353393555,266.39484176635744,267.21689224243164,267.86558532714844,268.5968460083008,269.2771184285482,269.8453608194987,270.64400889078775,272.1617660522461,272.35542475382493,272.508162689209,272.6075106302897,272.8557004292806,889160.0,1111060.0,1273420.0,1746460.0,2800580.0,1888570.0,1888910.0,1868740.0,1851230.0,1808000.0,1202970.0,1193625.0,1188115.0,1178095.0,1153050.0,986100.0,986463.3333333335,981393.3333333335,968060.0,955316.6666666665,754333.3333333335,752030.0,750626.6666666665,748988.3333333335,743705.0,1
2019-07-30,248.21400759918708,249.0725674392025,242.5198446697824,244.2961883544922,1081800,0,253.02393493652343,252.50681915283204,261.5414840698242,265.8056884765625,271.2939432779948,909040.0,1327750.0,1255725.0,1015910.0,769930.0,249.1613922119141,255.65489196777344,257.24371337890625,258.76348876953125,254.3226318359375,255.0292236328125,255.6055450439453,255.38251647949215,253.8055206298828,251.98970336914059,252.40714569091801,254.12822265625,256.4029281616211,258.07762603759767,259.37435455322264,262.703507232666,263.97655181884767,264.9081428527832,265.65815353393555,266.39484176635744,266.93892771402994,267.86558532714844,268.5968460083008,269.2771184285482,269.8453608194987,271.8129503885905,272.1617660522461,272.35542475382493,272.508162689209,272.6075106302897,877400.0,889160.0,1111060.0,1273420.0,1746460.0,1838990.0,1888570.0,1888910.0,1868740.0,1851230.0,1233190.0,1202970.0,1193625.0,1188115.0,1178095.0,1005440.0,986100.0,986463.3333333335,981393.3333333335,968060.0,764583.3333333335,754333.3333333335,752030.0,750626.6666666665,748988.3333333335,0
2019-07-31,243.8224946127557,245.41131815697827,239.29281458431208,241.3158721923828,920900,1,249.5344116210937,251.66996612548832,260.0967277526855,264.56159210205084,270.68801447550453,908960.0,1091190.0,1281855.0,1028960.0,775673.3333333335,244.2961883544922,249.1613922119141,255.65489196777344,257.24371337890625,258.76348876953125,253.02393493652343,255.0292236328125,255.6055450439453,255.38251647949215,253.8055206298828,252.50681915283204,252.40714569091801,254.12822265625,256.4029281616211,258.07762603759767,261.5414840698242,262.703507232666,263.97655181884767,264.9081428527832,265.65815353393555,265.8056884765625,266.93892771402994,267.86558532714844,268.5968460083008,269.2771184285482,271.2939432779948,271.8129503885905,272.1617660522461,272.35542475382493,272.508162689209,909040.0,877400.0,889160.0,1111060.0,1273420.0,1327750.0,1838990.0,1888570.0,1888910.0,1868740.0,1255725.0,1233190.0,1202970.0,1193625.0,1188115.0,1015910.0,1005440.0,986100.0,986463.3333333335,981393.3333333335,769930.0,764583.3333333335,754333.3333333335,752030.0,750626.6666666665,0
2019-08-01,242.88498225984284,246.61529655638995,240.00336468494663,242.5988006591797,760600,0,246.60542907714844,250.9939727783203,258.36331787109367,263.415195719401,270.1794443766276,900720.0,1005890.0,1303085.0,1043370.0,778786.6666666665,241.3158721923828,244.2961883544922,249.1613922119141,255.65489196777344,257.24371337890625,249.5344116210937,253.02393493652343,255.0292236328125,255.6055450439453,255.38251647949215,251.66996612548832,252.50681915283204,252.40714569091801,254.12822265625,256.4029281616211,260.0967277526855,261.5414840698242,262.703507232666,263.97655181884767,264.9081428527832,264.56159210205084,265.8056884765625,266.93892771402994,267.86558532714844,268.5968460083008,270.68801447550453,271.2939432779948,271.8129503885905,272.1617660522461,272.35542475382493,908960.0,909040.0,877400.0,889160.0,1111060.0,1091190.0,1327750.0,1838990.0,1888570.0,1888910.0,1281855.0,1255725.0,1233190.0,1202970.0,1193625.0,1028960.0,1015910.0,1005440.0,986100.0,986463.3333333335,775673.3333333335,769930.0,764583.3333333335,754333.3333333335,752030.0,0
2019-08-02,242.1843333313749,244.43436379517232,241.17773600023585,241.5330047607422,537700,0,243.7810516357422,249.69329833984372,256.7098426818848,262.1957717895508,269.558591969808,894720.0,891940.0,1313755.0,1039746.6666666665,778963.3333333335,242.5988006591797,241.3158721923828,244.2961883544922,249.1613922119141,255.65489196777344,246.60542907714844,249.5344116210937,253.02393493652343,255.0292236328125,255.6055450439453,250.9939727783203,251.66996612548832,252.50681915283204,252.40714569091801,254.12822265625,258.36331787109367,260.0967277526855,261.5414840698242,262.703507232666,263.97655181884767,263.415195719401,264.56159210205084,265.8056884765625,266.93892771402994,267.86558532714844,270.1794443766276,270.68801447550453,271.2939432779948,271.8129503885905,272.1617660522461,900720.0,908960.0,909040.0,877400.0,889160.0,1005890.0,1091190.0,1327750.0,1838990.0,1888570.0,1303085.0,1281855.0,1255725.0,1233190.0,1202970.0,1043370.0,1028960.0,1015910.0,1005440.0,986100.0,778786.6666666665,775673.3333333335,769930.0,764583.3333333335,754333.3333333335,0
2019-08-05,237.36844264711044,239.1447862355368,233.0657504254669,236.569091796875,990900,1,241.26259155273442,248.14590759277343,254.85998153686523,260.85989735921225,268.8712521870931,858380.0,867890.0,1337945.0,1057996.666666667,785115.0,241.5330047607422,242.5988006591797,241.3158721923828,244.2961883544922,249.1613922119141,243.7810516357422,246.60542907714844,249.5344116210937,253.02393493652343,255.0292236328125,249.69329833984372,250.9939727783203,251.66996612548832,252.50681915283204,252.40714569091801,256.7098426818848,258.36331787109367,260.0967277526855,261.5414840698242,262.703507232666,262.1957717895508,263.415195719401,264.56159210205084,265.8056884765625,266.93892771402994,269.558591969808,270.1794443766276,270.68801447550453,271.2939432779948,271.8129503885905,894720.0,900720.0,908960.0,909040.0,877400.0,891940.0,1005890.0,1091190.0,1327750.0,1838990.0,1313755.0,1303085.0,1281855.0,1255725.0,1233190.0,1039746.6666666665,1043370.0,1028960.0,1015910.0,1005440.0,778963.3333333335,778786.6666666665,775673.3333333335,769930.0,764583.3333333335,0
2019-08-06,238.03951759309052,241.04941603301862,236.84541533183983,239.32241821289062,589800,1,240.2678375244141,246.64588623046882,253.0101203918457,259.81185658772785,268.2919939676921,759980.0,834510.0,1342870.0,1063566.666666667,783095.0,236.569091796875,241.5330047607422,242.5988006591797,241.3158721923828,244.2961883544922,241.26259155273442,243.7810516357422,246.60542907714844,249.5344116210937,253.02393493652343,248.14590759277343,249.69329833984372,250.9939727783203,251.66996612548832,252.50681915283204,254.85998153686523,256.7098426818848,258.36331787109367,260.0967277526855,261.5414840698242,260.85989735921225,262.1957717895508,263.415195719401,264.56159210205084,265.8056884765625,268.8712521870931,269.558591969808,270.1794443766276,270.68801447550453,271.2939432779948,858380.0,894720.0,900720.0,908960.0,909040.0,867890.0,891940.0,1005890.0,1091190.0,1327750.0,1337945.0,1313755.0,1303085.0,1281855.0,1255725.0,1057996.666666667,1039746.6666666665,1043370.0,1028960.0,1015910.0,785115.0,778963.3333333335,778786.6666666665,775673.3333333335,769930.0,0
2019-08-07,238.54281423258635,242.97380273519352,237.33884880529843,242.50997924804688,690600,1,240.50665893554688,245.02053527832032,251.549080657959,258.7789474487305,267.8395408630371,713920.0,811440.0,1340090.0,1062556.666666667,782095.0,239.32241821289062,236.569091796875,241.5330047607422,242.5988006591797,241.3158721923828,240.2678375244141,241.26259155273442,243.7810516357422,246.60542907714844,249.5344116210937,246.64588623046882,248.14590759277343,249.69329833984372,250.9939727783203,251.66996612548832,253.0101203918457,254.85998153686523,256.7098426818848,258.36331787109367,260.0967277526855,259.81185658772785,260.85989735921225,262.1957717895508,263.415195719401,264.56159210205084,268.2919939676921,268.8712521870931,269.558591969808,270.1794443766276,270.68801447550453,759980.0,858380.0,894720.0,900720.0,908960.0,834510.0,867890.0,891940.0,1005890.0,1091190.0,1342870.0,1337945.0,1313755.0,1303085.0,1281855.0,1063566.666666667,1057996.666666667,1039746.6666666665,1043370.0,1028960.0,783095.0,785115.0,778963.3333333335,778786.6666666665,775673.3333333335,0
2019-08-08,243.01327064769245,245.5791020666541,241.7698376076749,243.50669860839844,703300,1,240.68823852539063,243.64683380126957,250.0248809814453,257.821039835612,267.42043863932287,702460.0,801590.0,1345250.0,1062946.666666667,786330.0,242.50997924804688,239.32241821289062,236.569091796875,241.5330047607422,242.5988006591797,240.50665893554688,240.2678375244141,241.26259155273442,243.7810516357422,246.60542907714844,245.02053527832032,246.64588623046882,248.14590759277343,249.69329833984372,250.9939727783203,251.549080657959,253.0101203918457,254.85998153686523,256.7098426818848,258.36331787109367,258.7789474487305,259.81185658772785,260.85989735921225,262.1957717895508,263.415195719401,267.8395408630371,268.2919939676921,268.8712521870931,269.558591969808,270.1794443766276,713920.0,759980.0,858380.0,894720.0,900720.0,811440.0,834510.0,867890.0,891940.0,1005890.0,1340090.0,1342870.0,1337945.0,1313755.0,1303085.0,1062556.666666667,1063566.666666667,1057996.666666667,1039746.6666666665,1043370.0,782095.0,783095.0,785115.0,778963.3333333335,778786.6666666665,0
2019-08-09,242.9540817818633,247.68111541049598,240.3389043390416,244.5725250244141,586800,0,241.296142578125,242.5385971069336,248.3334098815918,256.8305669148764,266.9565788269043,712280.0,803500.0,1346035.0,1069813.333333333,790521.6666666665,243.50669860839844,242.50997924804688,239.32241821289062,236.569091796875,241.5330047607422,240.68823852539063,240.50665893554688,240.2678375244141,241.26259155273442,243.7810516357422,243.64683380126957,245.02053527832032,246.64588623046882,248.14590759277343,249.69329833984372,250.0248809814453,251.549080657959,253.0101203918457,254.85998153686523,256.7098426818848,257.821039835612,258.7789474487305,259.81185658772785,260.85989735921225,262.1957717895508,267.42043863932287,267.8395408630371,268.2919939676921,268.8712521870931,269.558591969808,702460.0,713920.0,759980.0,858380.0,894720.0,801590.0,811440.0,834510.0,867890.0,891940.0,1345250.0,1340090.0,1342870.0,1337945.0,1313755.0,1062946.666666667,1062556.666666667,1063566.666666667,1057996.666666667,1039746.6666666665,786330.0,782095.0,783095.0,785115.0,778963.3333333335,0
2019-08-12,243.9409033161908,245.4803960539872,236.3322379827274,236.8552703857422,803800,1,241.35337829589844,241.3079849243164,246.8575653076172,255.57166646321613,266.3448989868164,674860.0,766620.0,1302805.0,1077666.666666667,796420.0,244.5725250244141,243.50669860839844,242.50997924804688,239.32241821289062,236.569091796875,241.296142578125,240.68823852539063,240.50665893554688,240.2678375244141,241.26259155273442,242.5385971069336,243.64683380126957,245.02053527832032,246.64588623046882,248.14590759277343,248.3334098815918,250.0248809814453,251.549080657959,253.0101203918457,254.85998153686523,256.8305669148764,257.821039835612,258.7789474487305,259.81185658772785,260.85989735921225,266.9565788269043,267.42043863932287,267.8395408630371,268.2919939676921,268.8712521870931,712280.0,702460.0,713920.0,759980.0,858380.0,803500.0,801590.0,811440.0,834510.0,867890.0,1346035.0,1345250.0,1340090.0,1342870.0,1337945.0,1069813.333333333,1062946.666666667,1062556.666666667,1063566.666666667,1057996.666666667,790521.6666666665,786330.0,782095.0,783095.0,785115.0,0
2019-08-13,237.131623024426,240.7731240953957,234.98028415958282,237.43756103515625,611100,0,240.9764068603516,240.62212219238282,246.56447067260743,254.56836344401043,265.68696746826174,679120.0,719550.0,1023650.0,1077000.0,798271.6666666665,236.8552703857422,244.5725250244141,243.50669860839844,242.50997924804688,239.32241821289062,241.35337829589844,241.296142578125,240.68823852539063,240.50665893554688,240.2678375244141,241.3079849243164,242.5385971069336,243.64683380126957,245.02053527832032,246.64588623046882,246.8575653076172,248.3334098815918,250.0248809814453,251.549080657959,253.0101203918457,255.57166646321613,256.8305669148764,257.821039835612,258.7789474487305,259.81185658772785,266.3448989868164,266.9565788269043,267.42043863932287,267.8395408630371,268.2919939676921,674860.0,712280.0,702460.0,713920.0,759980.0,766620.0,803500.0,801590.0,811440.0,834510.0,1302805.0,1346035.0,1345250.0,1340090.0,1342870.0,1077666.666666667,1069813.333333333,1062946.666666667,1062556.666666667,1063566.666666667,796420.0,790521.6666666665,786330.0,782095.0,783095.0,0
2019-08-14,236.0164367072516,236.0164367072516,232.2466403238584,233.0953369140625,702800,0,239.09347839355468,239.80006866455082,245.73501739501958,253.3311747233073,264.8974263509115,681560.0,697740.0,894465.0,1087150.0,798958.3333333335,237.43756103515625,236.8552703857422,244.5725250244141,243.50669860839844,242.50997924804688,240.9764068603516,241.35337829589844,241.296142578125,240.68823852539063,240.50665893554688,240.62212219238282,241.3079849243164,242.5385971069336,243.64683380126957,245.02053527832032,246.56447067260743,246.8575653076172,248.3334098815918,250.0248809814453,251.549080657959,254.56836344401043,255.57166646321613,256.8305669148764,257.821039835612,258.7789474487305,265.68696746826174,266.3448989868164,266.9565788269043,267.42043863932287,267.8395408630371,679120.0,674860.0,712280.0,702460.0,713920.0,719550.0,766620.0,803500.0,801590.0,811440.0,1023650.0,1302805.0,1346035.0,1345250.0,1340090.0,1077000.0,1077666.666666667,1069813.333333333,1062946.666666667,1062556.666666667,798271.6666666665,796420.0,790521.6666666665,786330.0,782095.0,1
2019-08-15,233.1545877641533,235.6809517148245,228.97032805787828,229.82888793945312,900000,1,236.35791625976563,238.52307739257813,244.75852508544918,251.7499043782552,264.0516398111979,720900.0,711680.0,858785.0,1105950.0,804250.0,233.0953369140625,237.43756103515625,236.8552703857422,244.5725250244141,243.50669860839844,239.09347839355468,240.9764068603516,241.35337829589844,241.296142578125,240.68823852539063,239.80006866455082,240.62212219238282,241.3079849243164,242.5385971069336,243.64683380126957,245.73501739501958,246.56447067260743,246.8575653076172,248.3334098815918,250.0248809814453,253.3311747233073,254.56836344401043,255.57166646321613,256.8305669148764,257.821039835612,264.8974263509115,265.68696746826174,266.3448989868164,266.9565788269043,267.42043863932287,681560.0,679120.0,674860.0,712280.0,702460.0,697740.0,719550.0,766620.0,803500.0,801590.0,894465.0,1023650.0,1302805.0,1346035.0,1345250.0,1087150.0,1077000.0,1077666.666666667,1069813.333333333,1062946.666666667,798958.3333333335,798271.6666666665,796420.0,790521.6666666665,786330.0,1
2019-08-16,231.48679089403626,232.86838310211627,228.4275316441404,231.86178588867188,688400,0,233.81576843261718,237.5559555053711,243.62462692260743,250.32521362304686,263.2485956827799,741220.0,726750.0,809345.0,1118086.666666667,811021.6666666665,229.82888793945312,233.0953369140625,237.43756103515625,236.8552703857422,244.5725250244141,236.35791625976563,239.09347839355468,240.9764068603516,241.35337829589844,241.296142578125,238.52307739257813,239.80006866455082,240.62212219238282,241.3079849243164,242.5385971069336,244.75852508544918,245.73501739501958,246.56447067260743,246.8575653076172,248.3334098815918,251.7499043782552,253.3311747233073,254.56836344401043,255.57166646321613,256.8305669148764,264.0516398111979,264.8974263509115,265.68696746826174,266.3448989868164,266.9565788269043,720900.0,681560.0,679120.0,674860.0,712280.0,711680.0,697740.0,719550.0,766620.0,803500.0,858785.0,894465.0,1023650.0,1302805.0,1346035.0,1105950.0,1087150.0,1077000.0,1077666.666666667,1069813.333333333,804250.0,798958.3333333335,798271.6666666665,796420.0,790521.6666666665,1
2019-08-19,232.96709126302184,235.68094512457333,226.69068682088653,228.97032165527344,671700,1,232.23877868652343,236.7960784912109,242.4709930419922,248.83868052164715,262.3829195658366,714800.0,694830.0,781360.0,1123573.333333333,815261.6666666665,231.86178588867188,229.82888793945312,233.0953369140625,237.43756103515625,236.8552703857422,233.81576843261718,236.35791625976563,239.09347839355468,240.9764068603516,241.35337829589844,237.5559555053711,238.52307739257813,239.80006866455082,240.62212219238282,241.3079849243164,243.62462692260743,244.75852508544918,245.73501739501958,246.56447067260743,246.8575653076172,250.32521362304686,251.7499043782552,253.3311747233073,254.56836344401043,255.57166646321613,263.2485956827799,264.0516398111979,264.8974263509115,265.68696746826174,266.3448989868164,741220.0,720900.0,681560.0,679120.0,674860.0,726750.0,711680.0,697740.0,719550.0,766620.0,809345.0,858785.0,894465.0,1023650.0,1302805.0,1118086.666666667,1105950.0,1087150.0,1077000.0,1077666.666666667,811021.6666666665,804250.0,798958.3333333335,798271.6666666665,796420.0,1
2019-08-20,228.9111152581177,230.2927075797377,222.1018000946929,229.3749237060547,1086300,0,230.62625122070312,235.8013290405273,241.22360763549804,247.2738566080729,261.56829325358075,809840.0,744480.0,789495.0,1143406.666666667,828030.0,228.97032165527344,231.86178588867188,229.82888793945312,233.0953369140625,237.43756103515625,232.23877868652343,233.81576843261718,236.35791625976563,239.09347839355468,240.9764068603516,236.7960784912109,237.5559555053711,238.52307739257813,239.80006866455082,240.62212219238282,242.4709930419922,243.62462692260743,244.75852508544918,245.73501739501958,246.56447067260743,248.83868052164715,250.32521362304686,251.7499043782552,253.3311747233073,254.56836344401043,262.3829195658366,263.2485956827799,264.0516398111979,264.8974263509115,265.68696746826174,714800.0,741220.0,720900.0,681560.0,679120.0,694830.0,726750.0,711680.0,697740.0,719550.0,781360.0,809345.0,858785.0,894465.0,1023650.0,1123573.333333333,1118086.666666667,1105950.0,1087150.0,1077000.0,815261.6666666665,811021.6666666665,804250.0,798958.3333333335,798271.6666666665,1
2019-08-21,230.0163757343095,231.0624405824284,225.88144709041515,228.4768829345703,701800,1,229.7025604248047,234.39801940917968,239.70927734375,245.83206024169917,260.7695487976074,809640.0,745600.0,778520.0,1141926.666666667,831831.6666666665,229.3749237060547,228.97032165527344,231.86178588867188,229.82888793945312,233.0953369140625,230.62625122070312,232.23877868652343,233.81576843261718,236.35791625976563,239.09347839355468,235.8013290405273,236.7960784912109,237.5559555053711,238.52307739257813,239.80006866455082,241.22360763549804,242.4709930419922,243.62462692260743,244.75852508544918,245.73501739501958,247.2738566080729,248.83868052164715,250.32521362304686,251.7499043782552,253.3311747233073,261.56829325358075,262.3829195658366,263.2485956827799,264.0516398111979,264.8974263509115,809840.0,714800.0,741220.0,720900.0,681560.0,744480.0,694830.0,726750.0,711680.0,697740.0,789495.0,781360.0,809345.0,858785.0,894465.0,1143406.666666667,1123573.333333333,1118086.666666667,1105950.0,1087150.0,828030.0,815261.6666666665,811021.6666666665,804250.0,798958.3333333335,1
2019-08-22,228.11174007836377,228.93083229964626,223.60181635041283,228.80255126953125,635500,0,229.4972930908203,232.92760467529297,238.28721923828124,244.32578887939454,260.02546208699545,756740.0,738820.0,770205.0,1143106.666666667,835220.0,228.4768829345703,229.3749237060547,228.97032165527344,231.86178588867188,229.82888793945312,229.7025604248047,230.62625122070312,232.23877868652343,233.81576843261718,236.35791625976563,234.39801940917968,235.8013290405273,236.7960784912109,237.5559555053711,238.52307739257813,239.70927734375,241.22360763549804,242.4709930419922,243.62462692260743,244.75852508544918,245.83206024169917,247.2738566080729,248.83868052164715,250.32521362304686,251.7499043782552,260.7695487976074,261.56829325358075,262.3829195658366,263.2485956827799,264.0516398111979,809640.0,809840.0,714800.0,741220.0,720900.0,745600.0,744480.0,694830.0,726750.0,711680.0,778520.0,789495.0,781360.0,809345.0,858785.0,1141926.666666667,1143406.666666667,1123573.333333333,1118086.666666667,1105950.0,831831.6666666665,828030.0,815261.6666666665,811021.6666666665,804250.0,1
2019-08-23,228.27953366907315,230.3519222025544,222.5458877475401,223.17747497558602,712400,1,227.76043090820312,230.78809967041016,236.66334838867184,242.48497314453124,259.195009358724,761540.0,751380.0,777440.0,1147816.666666667,838448.3333333335,228.80255126953125,228.4768829345703,229.3749237060547,228.97032165527344,231.86178588867188,229.4972930908203,229.7025604248047,230.62625122070312,232.23877868652343,233.81576843261718,232.92760467529297,234.39801940917968,235.8013290405273,236.7960784912109,237.5559555053711,238.28721923828124,239.70927734375,241.22360763549804,242.4709930419922,243.62462692260743,244.32578887939454,245.83206024169917,247.2738566080729,248.83868052164715,250.32521362304686,260.02546208699545,260.7695487976074,261.56829325358075,262.3829195658366,263.2485956827799,756740.0,809640.0,809840.0,714800.0,741220.0,738820.0,745600.0,744480.0,694830.0,726750.0,770205.0,778520.0,789495.0,781360.0,809345.0,1143106.666666667,1141926.666666667,1143406.666666667,1123573.333333333,1118086.666666667,835220.0,831831.6666666665,828030.0,815261.6666666665,811021.6666666665,1
2019-08-26,224.79589640262927,225.93078971028308,221.91427901280147,224.6972198486328,614600,0,226.905810546875,229.57229461669917,235.4401397705078,241.09580841064454,258.3534548441569,750120.0,732460.0,749540.0,1112690.0,840020.0,223.17747497558602,228.80255126953125,228.4768829345703,229.3749237060547,228.97032165527344,227.76043090820312,229.4972930908203,229.7025604248047,230.62625122070312,232.23877868652343,230.78809967041016,232.92760467529297,234.39801940917968,235.8013290405273,236.7960784912109,236.66334838867184,238.28721923828124,239.70927734375,241.22360763549804,242.4709930419922,242.48497314453124,244.32578887939454,245.83206024169917,247.2738566080729,248.83868052164715,259.195009358724,260.02546208699545,260.7695487976074,261.56829325358075,262.3829195658366,761540.0,756740.0,809640.0,809840.0,714800.0,751380.0,738820.0,745600.0,744480.0,694830.0,777440.0,770205.0,778520.0,789495.0,781360.0,1147816.666666667,1143106.666666667,1141926.666666667,1143406.666666667,1123573.333333333,838448.3333333335,835220.0,831831.6666666665,828030.0,815261.6666666665,1
2019-08-27,224.99326702369427,225.43734913736716,217.9964477161011,219.5260772705078,1133800,1,224.93604125976563,227.78114624023442,234.2016342163086,240.30336252848304,257.4751078287761,759620.0,784730.0,752140.0,944010.0,847366.6666666665,224.6972198486328,223.17747497558602,228.80255126953125,228.4768829345703,229.3749237060547,226.905810546875,227.76043090820312,229.4972930908203,229.7025604248047,230.62625122070312,229.57229461669917,230.78809967041016,232.92760467529297,234.39801940917968,235.8013290405273,235.4401397705078,236.66334838867184,238.28721923828124,239.70927734375,241.22360763549804,241.09580841064454,242.48497314453124,244.32578887939454,245.83206024169917,247.2738566080729,258.3534548441569,259.195009358724,260.02546208699545,260.7695487976074,261.56829325358075,750120.0,761540.0,756740.0,809640.0,809840.0,732460.0,751380.0,738820.0,745600.0,744480.0,749540.0,777440.0,770205.0,778520.0,789495.0,1112690.0,1147816.666666667,1143106.666666667,1141926.666666667,1143406.666666667,840020.0,838448.3333333335,835220.0,831831.6666666665,828030.0,1
2019-08-28,218.8945174506204,223.9176106586426,218.8945174506204,222.8814239501953,750500,0,223.81694946289062,226.7597549438477,233.27991180419926,239.4099299112956,256.529446665446,769360.0,789500.0,743620.0,859476.6666666665,852033.3333333335,219.5260772705078,224.6972198486328,223.17747497558602,228.80255126953125,228.4768829345703,224.93604125976563,226.905810546875,227.76043090820312,229.4972930908203,229.7025604248047,227.78114624023442,229.57229461669917,230.78809967041016,232.92760467529297,234.39801940917968,234.2016342163086,235.4401397705078,236.66334838867184,238.28721923828124,239.70927734375,240.30336252848304,241.09580841064454,242.48497314453124,244.32578887939454,245.83206024169917,257.4751078287761,258.3534548441569,259.195009358724,260.02546208699545,260.7695487976074,759620.0,750120.0,761540.0,756740.0,809640.0,784730.0,732460.0,751380.0,738820.0,745600.0,752140.0,749540.0,777440.0,770205.0,778520.0,944010.0,1112690.0,1147816.666666667,1143106.666666667,1141926.666666667,847366.6666666665,840020.0,838448.3333333335,835220.0,831831.6666666665,1
2019-08-29,224.48010666479968,225.8024899208154,222.02283011975288,222.2991485595703,533800,1,222.51626892089843,226.00678100585938,232.2649291992188,238.507943725586,255.5520924886068,749020.0,752880.0,732280.0,823483.3333333335,854230.0,222.8814239501953,219.5260772705078,224.6972198486328,223.17747497558602,228.80255126953125,223.81694946289062,224.93604125976563,226.905810546875,227.76043090820312,229.4972930908203,226.7597549438477,227.78114624023442,229.57229461669917,230.78809967041016,232.92760467529297,233.27991180419926,234.2016342163086,235.4401397705078,236.66334838867184,238.28721923828124,239.4099299112956,240.30336252848304,241.09580841064454,242.48497314453124,244.32578887939454,256.529446665446,257.4751078287761,258.3534548441569,259.195009358724,260.02546208699545,769360.0,759620.0,750120.0,761540.0,756740.0,789500.0,784730.0,732460.0,751380.0,738820.0,743620.0,752140.0,749540.0,777440.0,770205.0,859476.6666666665,944010.0,1112690.0,1147816.666666667,1143106.666666667,852033.3333333335,847366.6666666665,840020.0,838448.3333333335,835220.0,1
2019-08-30,223.33535076936738,223.95707478954867,221.0655792441304,223.8583831787109,510300,1,222.65245056152344,225.20644073486332,231.38119812011718,237.4852315266927,254.57348454793288,708600.0,735070.0,730910.0,784586.6666666665,856290.0,222.2991485595703,222.8814239501953,219.5260772705078,224.6972198486328,223.17747497558602,222.51626892089843,223.81694946289062,224.93604125976563,226.905810546875,227.76043090820312,226.00678100585938,226.7597549438477,227.78114624023442,229.57229461669917,230.78809967041016,232.2649291992188,233.27991180419926,234.2016342163086,235.4401397705078,236.66334838867184,238.507943725586,239.4099299112956,240.30336252848304,241.09580841064454,242.48497314453124,255.5520924886068,256.529446665446,257.4751078287761,258.3534548441569,259.195009358724,749020.0,769360.0,759620.0,750120.0,761540.0,752880.0,789500.0,784730.0,732460.0,751380.0,732280.0,743620.0,752140.0,749540.0,777440.0,823483.3333333335,859476.6666666665,944010.0,1112690.0,1147816.666666667,854230.0,852033.3333333335,847366.6666666665,840020.0,838448.3333333335,1
2019-09-03,221.61824389111976,225.8321078791016,220.46360919936782,223.88800048828125,1225000,1,222.49060668945316,224.6982086181641,230.7471435546875,236.5467315673828,253.59537022908532,830680.0,790400.0,742615.0,784373.3333333335,869845.0,223.8583831787109,222.2991485595703,222.8814239501953,219.5260772705078,224.6972198486328,222.65245056152344,222.51626892089843,223.81694946289062,224.93604125976563,226.905810546875,225.20644073486332,226.00678100585938,226.7597549438477,227.78114624023442,229.57229461669917,231.38119812011718,232.2649291992188,233.27991180419926,234.2016342163086,235.4401397705078,237.4852315266927,238.507943725586,239.4099299112956,240.30336252848304,241.09580841064454,254.57348454793288,255.5520924886068,256.529446665446,257.4751078287761,258.3534548441569,708600.0,749020.0,769360.0,759620.0,750120.0,735070.0,752880.0,789500.0,784730.0,732460.0,730910.0,732280.0,743620.0,752140.0,749540.0,784586.6666666665,823483.3333333335,859476.6666666665,944010.0,1112690.0,856290.0,854230.0,852033.3333333335,847366.6666666665,840020.0,1
2019-09-04,225.2400118854902,238.01979367806683,225.00316103186333,235.91778564453125,1667600,1,225.76894836425785,225.35249481201168,230.57691192626956,235.933236694336,252.8892987569173,937440.0,848530.0,796505.0,809173.3333333335,888616.6666666665,223.88800048828125,223.8583831787109,222.2991485595703,222.8814239501953,219.5260772705078,222.49060668945316,222.65245056152344,222.51626892089843,223.81694946289062,224.93604125976563,224.6982086181641,225.20644073486332,226.00678100585938,226.7597549438477,227.78114624023442,230.7471435546875,231.38119812011718,232.2649291992188,233.27991180419926,234.2016342163086,236.5467315673828,237.4852315266927,238.507943725586,239.4099299112956,240.30336252848304,253.59537022908532,254.57348454793288,255.5520924886068,256.529446665446,257.4751078287761,830680.0,708600.0,749020.0,769360.0,759620.0,790400.0,735070.0,752880.0,789500.0,784730.0,742615.0,730910.0,732280.0,743620.0,752140.0,784373.3333333335,784586.6666666665,823483.3333333335,859476.6666666665,944010.0,869845.0,856290.0,854230.0,852033.3333333335,847366.6666666665,1
2019-09-05,238.3849304331281,242.64815553605388,237.5757163519524,241.6119537353516,1116500,0,229.51505432128903,226.66600189208984,230.53201065063482,235.36151885986328,252.3193186442057,1010640.0,890000.0,817800.0,815680.0,898536.6666666665,235.91778564453125,223.88800048828125,223.8583831787109,222.2991485595703,222.8814239501953,225.76894836425785,222.49060668945316,222.65245056152344,222.51626892089843,223.81694946289062,225.35249481201168,224.6982086181641,225.20644073486332,226.00678100585938,226.7597549438477,230.57691192626956,230.7471435546875,231.38119812011718,232.2649291992188,233.27991180419926,235.933236694336,236.5467315673828,237.4852315266927,238.507943725586,239.4099299112956,252.8892987569173,253.59537022908532,254.57348454793288,255.5520924886068,256.529446665446,937440.0,830680.0,708600.0,749020.0,769360.0,848530.0,790400.0,735070.0,752880.0,789500.0,796505.0,742615.0,730910.0,732280.0,743620.0,809173.3333333335,784373.3333333335,784586.6666666665,823483.3333333335,859476.6666666665,888616.6666666665,869845.0,856290.0,854230.0,852033.3333333335,1
2019-09-06,241.8882672881536,243.09223277561009,233.31248650382275,234.2302703857422,1057600,1,231.90127868652343,227.2087738037109,230.06818923950195,234.5944040934245,251.59562505086262,1115400.0,932210.0,835515.0,824206.6666666665,905335.0,241.6119537353516,235.91778564453125,223.88800048828125,223.8583831787109,222.2991485595703,229.51505432128903,225.76894836425785,222.49060668945316,222.65245056152344,222.51626892089843,226.66600189208984,225.35249481201168,224.6982086181641,225.20644073486332,226.00678100585938,230.53201065063482,230.57691192626956,230.7471435546875,231.38119812011718,232.2649291992188,235.36151885986328,235.933236694336,236.5467315673828,237.4852315266927,238.507943725586,252.3193186442057,252.8892987569173,253.59537022908532,254.57348454793288,255.5520924886068,1010640.0,937440.0,830680.0,708600.0,749020.0,890000.0,848530.0,790400.0,735070.0,752880.0,817800.0,796505.0,742615.0,730910.0,732280.0,815680.0,809173.3333333335,784373.3333333335,784586.6666666665,823483.3333333335,898536.6666666665,888616.6666666665,869845.0,856290.0,854230.0,1
2019-09-09,235.00985863852958,237.99016761214943,232.76969157483936,236.0559234619141,766900,1,234.3407867431641,228.49661865234376,229.64235916137696,233.94110514322918,250.90334523518882,1166720.0,937660.0,844520.0,830846.6666666665,908473.3333333335,234.2302703857422,241.6119537353516,235.91778564453125,223.88800048828125,223.8583831787109,231.90127868652343,229.51505432128903,225.76894836425785,222.49060668945316,222.65245056152344,227.2087738037109,226.66600189208984,225.35249481201168,224.6982086181641,225.20644073486332,230.06818923950195,230.53201065063482,230.57691192626956,230.7471435546875,231.38119812011718,234.5944040934245,235.36151885986328,235.933236694336,236.5467315673828,237.4852315266927,251.59562505086262,252.3193186442057,252.8892987569173,253.59537022908532,254.57348454793288,1115400.0,1010640.0,937440.0,830680.0,708600.0,932210.0,890000.0,848530.0,790400.0,735070.0,835515.0,817800.0,796505.0,742615.0,730910.0,824206.6666666665,815680.0,809173.3333333335,784373.3333333335,784586.6666666665,905335.0,898536.6666666665,888616.6666666665,869845.0,856290.0,0
2019-09-10,236.08554867531737,240.37837815335286,228.80256188134499,240.36851501464844,666800,1,237.6368896484375,230.06374816894527,229.81802139282226,233.64800923665362,250.2934684753418,1055080.0,942880.0,837670.0,813986.6666666665,909713.3333333335,236.0559234619141,234.2302703857422,241.6119537353516,235.91778564453125,223.88800048828125,234.3407867431641,231.90127868652343,229.51505432128903,225.76894836425785,222.49060668945316,228.49661865234376,227.2087738037109,226.66600189208984,225.35249481201168,224.6982086181641,229.64235916137696,230.06818923950195,230.53201065063482,230.57691192626956,230.7471435546875,233.94110514322918,234.5944040934245,235.36151885986328,235.933236694336,236.5467315673828,250.90334523518882,251.59562505086262,252.3193186442057,252.8892987569173,253.59537022908532,1166720.0,1115400.0,1010640.0,937440.0,830680.0,937660.0,932210.0,890000.0,848530.0,790400.0,844520.0,835515.0,817800.0,796505.0,742615.0,830846.6666666665,824206.6666666665,815680.0,809173.3333333335,784373.3333333335,908473.3333333335,905335.0,898536.6666666665,888616.6666666665,869845.0,1
2019-09-11,240.3980890356614,246.1119777328733,238.9375315481797,245.81591796875,749300,0,239.61651611328125,232.69273223876957,230.236939239502,233.69866689046228,249.75217768351243,871420.0,904430.0,844580.0,802903.3333333335,909406.6666666665,240.36851501464844,236.0559234619141,234.2302703857422,241.6119537353516,235.91778564453125,237.6368896484375,234.3407867431641,231.90127868652343,229.51505432128903,225.76894836425785,230.06374816894527,228.49661865234376,227.2087738037109,226.66600189208984,225.35249481201168,229.81802139282226,229.64235916137696,230.06818923950195,230.53201065063482,230.57691192626956,233.64800923665362,233.94110514322918,234.5944040934245,235.36151885986328,235.933236694336,250.2934684753418,250.90334523518882,251.59562505086262,252.3193186442057,252.8892987569173,1055080.0,1166720.0,1115400.0,1010640.0,937440.0,942880.0,937660.0,932210.0,890000.0,848530.0,837670.0,844520.0,835515.0,817800.0,796505.0,813986.6666666665,830846.6666666665,824206.6666666665,815680.0,809173.3333333335,909713.3333333335,908473.3333333335,905335.0,898536.6666666665,888616.6666666665,1
2019-09-12,245.42016220350547,246.50854989765537,243.2730838410677,244.1833648681641,735800,0,240.13079833984372,234.82292633056642,230.79134063720704,233.79424997965492,249.17792104085285,795280.0,902960.0,846230.0,796733.3333333335,912846.6666666665,245.81591796875,240.36851501464844,236.0559234619141,234.2302703857422,241.6119537353516,239.61651611328125,237.6368896484375,234.3407867431641,231.90127868652343,229.51505432128903,232.69273223876957,230.06374816894527,228.49661865234376,227.2087738037109,226.66600189208984,230.236939239502,229.81802139282226,229.64235916137696,230.06818923950195,230.53201065063482,233.69866689046228,233.64800923665362,233.94110514322918,234.5944040934245,235.36151885986328,249.75217768351243,250.2934684753418,250.90334523518882,251.59562505086262,252.3193186442057,871420.0,1055080.0,1166720.0,1115400.0,1010640.0,904430.0,942880.0,937660.0,932210.0,890000.0,844580.0,837670.0,844520.0,835515.0,817800.0,802903.3333333335,813986.6666666665,830846.6666666665,824206.6666666665,815680.0,909406.6666666665,909713.3333333335,908473.3333333335,905335.0,898536.6666666665,1
2019-09-13,244.4900968115637,245.0837504582245,241.1556810174446,242.4617462158203,740800,0,241.77709350585937,236.8391860961914,231.4229835510254,233.7896814982096,248.6024386088053,731920.0,923660.0,838270.0,796073.3333333335,919721.6666666665,244.1833648681641,245.81591796875,240.36851501464844,236.0559234619141,234.2302703857422,240.13079833984372,239.61651611328125,237.6368896484375,234.3407867431641,231.90127868652343,234.82292633056642,232.69273223876957,230.06374816894527,228.49661865234376,227.2087738037109,230.79134063720704,230.236939239502,229.81802139282226,229.64235916137696,230.06818923950195,233.79424997965492,233.69866689046228,233.64800923665362,233.94110514322918,234.5944040934245,249.17792104085285,249.75217768351243,250.2934684753418,250.90334523518882,251.59562505086262,795280.0,871420.0,1055080.0,1166720.0,1115400.0,902960.0,904430.0,942880.0,937660.0,932210.0,846230.0,844580.0,837670.0,844520.0,835515.0,796733.3333333335,802903.3333333335,813986.6666666665,830846.6666666665,824206.6666666665,912846.6666666665,909406.6666666665,909713.3333333335,908473.3333333335,905335.0,1
2019-09-16,242.94656141474374,243.8667464598292,240.5125527747564,242.20448303222656,1064700,0,243.00680541992188,238.67379608154297,231.94011840820312,233.81206410725915,248.00391794840496,791480.0,979100.0,857085.0,813640.0,926693.3333333335,242.4617462158203,244.1833648681641,245.81591796875,240.36851501464844,236.0559234619141,241.77709350585937,240.13079833984372,239.61651611328125,237.6368896484375,234.3407867431641,236.8391860961914,234.82292633056642,232.69273223876957,230.06374816894527,228.49661865234376,231.4229835510254,230.79134063720704,230.236939239502,229.81802139282226,229.64235916137696,233.7896814982096,233.79424997965492,233.69866689046228,233.64800923665362,233.94110514322918,248.6024386088053,249.17792104085285,249.75217768351243,250.2934684753418,250.90334523518882,731920.0,795280.0,871420.0,1055080.0,1166720.0,923660.0,902960.0,904430.0,942880.0,937660.0,838270.0,846230.0,844580.0,837670.0,844520.0,796073.3333333335,796733.3333333335,802903.3333333335,813986.6666666665,830846.6666666665,919721.6666666665,912846.6666666665,909406.6666666665,909713.3333333335,908473.3333333335,1
2019-09-17,241.27443557153006,242.61016766476558,235.14981261538918,240.9676971435547,658200,1,243.12664184570312,240.38176574707032,232.53998718261718,233.95868428548175,247.409290822347,789760.0,922420.0,856410.0,802550.0,930273.3333333335,242.20448303222656,242.4617462158203,244.1833648681641,245.81591796875,240.36851501464844,243.00680541992188,241.77709350585937,240.13079833984372,239.61651611328125,237.6368896484375,238.67379608154297,236.8391860961914,234.82292633056642,232.69273223876957,230.06374816894527,231.94011840820312,231.4229835510254,230.79134063720704,230.236939239502,229.81802139282226,233.81206410725915,233.7896814982096,233.79424997965492,233.69866689046228,233.64800923665362,248.00391794840496,248.6024386088053,249.17792104085285,249.75217768351243,250.2934684753418,791480.0,731920.0,795280.0,871420.0,1055080.0,979100.0,923660.0,902960.0,904430.0,942880.0,857085.0,838270.0,846230.0,844580.0,837670.0,813640.0,796073.3333333335,796733.3333333335,802903.3333333335,813986.6666666665,926693.3333333335,919721.6666666665,912846.6666666665,909406.6666666665,909713.3333333335,0
2019-09-18,241.57123379050088,242.62005054467002,239.9287785101701,242.41226196289062,495100,1,242.44591064453124,241.03121337890624,233.19185409545898,234.06167907714843,246.93676783243816,738920.0,805170.0,826850.0,799393.3333333335,931480.0,240.9676971435547,242.20448303222656,242.4617462158203,244.1833648681641,245.81591796875,243.12664184570312,243.00680541992188,241.77709350585937,240.13079833984372,239.61651611328125,240.38176574707032,238.67379608154297,236.8391860961914,234.82292633056642,232.69273223876957,232.53998718261718,231.94011840820312,231.4229835510254,230.79134063720704,230.236939239502,233.95868428548175,233.81206410725915,233.7896814982096,233.79424997965492,233.69866689046228,247.409290822347,248.00391794840496,248.6024386088053,249.17792104085285,249.75217768351243,789760.0,791480.0,731920.0,795280.0,871420.0,922420.0,979100.0,923660.0,902960.0,904430.0,856410.0,857085.0,838270.0,846230.0,844580.0,802550.0,813640.0,796073.3333333335,796733.3333333335,802903.3333333335,930273.3333333335,926693.3333333335,919721.6666666665,912846.6666666665,909406.6666666665,0
2019-09-19,241.7988353794831,245.083761309798,240.5323560933829,244.4010467529297,459200,1,242.4894470214844,241.31012268066402,233.98806228637696,234.12471466064454,246.4518310546875,683600.0,739440.0,814720.0,791680.0,927118.3333333335,242.41226196289062,240.9676971435547,242.20448303222656,242.4617462158203,244.1833648681641,242.44591064453124,243.12664184570312,243.00680541992188,241.77709350585937,240.13079833984372,241.03121337890624,240.38176574707032,238.67379608154297,236.8391860961914,234.82292633056642,233.19185409545898,232.53998718261718,231.94011840820312,231.4229835510254,230.79134063720704,234.06167907714843,233.95868428548175,233.81206410725915,233.7896814982096,233.79424997965492,246.93676783243816,247.409290822347,248.00391794840496,248.6024386088053,249.17792104085285,738920.0,789760.0,791480.0,731920.0,795280.0,805170.0,922420.0,979100.0,923660.0,902960.0,826850.0,856410.0,857085.0,838270.0,846230.0,799393.3333333335,802550.0,813640.0,796073.3333333335,796733.3333333335,931480.0,930273.3333333335,926693.3333333335,919721.6666666665,912846.6666666665,0
2019-09-20,245.50923114616265,246.17215272795517,243.213727969546,245.00460815429688,730800,0,242.99801940917968,242.38755645751957,234.79816513061525,234.17464497884117,245.99784240722656,681600.0,706760.0,819485.0,792596.6666666665,927771.6666666665,244.4010467529297,242.41226196289062,240.9676971435547,242.20448303222656,242.4617462158203,242.4894470214844,242.44591064453124,243.12664184570312,243.00680541992188,241.77709350585937,241.31012268066402,241.03121337890624,240.38176574707032,238.67379608154297,236.8391860961914,233.98806228637696,233.19185409545898,232.53998718261718,231.94011840820312,231.4229835510254,234.12471466064454,234.06167907714843,233.95868428548175,233.81206410725915,233.7896814982096,246.4518310546875,246.93676783243816,247.409290822347,248.00391794840496,248.6024386088053,683600.0,738920.0,789760.0,791480.0,731920.0,739440.0,805170.0,922420.0,979100.0,923660.0,814720.0,826850.0,856410.0,857085.0,838270.0,791680.0,799393.3333333335,802550.0,813640.0,796073.3333333335,927118.3333333335,931480.0,930273.3333333335,926693.3333333335,919721.6666666665,1
2019-09-23,244.707782895688,245.48943217527332,242.9465695854676,243.65896606445312,795300,0,243.288916015625,243.14786071777343,235.8222396850586,234.14419301350915,245.48737996419268,627720.0,709600.0,823630.0,799546.6666666665,934680.0,245.00460815429688,244.4010467529297,242.41226196289062,240.9676971435547,242.20448303222656,242.99801940917968,242.4894470214844,242.44591064453124,243.12664184570312,243.00680541992188,242.38755645751957,241.31012268066402,241.03121337890624,240.38176574707032,238.67379608154297,234.79816513061525,233.98806228637696,233.19185409545898,232.53998718261718,231.94011840820312,234.17464497884117,234.12471466064454,234.06167907714843,233.95868428548175,233.81206410725915,245.99784240722656,246.4518310546875,246.93676783243816,247.409290822347,248.00391794840496,681600.0,683600.0,738920.0,789760.0,791480.0,706760.0,739440.0,805170.0,922420.0,979100.0,819485.0,814720.0,826850.0,856410.0,857085.0,792596.6666666665,791680.0,799393.3333333335,802550.0,813640.0,927771.6666666665,927118.3333333335,931480.0,930273.3333333335,926693.3333333335,0
2019-09-24,244.73745968083003,245.58837684075647,239.96836196882668,240.4037170410156,824200,0,243.17611999511718,243.15138092041016,236.60756454467773,234.26247456868492,244.9170705159505,660920.0,725340.0,834110.0,800226.6666666665,938946.6666666665,243.65896606445312,245.00460815429688,244.4010467529297,242.41226196289062,240.9676971435547,243.288916015625,242.99801940917968,242.4894470214844,242.44591064453124,243.12664184570312,243.14786071777343,242.38755645751957,241.31012268066402,241.03121337890624,240.38176574707032,235.8222396850586,234.79816513061525,233.98806228637696,233.19185409545898,232.53998718261718,234.14419301350915,234.17464497884117,234.12471466064454,234.06167907714843,233.95868428548175,245.48737996419268,245.99784240722656,246.4518310546875,246.93676783243816,247.409290822347,627720.0,681600.0,683600.0,738920.0,789760.0,709600.0,706760.0,739440.0,805170.0,922420.0,823630.0,819485.0,814720.0,826850.0,856410.0,799546.6666666665,792596.6666666665,791680.0,799393.3333333335,802550.0,934680.0,927771.6666666665,927118.3333333335,931480.0,930273.3333333335,0
2019-09-25,240.09699145185144,241.1457931535074,237.27708755031543,238.89976501464844,840200,0,242.47362060546874,242.459765625,237.5762489318848,234.31121470133462,244.43978907267254,729940.0,734430.0,819430.0,807863.3333333335,942431.6666666665,240.4037170410156,243.65896606445312,245.00460815429688,244.4010467529297,242.41226196289062,243.17611999511718,243.288916015625,242.99801940917968,242.4894470214844,242.44591064453124,243.15138092041016,243.14786071777343,242.38755645751957,241.31012268066402,241.03121337890624,236.60756454467773,235.8222396850586,234.79816513061525,233.98806228637696,233.19185409545898,234.26247456868492,234.14419301350915,234.17464497884117,234.12471466064454,234.06167907714843,244.9170705159505,245.48737996419268,245.99784240722656,246.4518310546875,246.93676783243816,660920.0,627720.0,681600.0,683600.0,738920.0,725340.0,709600.0,706760.0,739440.0,805170.0,834110.0,823630.0,819485.0,814720.0,826850.0,800226.6666666665,799546.6666666665,792596.6666666665,791680.0,799393.3333333335,938946.6666666665,934680.0,927771.6666666665,927118.3333333335,931480.0,1
2019-09-26,238.40505417034615,238.40505417034615,234.61550527816985,236.9308013916016,613000,1,240.97957153320309,241.73450927734376,238.2787178039551,234.43906351725258,243.88511912027997,760700.0,722150.0,812555.0,804870.0,946010.0,238.89976501464844,240.4037170410156,243.65896606445312,245.00460815429688,244.4010467529297,242.47362060546874,243.17611999511718,243.288916015625,242.99801940917968,242.4894470214844,242.459765625,243.15138092041016,243.14786071777343,242.38755645751957,241.31012268066402,237.5762489318848,236.60756454467773,235.8222396850586,234.79816513061525,233.98806228637696,234.31121470133462,234.26247456868492,234.14419301350915,234.17464497884117,234.12471466064454,244.43978907267254,244.9170705159505,245.48737996419268,245.99784240722656,246.4518310546875,729940.0,660920.0,627720.0,681600.0,683600.0,734430.0,725340.0,709600.0,706760.0,739440.0,819430.0,834110.0,823630.0,819485.0,814720.0,807863.3333333335,800226.6666666665,799546.6666666665,792596.6666666665,791680.0,942431.6666666665,938946.6666666665,934680.0,927771.6666666665,927118.3333333335,1
2019-09-27,235.99081120575585,238.414945965378,235.99081120575585,237.92022705078125,395500,1,239.5626953125,241.28035736083984,239.05977172851559,234.70877482096355,243.22933959960938,693640.0,687620.0,805640.0,788053.3333333335,947001.6666666665,236.9308013916016,238.89976501464844,240.4037170410156,243.65896606445312,245.00460815429688,240.97957153320309,242.47362060546874,243.17611999511718,243.288916015625,242.99801940917968,241.73450927734376,242.459765625,243.15138092041016,243.14786071777343,242.38755645751957,238.2787178039551,237.5762489318848,236.60756454467773,235.8222396850586,234.79816513061525,234.43906351725258,234.31121470133462,234.26247456868492,234.14419301350915,234.17464497884117,243.88511912027997,244.43978907267254,244.9170705159505,245.48737996419268,245.99784240722656,760700.0,729940.0,660920.0,627720.0,681600.0,722150.0,734430.0,725340.0,709600.0,706760.0,812555.0,819430.0,834110.0,823630.0,819485.0,804870.0,807863.3333333335,800226.6666666665,799546.6666666665,792596.6666666665,946010.0,942431.6666666665,938946.6666666665,934680.0,927771.6666666665,0
2019-09-30,238.01918862087845,242.29356777195218,237.95982476005105,242.00662231445312,772000,1,239.2322265625,241.2605712890625,239.96718368530273,235.04693603515625,242.6860748291016,688980.0,658350.0,818725.0,790840.0,954463.3333333335,237.92022705078125,236.9308013916016,238.89976501464844,240.4037170410156,243.65896606445312,239.5626953125,240.97957153320309,242.47362060546874,243.17611999511718,243.288916015625,241.28035736083984,241.73450927734376,242.459765625,243.15138092041016,243.14786071777343,239.05977172851559,238.2787178039551,237.5762489318848,236.60756454467773,235.8222396850586,234.70877482096355,234.43906351725258,234.31121470133462,234.26247456868492,234.14419301350915,243.22933959960938,243.88511912027997,244.43978907267254,244.9170705159505,245.48737996419268,693640.0,760700.0,729940.0,660920.0,627720.0,687620.0,722150.0,734430.0,725340.0,709600.0,805640.0,812555.0,819430.0,834110.0,823630.0,788053.3333333335,804870.0,807863.3333333335,800226.6666666665,799546.6666666665,947001.6666666665,946010.0,942431.6666666665,938946.6666666665,934680.0,1
2019-10-01,242.5409089292212,243.83707011809025,240.67087196634446,243.1741485595703,592700,0,239.7863128662109,241.4812164306641,240.93149108886718,235.52039693196613,242.17953872680664,642680.0,651800.0,787110.0,788206.6666666665,955890.0,242.00662231445312,237.92022705078125,236.9308013916016,238.89976501464844,240.4037170410156,239.2322265625,239.5626953125,240.97957153320309,242.47362060546874,243.17611999511718,241.2605712890625,241.28035736083984,241.73450927734376,242.459765625,243.15138092041016,239.96718368530273,239.05977172851559,238.2787178039551,237.5762489318848,236.60756454467773,235.04693603515625,234.70877482096355,234.43906351725258,234.31121470133462,234.26247456868492,242.6860748291016,243.22933959960938,243.88511912027997,244.43978907267254,244.9170705159505,688980.0,693640.0,760700.0,729940.0,660920.0,658350.0,687620.0,722150.0,734430.0,725340.0,818725.0,805640.0,812555.0,819430.0,834110.0,790840.0,788053.3333333335,804870.0,807863.3333333335,800226.6666666665,954463.3333333335,947001.6666666665,946010.0,942431.6666666665,938946.6666666665,1
2019-10-02,241.42284474575038,243.1543610502793,238.75136546685908,239.1966094970703,975400,1,239.8456817626953,241.15965118408204,241.09543228149414,235.84778645833333,241.56082153320312,669720.0,699830.0,752500.0,784510.0,963958.3333333335,243.1741485595703,242.00662231445312,237.92022705078125,236.9308013916016,238.89976501464844,239.7863128662109,239.2322265625,239.5626953125,240.97957153320309,242.47362060546874,241.4812164306641,241.2605712890625,241.28035736083984,241.73450927734376,242.459765625,240.93149108886718,239.96718368530273,239.05977172851559,238.2787178039551,237.5762489318848,235.52039693196613,235.04693603515625,234.70877482096355,234.43906351725258,234.31121470133462,242.17953872680664,242.6860748291016,243.22933959960938,243.88511912027997,244.43978907267254,642680.0,688980.0,693640.0,760700.0,729940.0,651800.0,658350.0,687620.0,722150.0,734430.0,787110.0,818725.0,805640.0,812555.0,819430.0,788206.6666666665,790840.0,788053.3333333335,804870.0,807863.3333333335,955890.0,954463.3333333335,947001.6666666665,946010.0,942431.6666666665,1
2019-10-03,237.6233846198637,241.3139833701973,237.6233846198637,240.7796936035156,671400,0,240.61546020507814,240.79751586914062,241.0538192749024,236.25788014729815,241.04497019449866,681400.0,721050.0,730245.0,783496.6666666665,962711.6666666665,239.1966094970703,243.1741485595703,242.00662231445312,237.92022705078125,236.9308013916016,239.8456817626953,239.7863128662109,239.2322265625,239.5626953125,240.97957153320309,241.15965118408204,241.4812164306641,241.2605712890625,241.28035736083984,241.73450927734376,241.09543228149414,240.93149108886718,239.96718368530273,239.05977172851559,238.2787178039551,235.84778645833333,235.52039693196613,235.04693603515625,234.70877482096355,234.43906351725258,241.56082153320312,242.17953872680664,242.6860748291016,243.22933959960938,243.88511912027997,669720.0,642680.0,688980.0,693640.0,760700.0,699830.0,651800.0,658350.0,687620.0,722150.0,752500.0,787110.0,818725.0,805640.0,812555.0,784510.0,788206.6666666665,790840.0,788053.3333333335,804870.0,963958.3333333335,955890.0,954463.3333333335,947001.6666666665,946010.0,1
2019-10-04,245.3212174230635,246.37001910483792,238.75135085083943,239.5725860595703,906600,1,240.945932006836,240.25431365966801,241.32093505859376,236.61688130696612,240.4713350931804,783620.0,738630.0,722695.0,792533.3333333335,967820.0,240.7796936035156,239.1966094970703,243.1741485595703,242.00662231445312,237.92022705078125,240.61546020507814,239.8456817626953,239.7863128662109,239.2322265625,239.5626953125,240.79751586914062,241.15965118408204,241.4812164306641,241.2605712890625,241.28035736083984,241.0538192749024,241.09543228149414,240.93149108886718,239.96718368530273,239.05977172851559,236.25788014729815,235.84778645833333,235.52039693196613,235.04693603515625,234.70877482096355,241.04497019449866,241.56082153320312,242.17953872680664,242.6860748291016,243.22933959960938,681400.0,669720.0,642680.0,688980.0,693640.0,721050.0,699830.0,651800.0,658350.0,687620.0,730245.0,752500.0,787110.0,818725.0,805640.0,783496.6666666665,784510.0,788206.6666666665,790840.0,788053.3333333335,962711.6666666665,963958.3333333335,955890.0,954463.3333333335,947001.6666666665,1
2019-10-07,239.73090566326684,244.6088424325576,238.8503065232594,239.6517639160156,2012400,1,240.47496032714844,239.85359344482418,241.50072708129883,237.16602427164716,239.82549870808919,1031700.0,860340.0,784970.0,835866.6666666665,991841.6666666665,239.5725860595703,240.7796936035156,239.1966094970703,243.1741485595703,242.00662231445312,240.945932006836,240.61546020507814,239.8456817626953,239.7863128662109,239.2322265625,240.25431365966801,240.79751586914062,241.15965118408204,241.4812164306641,241.2605712890625,241.32093505859376,241.0538192749024,241.09543228149414,240.93149108886718,239.96718368530273,236.61688130696612,236.25788014729815,235.84778645833333,235.52039693196613,235.04693603515625,240.4713350931804,241.04497019449866,241.56082153320312,242.17953872680664,242.6860748291016,783620.0,681400.0,669720.0,642680.0,688980.0,738630.0,721050.0,699830.0,651800.0,658350.0,722695.0,730245.0,752500.0,787110.0,818725.0,792533.3333333335,783496.6666666665,784510.0,788206.6666666665,790840.0,967820.0,962711.6666666665,963958.3333333335,955890.0,954463.3333333335,0
2019-10-08,228.06542612252002,255.274967200044,225.0971125504265,250.80270385742188,6498900,0,242.00067138671875,240.89349212646485,242.0224365234375,238.03620707194008,239.5660077412923,2212940.0,1427810.0,1076575.0,1032010.0,1072350.0,239.6517639160156,239.5725860595703,240.7796936035156,239.1966094970703,243.1741485595703,240.47496032714844,240.945932006836,240.61546020507814,239.8456817626953,239.7863128662109,239.85359344482418,240.25431365966801,240.79751586914062,241.15965118408204,241.4812164306641,241.50072708129883,241.32093505859376,241.0538192749024,241.09543228149414,240.93149108886718,237.16602427164716,236.61688130696612,236.25788014729815,235.84778645833333,235.52039693196613,239.82549870808919,240.4713350931804,241.04497019449866,241.56082153320312,242.17953872680664,1031700.0,783620.0,681400.0,669720.0,642680.0,860340.0,738630.0,721050.0,699830.0,651800.0,784970.0,722695.0,730245.0,752500.0,787110.0,835866.6666666665,792533.3333333335,783496.6666666665,784510.0,788206.6666666665,991841.6666666665,967820.0,962711.6666666665,963958.3333333335,955890.0,1
2019-10-09,248.85351414632237,252.85085161021243,245.44986054324718,245.56858825683602,1908300,1,243.27506713867191,241.56037445068358,242.01007003784176,238.90429077148443,239.60382664998366,2399520.0,1534620.0,1134525.0,1057826.666666667,1000918.3333333335,250.80270385742188,239.6517639160156,239.5725860595703,240.7796936035156,239.1966094970703,242.00067138671875,240.47496032714844,240.945932006836,240.61546020507814,239.8456817626953,240.89349212646485,239.85359344482418,240.25431365966801,240.79751586914062,241.15965118408204,242.0224365234375,241.50072708129883,241.32093505859376,241.0538192749024,241.09543228149414,238.03620707194008,237.16602427164716,236.61688130696612,236.25788014729815,235.84778645833333,239.5660077412923,239.82549870808919,240.4713350931804,241.04497019449866,241.56082153320312,2212940.0,1031700.0,783620.0,681400.0,669720.0,1427810.0,860340.0,738630.0,721050.0,699830.0,1076575.0,784970.0,722695.0,730245.0,752500.0,1032010.0,835866.6666666665,792533.3333333335,783496.6666666665,784510.0,1072350.0,991841.6666666665,967820.0,962711.6666666665,963958.3333333335,1
2019-10-10,245.80603883483863,253.41481834810463,244.8858688774312,252.0790863037109,1056300,1,245.5349456787109,243.07520294189453,242.40485610961915,239.87754618326824,239.64373804728191,2476500.0,1578950.0,1150550.0,1068020.0,963748.3333333335,245.56858825683602,250.80270385742188,239.6517639160156,239.5725860595703,240.7796936035156,243.27506713867191,242.00067138671875,240.47496032714844,240.945932006836,240.61546020507814,241.56037445068358,240.89349212646485,239.85359344482418,240.25431365966801,240.79751586914062,242.01007003784176,242.0224365234375,241.50072708129883,241.32093505859376,241.0538192749024,238.90429077148443,238.03620707194008,237.16602427164716,236.61688130696612,236.25788014729815,239.60382664998366,239.5660077412923,239.82549870808919,240.4713350931804,241.04497019449866,2399520.0,2212940.0,1031700.0,783620.0,681400.0,1534620.0,1427810.0,860340.0,738630.0,721050.0,1134525.0,1076575.0,784970.0,722695.0,730245.0,1057826.666666667,1032010.0,835866.6666666665,792533.3333333335,783496.6666666665,1000918.3333333335,1072350.0,991841.6666666665,967820.0,962711.6666666665,0
2019-10-11,253.4148100004996,256.3633455787321,249.83304991806224,255.0671844482422,885600,0,248.6338653564453,244.78989868164064,243.03512802124024,240.96981404622397,239.7388788859049,2472300.0,1627960.0,1157790.0,1079746.666666667,951615.0,252.0790863037109,245.56858825683602,250.80270385742188,239.6517639160156,239.5725860595703,245.5349456787109,243.27506713867191,242.00067138671875,240.47496032714844,240.945932006836,243.07520294189453,241.56037445068358,240.89349212646485,239.85359344482418,240.25431365966801,242.40485610961915,242.01007003784176,242.0224365234375,241.50072708129883,241.32093505859376,239.87754618326824,238.90429077148443,238.03620707194008,237.16602427164716,236.61688130696612,239.64373804728191,239.60382664998366,239.5660077412923,239.82549870808919,240.4713350931804,2476500.0,2399520.0,2212940.0,1031700.0,783620.0,1578950.0,1534620.0,1427810.0,860340.0,738630.0,1150550.0,1134525.0,1076575.0,784970.0,722695.0,1068020.0,1057826.666666667,1032010.0,835866.6666666665,792533.3333333335,963748.3333333335,1000918.3333333335,1072350.0,991841.6666666665,967820.0,0
2019-10-14,255.05727381928185,255.26504730175213,248.50720044166331,249.5362091064453,541400,1,250.61075439453128,245.54285736083983,243.40171432495117,241.82574157714845,239.65548655192055,2178100.0,1604900.0,1131625.0,1080783.333333333,932685.0,255.0671844482422,252.0790863037109,245.56858825683602,250.80270385742188,239.6517639160156,248.6338653564453,245.5349456787109,243.27506713867191,242.00067138671875,240.47496032714844,244.78989868164064,243.07520294189453,241.56037445068358,240.89349212646485,239.85359344482418,243.03512802124024,242.40485610961915,242.01007003784176,242.0224365234375,241.50072708129883,240.96981404622397,239.87754618326824,238.90429077148443,238.03620707194008,237.16602427164716,239.7388788859049,239.64373804728191,239.60382664998366,239.5660077412923,239.82549870808919,2472300.0,2476500.0,2399520.0,2212940.0,1031700.0,1627960.0,1578950.0,1534620.0,1427810.0,860340.0,1157790.0,1150550.0,1134525.0,1076575.0,784970.0,1079746.666666667,1068020.0,1057826.666666667,1032010.0,835866.6666666665,951615.0,963748.3333333335,1000918.3333333335,1072350.0,991841.6666666665,0
2019-10-15,250.54544715939758,254.5131024986233,249.14044726014458,253.0289306640625,674800,1,251.05599975585938,246.52833557128903,244.00477600097656,242.79710591634117,239.671918741862,1013280.0,1613110.0,1132455.0,1062443.333333333,923408.3333333335,249.5362091064453,255.0671844482422,252.0790863037109,245.56858825683602,250.80270385742188,250.61075439453128,248.6338653564453,245.5349456787109,243.27506713867191,242.00067138671875,245.54285736083983,244.78989868164064,243.07520294189453,241.56037445068358,240.89349212646485,243.40171432495117,243.03512802124024,242.40485610961915,242.01007003784176,242.0224365234375,241.82574157714845,240.96981404622397,239.87754618326824,238.90429077148443,238.03620707194008,239.65548655192055,239.7388788859049,239.64373804728191,239.60382664998366,239.5660077412923,2178100.0,2472300.0,2476500.0,2399520.0,2212940.0,1604900.0,1627960.0,1578950.0,1534620.0,1427810.0,1131625.0,1157790.0,1150550.0,1134525.0,1076575.0,1080783.333333333,1079746.666666667,1068020.0,1057826.666666667,1032010.0,932685.0,951615.0,963748.3333333335,1000918.3333333335,1072350.0,1
2019-10-16,252.1978097700564,254.8890667979612,250.40692969998867,253.2565155029297,525200,1,252.59358520507809,247.934326171875,244.5469886779785,243.37506357828772,239.65415013631184,736660.0,1568090.0,1133960.0,1024363.3333333335,916768.3333333335,253.0289306640625,249.5362091064453,255.0671844482422,252.0790863037109,245.56858825683602,251.05599975585938,250.61075439453128,248.6338653564453,245.5349456787109,243.27506713867191,246.52833557128903,245.54285736083983,244.78989868164064,243.07520294189453,241.56037445068358,244.00477600097656,243.40171432495117,243.03512802124024,242.40485610961915,242.01007003784176,242.79710591634117,241.82574157714845,240.96981404622397,239.87754618326824,238.90429077148443,239.671918741862,239.65548655192055,239.7388788859049,239.64373804728191,239.60382664998366,1013280.0,2178100.0,2472300.0,2476500.0,2399520.0,1613110.0,1604900.0,1627960.0,1578950.0,1534620.0,1132455.0,1131625.0,1157790.0,1150550.0,1134525.0,1062443.333333333,1080783.333333333,1079746.666666667,1068020.0,1057826.666666667,923408.3333333335,932685.0,951615.0,963748.3333333335,1000918.3333333335,1
2019-10-17,253.41481686733468,257.21425458125685,253.07841162235286,253.7413482666016,515100,0,252.92603759765626,249.2304916381836,245.0140037536621,243.7793767293294,239.57044779459642,628420.0,1552460.0,1136755.0,1004316.6666666665,909998.3333333335,253.2565155029297,253.0289306640625,249.5362091064453,255.0671844482422,252.0790863037109,252.59358520507809,251.05599975585938,250.61075439453128,248.6338653564453,245.5349456787109,247.934326171875,246.52833557128903,245.54285736083983,244.78989868164064,243.07520294189453,244.5469886779785,244.00477600097656,243.40171432495117,243.03512802124024,242.40485610961915,243.37506357828772,242.79710591634117,241.82574157714845,240.96981404622397,239.87754618326824,239.65415013631184,239.671918741862,239.65548655192055,239.7388788859049,239.64373804728191,736660.0,1013280.0,2178100.0,2472300.0,2476500.0,1568090.0,1613110.0,1604900.0,1627960.0,1578950.0,1133960.0,1132455.0,1131625.0,1157790.0,1150550.0,1024363.3333333335,1062443.333333333,1080783.333333333,1079746.666666667,1068020.0,916768.3333333335,923408.3333333335,932685.0,951615.0,963748.3333333335,0
2019-10-18,254.7307836345697,255.6707314641246,251.5447774887332,252.99925231933602,609900,1,252.512451171875,250.57315826416016,245.4137359619141,244.40500946044918,239.49970677693685,573280.0,1522790.0,1130710.0,989393.3333333335,906800.0,253.7413482666016,253.2565155029297,253.0289306640625,249.5362091064453,255.0671844482422,252.92603759765626,252.59358520507809,251.05599975585938,250.61075439453128,248.6338653564453,249.2304916381836,247.934326171875,246.52833557128903,245.54285736083983,244.78989868164064,245.0140037536621,244.5469886779785,244.00477600097656,243.40171432495117,243.03512802124024,243.7793767293294,243.37506357828772,242.79710591634117,241.82574157714845,240.96981404622397,239.57044779459642,239.65415013631184,239.671918741862,239.65548655192055,239.7388788859049,628420.0,736660.0,1013280.0,2178100.0,2472300.0,1552460.0,1568090.0,1613110.0,1604900.0,1627960.0,1136755.0,1133960.0,1132455.0,1131625.0,1157790.0,1004316.6666666665,1024363.3333333335,1062443.333333333,1080783.333333333,1079746.666666667,909998.3333333335,916768.3333333335,923408.3333333335,932685.0,951615.0,1
2019-10-21,253.89962626464703,257.09552131579187,252.96956738937337,254.80001831054688,499600,1,253.56521301269527,252.08798370361328,245.97078857421874,245.02981262207032,239.48545888264974,564920.0,1371510.0,1115925.0,980483.3333333335,905665.0,252.99925231933602,253.7413482666016,253.2565155029297,253.0289306640625,249.5362091064453,252.512451171875,252.92603759765626,252.59358520507809,251.05599975585938,250.61075439453128,250.57315826416016,249.2304916381836,247.934326171875,246.52833557128903,245.54285736083983,245.4137359619141,245.0140037536621,244.5469886779785,244.00477600097656,243.40171432495117,244.40500946044918,243.7793767293294,243.37506357828772,242.79710591634117,241.82574157714845,239.49970677693685,239.57044779459642,239.65415013631184,239.671918741862,239.65548655192055,573280.0,628420.0,736660.0,1013280.0,2178100.0,1522790.0,1552460.0,1568090.0,1613110.0,1604900.0,1130710.0,1136755.0,1133960.0,1132455.0,1131625.0,989393.3333333335,1004316.6666666665,1024363.3333333335,1062443.333333333,1080783.333333333,906800.0,909998.3333333335,916768.3333333335,923408.3333333335,932685.0,1
2019-10-22,254.5526730584005,256.7294484771266,252.68265116275435,256.20504760742193,343100,0,254.2004364013672,252.62821807861332,246.7608551025391,245.5576970418294,239.60285313924157,498580.0,755930.0,1091870.0,969693.3333333335,891840.0,254.80001831054688,252.99925231933602,253.7413482666016,253.2565155029297,253.0289306640625,253.56521301269527,252.512451171875,252.92603759765626,252.59358520507809,251.05599975585938,252.08798370361328,250.57315826416016,249.2304916381836,247.934326171875,246.52833557128903,245.97078857421874,245.4137359619141,245.0140037536621,244.5469886779785,244.00477600097656,245.02981262207032,244.40500946044918,243.7793767293294,243.37506357828772,242.79710591634117,239.48545888264974,239.49970677693685,239.57044779459642,239.65415013631184,239.671918741862,564920.0,573280.0,628420.0,736660.0,1013280.0,1371510.0,1522790.0,1552460.0,1568090.0,1613110.0,1115925.0,1130710.0,1136755.0,1133960.0,1132455.0,980483.3333333335,989393.3333333335,1004316.6666666665,1024363.3333333335,1062443.333333333,905665.0,906800.0,909998.3333333335,916768.3333333335,923408.3333333335,1
2019-10-23,256.00713150325464,256.877841614798,252.76179176391813,253.29608154296875,622200,1,254.208349609375,253.40096740722657,247.48067092895508,245.80703582763672,239.7528513590495,517980.0,627320.0,1080970.0,965456.6666666665,884180.0,256.20504760742193,254.80001831054688,252.99925231933602,253.7413482666016,253.2565155029297,254.2004364013672,253.56521301269527,252.512451171875,252.92603759765626,252.59358520507809,252.62821807861332,252.08798370361328,250.57315826416016,249.2304916381836,247.934326171875,246.7608551025391,245.97078857421874,245.4137359619141,245.0140037536621,244.5469886779785,245.5576970418294,245.02981262207032,244.40500946044918,243.7793767293294,243.37506357828772,239.60285313924157,239.48545888264974,239.49970677693685,239.57044779459642,239.65415013631184,498580.0,564920.0,573280.0,628420.0,736660.0,755930.0,1371510.0,1522790.0,1552460.0,1568090.0,1091870.0,1115925.0,1130710.0,1136755.0,1133960.0,969693.3333333335,980483.3333333335,989393.3333333335,1004316.6666666665,1024363.3333333335,891840.0,905665.0,906800.0,909998.3333333335,916768.3333333335,1
2019-10-24,253.9392211982357,261.310545346928,253.06852614621414,260.81582641601557,852500,1,255.6232452392578,254.27464141845704,248.67492218017574,246.36145121256507,240.07785059611004,585460.0,606940.0,1092945.0,969346.6666666665,883040.0,253.29608154296875,256.20504760742193,254.80001831054688,252.99925231933602,253.7413482666016,254.208349609375,254.2004364013672,253.56521301269527,252.512451171875,252.92603759765626,253.40096740722657,252.62821807861332,252.08798370361328,250.57315826416016,249.2304916381836,247.48067092895508,246.7608551025391,245.97078857421874,245.4137359619141,245.0140037536621,245.80703582763672,245.5576970418294,245.02981262207032,244.40500946044918,243.7793767293294,239.7528513590495,239.60285313924157,239.48545888264974,239.49970677693685,239.57044779459642,517980.0,498580.0,564920.0,573280.0,628420.0,627320.0,755930.0,1371510.0,1522790.0,1552460.0,1080970.0,1091870.0,1115925.0,1130710.0,1136755.0,965456.6666666665,969693.3333333335,980483.3333333335,989393.3333333335,1004316.6666666665,884180.0,891840.0,905665.0,906800.0,909998.3333333335,0
2019-10-25,260.2518606800192,273.64885886955284,260.2518606800192,268.8797607421875,1436600,0,258.79934692382807,255.6558990478516,250.2228988647461,247.2420516967773,240.51586659749353,750800.0,662040.0,1145000.0,992540.0,894306.6666666665,260.81582641601557,253.29608154296875,256.20504760742193,254.80001831054688,252.99925231933602,255.6232452392578,254.208349609375,254.2004364013672,253.56521301269527,252.512451171875,254.27464141845704,253.40096740722657,252.62821807861332,252.08798370361328,250.57315826416016,248.67492218017574,247.48067092895508,246.7608551025391,245.97078857421874,245.4137359619141,246.36145121256507,245.80703582763672,245.5576970418294,245.02981262207032,244.40500946044918,240.07785059611004,239.7528513590495,239.60285313924157,239.48545888264974,239.49970677693685,585460.0,517980.0,498580.0,564920.0,573280.0,606940.0,627320.0,755930.0,1371510.0,1522790.0,1092945.0,1080970.0,1091870.0,1115925.0,1130710.0,969346.6666666665,965456.6666666665,969693.3333333335,980483.3333333335,989393.3333333335,883040.0,884180.0,891840.0,905665.0,906800.0,1
2019-10-28,269.4832859259459,271.3038781930649,265.89165179324607,266.61392211914057,628400,0,261.16212768554686,257.3636703491211,251.45326385498046,248.05569966634118,240.93388188680007,776560.0,670740.0,1137820.0,977996.6666666665,895818.3333333335,268.8797607421875,260.81582641601557,253.29608154296875,256.20504760742193,254.80001831054688,258.79934692382807,255.6232452392578,254.208349609375,254.2004364013672,253.56521301269527,255.6558990478516,254.27464141845704,253.40096740722657,252.62821807861332,252.08798370361328,250.2228988647461,248.67492218017574,247.48067092895508,246.7608551025391,245.97078857421874,247.2420516967773,246.36145121256507,245.80703582763672,245.5576970418294,245.02981262207032,240.51586659749353,240.07785059611004,239.7528513590495,239.60285313924157,239.48545888264974,750800.0,585460.0,517980.0,498580.0,564920.0,662040.0,606940.0,627320.0,755930.0,1371510.0,1145000.0,1092945.0,1080970.0,1091870.0,1115925.0,992540.0,969346.6666666665,965456.6666666665,969693.3333333335,980483.3333333335,894306.6666666665,883040.0,884180.0,891840.0,905665.0,0
2019-10-29,264.62515685048743,264.84283437854384,259.489972152689,260.40023803710943,1159700,1,262.00116577148435,258.1008010864258,252.31456832885743,248.70345102945961,241.3310676574707,939880.0,719230.0,1166170.0,994713.3333333335,898631.6666666665,266.61392211914057,268.8797607421875,260.81582641601557,253.29608154296875,256.20504760742193,261.16212768554686,258.79934692382807,255.6232452392578,254.208349609375,254.2004364013672,257.3636703491211,255.6558990478516,254.27464141845704,253.40096740722657,252.62821807861332,251.45326385498046,250.2228988647461,248.67492218017574,247.48067092895508,246.7608551025391,248.05569966634118,247.2420516967773,246.36145121256507,245.80703582763672,245.5576970418294,240.93388188680007,240.51586659749353,240.07785059611004,239.7528513590495,239.60285313924157,776560.0,750800.0,585460.0,517980.0,498580.0,670740.0,662040.0,606940.0,627320.0,755930.0,1137820.0,1145000.0,1092945.0,1080970.0,1091870.0,977996.6666666665,992540.0,969346.6666666665,965456.6666666665,969693.3333333335,895818.3333333335,894306.6666666665,883040.0,884180.0,891840.0,0
2019-10-30,260.53883031373425,269.11724115765804,260.53883031373425,268.03875732421875,684900,1,264.9497009277344,259.5790252685547,253.75667572021484,249.55766754150392,241.80967330932617,952420.0,735200.0,1151645.0,1001040.0,900216.6666666665,260.40023803710943,266.61392211914057,268.8797607421875,260.81582641601557,253.29608154296875,262.00116577148435,261.16212768554686,258.79934692382807,255.6232452392578,254.208349609375,258.1008010864258,257.3636703491211,255.6558990478516,254.27464141845704,253.40096740722657,252.31456832885743,251.45326385498046,250.2228988647461,248.67492218017574,247.48067092895508,248.70345102945961,248.05569966634118,247.2420516967773,246.36145121256507,245.80703582763672,241.3310676574707,240.93388188680007,240.51586659749353,240.07785059611004,239.7528513590495,939880.0,776560.0,750800.0,585460.0,517980.0,719230.0,670740.0,662040.0,606940.0,627320.0,1166170.0,1137820.0,1145000.0,1092945.0,1080970.0,994713.3333333335,977996.6666666665,992540.0,969346.6666666665,965456.6666666665,898631.6666666665,895818.3333333335,894306.6666666665,883040.0,884180.0,0
2019-10-31,268.8006191646728,272.6396130181313,265.2584144206586,268.75112915039057,732500,0,266.53676147460936,261.0800033569336,255.1552474975586,250.36933695475258,242.24702580769855,928420.0,756940.0,1154700.0,1010150.0,900915.0,268.03875732421875,260.40023803710943,266.61392211914057,268.8797607421875,260.81582641601557,264.9497009277344,262.00116577148435,261.16212768554686,258.79934692382807,255.6232452392578,259.5790252685547,258.1008010864258,257.3636703491211,255.6558990478516,254.27464141845704,253.75667572021484,252.31456832885743,251.45326385498046,250.2228988647461,248.67492218017574,249.55766754150392,248.70345102945961,248.05569966634118,247.2420516967773,246.36145121256507,241.80967330932617,241.3310676574707,240.93388188680007,240.51586659749353,240.07785059611004,952420.0,939880.0,776560.0,750800.0,585460.0,735200.0,719230.0,670740.0,662040.0,606940.0,1151645.0,1166170.0,1137820.0,1145000.0,1092945.0,1001040.0,994713.3333333335,977996.6666666665,992540.0,969346.6666666665,900216.6666666665,898631.6666666665,895818.3333333335,894306.6666666665,883040.0,1
2019-11-01,270.04729708975043,271.8480814365725,265.64431625369684,266.41607666015625,534800,1,266.0440246582031,262.42168579101565,256.4974220275879,251.08305257161462,242.62884877522785,748060.0,749430.0,1136110.0,1003616.6666666665,898106.6666666665,268.75112915039057,268.03875732421875,260.40023803710943,266.61392211914057,268.8797607421875,266.53676147460936,264.9497009277344,262.00116577148435,261.16212768554686,258.79934692382807,261.0800033569336,259.5790252685547,258.1008010864258,257.3636703491211,255.6558990478516,255.1552474975586,253.75667572021484,252.31456832885743,251.45326385498046,250.2228988647461,250.36933695475258,249.55766754150392,248.70345102945961,248.05569966634118,247.2420516967773,242.24702580769855,241.80967330932617,241.3310676574707,240.93388188680007,240.51586659749353,928420.0,952420.0,939880.0,776560.0,750800.0,756940.0,735200.0,719230.0,670740.0,662040.0,1154700.0,1151645.0,1166170.0,1137820.0,1145000.0,1010150.0,1001040.0,994713.3333333335,977996.6666666665,992540.0,900915.0,900216.6666666665,898631.6666666665,895818.3333333335,894306.6666666665,1
2019-11-04,265.22872026245653,267.86062869198815,262.2109467546118,266.4457397460937,824400,1,266.01038818359376,263.5862579345703,257.8371208190918,251.84261169433597,242.99340235392253,787260.0,781910.0,1076710.0,1004586.6666666665,902066.6666666665,266.41607666015625,268.75112915039057,268.03875732421875,260.40023803710943,266.61392211914057,266.0440246582031,266.53676147460936,264.9497009277344,262.00116577148435,261.16212768554686,262.42168579101565,261.0800033569336,259.5790252685547,258.1008010864258,257.3636703491211,256.4974220275879,255.1552474975586,253.75667572021484,252.31456832885743,251.45326385498046,251.08305257161462,250.36933695475258,249.55766754150392,248.70345102945961,248.05569966634118,242.62884877522785,242.24702580769855,241.80967330932617,241.3310676574707,240.93388188680007,748060.0,928420.0,952420.0,939880.0,776560.0,749430.0,756940.0,735200.0,719230.0,670740.0,1136110.0,1154700.0,1151645.0,1166170.0,1137820.0,1003616.6666666665,1010150.0,1001040.0,994713.3333333335,977996.6666666665,898106.6666666665,900915.0,900216.6666666665,898631.6666666665,895818.3333333335,1
2019-11-05,264.1601291522744,273.8269261163363,262.7056542989685,273.39157104492193,748100,1,268.60865478515626,265.3049102783204,258.9665641784668,252.94220682779945,243.6023406982422,704940.0,822410.0,789170.0,1002050.0,901138.3333333335,266.4457397460937,266.41607666015625,268.75112915039057,268.03875732421875,260.40023803710943,266.01038818359376,266.0440246582031,266.53676147460936,264.9497009277344,262.00116577148435,263.5862579345703,262.42168579101565,261.0800033569336,259.5790252685547,258.1008010864258,257.8371208190918,256.4974220275879,255.1552474975586,253.75667572021484,252.31456832885743,251.84261169433597,251.08305257161462,250.36933695475258,249.55766754150392,248.70345102945961,242.99340235392253,242.62884877522785,242.24702580769855,241.80967330932617,241.3310676574707,787260.0,748060.0,928420.0,952420.0,939880.0,781910.0,749430.0,756940.0,735200.0,719230.0,1076710.0,1136110.0,1154700.0,1151645.0,1166170.0,1004586.6666666665,1003616.6666666665,1010150.0,1001040.0,994713.3333333335,902066.6666666665,898106.6666666665,900915.0,900216.6666666665,898631.6666666665,0
2019-11-06,273.90602574192474,276.01353287829403,270.4429937851375,274.88558959960943,544500,1,269.9780212402344,267.4638610839844,260.43241424560546,254.14173431396483,244.22647450764973,676860.0,814640.0,720980.0,992193.3333333335,900028.3333333335,273.39157104492193,266.4457397460937,266.41607666015625,268.75112915039057,268.03875732421875,268.60865478515626,266.01038818359376,266.0440246582031,266.53676147460936,264.9497009277344,265.3049102783204,263.5862579345703,262.42168579101565,261.0800033569336,259.5790252685547,258.9665641784668,257.8371208190918,256.4974220275879,255.1552474975586,253.75667572021484,252.94220682779945,251.84261169433597,251.08305257161462,250.36933695475258,249.55766754150392,243.6023406982422,242.99340235392253,242.62884877522785,242.24702580769855,241.80967330932617,704940.0,787260.0,748060.0,928420.0,952420.0,822410.0,781910.0,749430.0,756940.0,735200.0,789170.0,1076710.0,1136110.0,1154700.0,1151645.0,1002050.0,1004586.6666666665,1003616.6666666665,1010150.0,1001040.0,901138.3333333335,902066.6666666665,898106.6666666665,900915.0,900216.6666666665,1
2019-11-07,276.21146465629863,280.4759392325534,274.6877219632338,279.6942749023437,853200,0,272.166650390625,269.35170593261716,261.8131736755371,255.56718343098962,245.00312347412108,701000.0,814710.0,710825.0,1000200.0,902535.0,274.88558959960943,273.39157104492193,266.4457397460937,266.41607666015625,268.75112915039057,269.9780212402344,268.60865478515626,266.01038818359376,266.0440246582031,266.53676147460936,267.4638610839844,265.3049102783204,263.5862579345703,262.42168579101565,261.0800033569336,260.43241424560546,258.9665641784668,257.8371208190918,256.4974220275879,255.1552474975586,254.14173431396483,252.94220682779945,251.84261169433597,251.08305257161462,250.36933695475258,244.22647450764973,243.6023406982422,242.99340235392253,242.62884877522785,242.24702580769855,676860.0,704940.0,787260.0,748060.0,928420.0,814640.0,822410.0,781910.0,749430.0,756940.0,720980.0,789170.0,1076710.0,1136110.0,1154700.0,992193.3333333335,1002050.0,1004586.6666666665,1003616.6666666665,1010150.0,900028.3333333335,901138.3333333335,902066.6666666665,898106.6666666665,900915.0,1
2019-11-08,279.69430190666293,284.14677251367743,275.7167723680196,277.69564819335943,671200,1,274.4225646972656,270.2332946777344,262.944596862793,256.89303080240893,245.80090281168617,728280.0,738170.0,700105.0,1009390.0,898721.6666666665,279.6942749023437,274.88558959960943,273.39157104492193,266.4457397460937,266.41607666015625,272.166650390625,269.9780212402344,268.60865478515626,266.01038818359376,266.0440246582031,269.35170593261716,267.4638610839844,265.3049102783204,263.5862579345703,262.42168579101565,261.8131736755371,260.43241424560546,258.9665641784668,257.8371208190918,256.4974220275879,255.56718343098962,254.14173431396483,252.94220682779945,251.84261169433597,251.08305257161462,245.00312347412108,244.22647450764973,243.6023406982422,242.99340235392253,242.62884877522785,701000.0,676860.0,704940.0,787260.0,748060.0,814710.0,814640.0,822410.0,781910.0,749430.0,710825.0,720980.0,789170.0,1076710.0,1136110.0,1000200.0,992193.3333333335,1002050.0,1004586.6666666665,1003616.6666666665,902535.0,900028.3333333335,901138.3333333335,902066.6666666665,898106.6666666665,1
2019-11-11,276.8051717462732,279.93179930516493,275.4100606073365,277.725341796875,663900,0,276.67848510742186,271.3444366455078,264.35405349731445,258.08365478515617,246.56529541015624,696180.0,741720.0,706230.0,1005786.6666666665,898313.3333333335,277.69564819335943,279.6942749023437,274.88558959960943,273.39157104492193,266.4457397460937,274.4225646972656,272.166650390625,269.9780212402344,268.60865478515626,266.01038818359376,270.2332946777344,269.35170593261716,267.4638610839844,265.3049102783204,263.5862579345703,262.944596862793,261.8131736755371,260.43241424560546,258.9665641784668,257.8371208190918,256.89303080240893,255.56718343098962,254.14173431396483,252.94220682779945,251.84261169433597,245.80090281168617,245.00312347412108,244.22647450764973,243.6023406982422,242.99340235392253,728280.0,701000.0,676860.0,704940.0,787260.0,738170.0,814710.0,814640.0,822410.0,781910.0,700105.0,710825.0,720980.0,789170.0,1076710.0,1009390.0,1000200.0,992193.3333333335,1002050.0,1004586.6666666665,898721.6666666665,902535.0,900028.3333333335,901138.3333333335,902066.6666666665,0
2019-11-12,278.45749977631255,278.75434926221027,273.51031029716734,274.94500732421875,522400,1,276.98917236328117,272.79891357421883,265.4498573303223,259.1426834106445,247.3315401713053,651040.0,677990.0,698610.0,1003443.3333333335,895825.0,277.725341796875,277.69564819335943,279.6942749023437,274.88558959960943,273.39157104492193,276.67848510742186,274.4225646972656,272.166650390625,269.9780212402344,268.60865478515626,271.3444366455078,270.2332946777344,269.35170593261716,267.4638610839844,265.3049102783204,264.35405349731445,262.944596862793,261.8131736755371,260.43241424560546,258.9665641784668,258.08365478515617,256.89303080240893,255.56718343098962,254.14173431396483,252.94220682779945,246.56529541015624,245.80090281168617,245.00312347412108,244.22647450764973,243.6023406982422,696180.0,728280.0,701000.0,676860.0,704940.0,741720.0,738170.0,814710.0,814640.0,822410.0,706230.0,700105.0,710825.0,720980.0,789170.0,1005786.6666666665,1009390.0,1000200.0,992193.3333333335,1002050.0,898313.3333333335,898721.6666666665,902535.0,900028.3333333335,901138.3333333335,1
2019-11-13,274.06436486751096,277.41857348252057,273.09473515445427,276.44891357421875,435000,0,277.3018371582031,273.63992919921867,266.6094772338867,260.3844268798828,248.1161066691081,629140.0,653000.0,694100.0,985430.0,884970.0,274.94500732421875,277.725341796875,277.69564819335943,279.6942749023437,274.88558959960943,276.98917236328117,276.67848510742186,274.4225646972656,272.166650390625,269.9780212402344,272.79891357421883,271.3444366455078,270.2332946777344,269.35170593261716,267.4638610839844,265.4498573303223,264.35405349731445,262.944596862793,261.8131736755371,260.43241424560546,259.1426834106445,258.08365478515617,256.89303080240893,255.56718343098962,254.14173431396483,247.3315401713053,246.56529541015624,245.80090281168617,245.00312347412108,244.22647450764973,651040.0,696180.0,728280.0,701000.0,676860.0,677990.0,741720.0,738170.0,814710.0,814640.0,698610.0,706230.0,700105.0,710825.0,720980.0,1003443.3333333335,1005786.6666666665,1009390.0,1000200.0,992193.3333333335,895825.0,898313.3333333335,898721.6666666665,902535.0,900028.3333333335,1
2019-11-14,275.7464177654815,278.72463515053,273.8961739451571,275.7167358398437,512000,1,276.50632934570314,274.33648986816405,267.7082466125488,261.5489949544271,248.9034375508626,560900.0,630950.0,693945.0,980116.6666666665,881806.6666666665,276.44891357421875,274.94500732421875,277.725341796875,277.69564819335943,279.6942749023437,277.3018371582031,276.98917236328117,276.67848510742186,274.4225646972656,272.166650390625,273.63992919921867,272.79891357421883,271.3444366455078,270.2332946777344,269.35170593261716,266.6094772338867,265.4498573303223,264.35405349731445,262.944596862793,261.8131736755371,260.3844268798828,259.1426834106445,258.08365478515617,256.89303080240893,255.56718343098962,248.1161066691081,247.3315401713053,246.56529541015624,245.80090281168617,245.00312347412108,629140.0,651040.0,696180.0,728280.0,701000.0,653000.0,677990.0,741720.0,738170.0,814710.0,694100.0,698610.0,706230.0,700105.0,710825.0,985430.0,1003443.3333333335,1005786.6666666665,1009390.0,1000200.0,884970.0,895825.0,898313.3333333335,898721.6666666665,902535.0,1
2019-11-15,277.08218857724063,279.3677876331361,274.1930167212778,278.43771362304693,629500,1,276.6547424316406,275.5386535644531,268.98016967773435,262.844499206543,249.73069025675457,552560.0,640420.0,694925.0,970880.0,881706.6666666665,275.7167358398437,276.44891357421875,274.94500732421875,277.725341796875,277.69564819335943,276.50632934570314,277.3018371582031,276.98917236328117,276.67848510742186,274.4225646972656,274.33648986816405,273.63992919921867,272.79891357421883,271.3444366455078,270.2332946777344,267.7082466125488,266.6094772338867,265.4498573303223,264.35405349731445,262.944596862793,261.5489949544271,260.3844268798828,259.1426834106445,258.08365478515617,256.89303080240893,248.9034375508626,248.1161066691081,247.3315401713053,246.56529541015624,245.80090281168617,560900.0,629140.0,651040.0,696180.0,728280.0,630950.0,653000.0,677990.0,741720.0,738170.0,693945.0,694100.0,698610.0,706230.0,700105.0,980116.6666666665,985430.0,1003443.3333333335,1005786.6666666665,1009390.0,881806.6666666665,884970.0,895825.0,898313.3333333335,898721.6666666665,0
2019-11-18,278.24973350105154,282.55379449876574,277.25039153782444,281.6039123535156,831500,1,277.43045654296867,277.0544708251953,270.3203643798828,264.2429041544596,250.7044642130534,586080.0,641130.0,711520.0,931516.6666666665,883691.6666666665,278.43771362304693,275.7167358398437,276.44891357421875,274.94500732421875,277.725341796875,276.6547424316406,276.50632934570314,277.3018371582031,276.98917236328117,276.67848510742186,275.5386535644531,274.33648986816405,273.63992919921867,272.79891357421883,271.3444366455078,268.98016967773435,267.7082466125488,266.6094772338867,265.4498573303223,264.35405349731445,262.844499206543,261.5489949544271,260.3844268798828,259.1426834106445,258.08365478515617,249.73069025675457,248.9034375508626,248.1161066691081,247.3315401713053,246.56529541015624,552560.0,560900.0,629140.0,651040.0,696180.0,640420.0,630950.0,653000.0,677990.0,741720.0,694925.0,693945.0,694100.0,698610.0,706230.0,970880.0,980116.6666666665,985430.0,1003443.3333333335,1005786.6666666665,881706.6666666665,881806.6666666665,884970.0,895825.0,898313.3333333335,0
2019-11-19,281.61381921132363,285.26484759390684,280.65406321003013,282.72198486328125,491300,1,278.98585205078126,277.98751220703133,271.6462112426758,265.30688018798827,251.6715436299642,579860.0,615450.0,718930.0,731263.3333333335,881636.6666666665,281.6039123535156,278.43771362304693,275.7167358398437,276.44891357421875,274.94500732421875,277.43045654296867,276.6547424316406,276.50632934570314,277.3018371582031,276.98917236328117,277.0544708251953,275.5386535644531,274.33648986816405,273.63992919921867,272.79891357421883,270.3203643798828,268.98016967773435,267.7082466125488,266.6094772338867,265.4498573303223,264.2429041544596,262.844499206543,261.5489949544271,260.3844268798828,259.1426834106445,250.7044642130534,249.73069025675457,248.9034375508626,248.1161066691081,247.3315401713053,586080.0,552560.0,560900.0,629140.0,651040.0,641130.0,640420.0,630950.0,653000.0,677990.0,711520.0,694925.0,693945.0,694100.0,698610.0,931516.6666666665,970880.0,980116.6666666665,985430.0,1003443.3333333335,883691.6666666665,881706.6666666665,881806.6666666665,884970.0,895825.0,0
2019-11-20,283.4640404005805,286.7489813142671,282.7417700939772,285.195556640625,630500,0,280.7351806640625,279.0185089111328,273.2411849975586,266.62777913411463,252.7660349527995,618960.0,624050.0,719345.0,688670.0,873248.3333333335,282.72198486328125,281.6039123535156,278.43771362304693,275.7167358398437,276.44891357421875,278.98585205078126,277.43045654296867,276.6547424316406,276.50632934570314,277.3018371582031,277.98751220703133,277.0544708251953,275.5386535644531,274.33648986816405,273.63992919921867,271.6462112426758,270.3203643798828,268.98016967773435,267.7082466125488,266.6094772338867,265.30688018798827,264.2429041544596,262.844499206543,261.5489949544271,260.3844268798828,251.6715436299642,250.7044642130534,249.73069025675457,248.9034375508626,248.1161066691081,579860.0,586080.0,552560.0,560900.0,629140.0,615450.0,641130.0,640420.0,630950.0,653000.0,718930.0,711520.0,694925.0,693945.0,694100.0,731263.3333333335,931516.6666666665,970880.0,980116.6666666665,985430.0,881636.6666666665,883691.6666666665,881706.6666666665,881806.6666666665,884970.0,0
2019-11-21,284.22595273787397,287.68898553312533,280.07030130547264,281.04983520507807,1068300,1,281.8018005371094,279.15406494140626,274.25288543701174,267.59347076416014,253.7355084737142,730220.0,645560.0,730135.0,689070.0,878545.0,285.195556640625,282.72198486328125,281.6039123535156,278.43771362304693,275.7167358398437,280.7351806640625,278.98585205078126,277.43045654296867,276.6547424316406,276.50632934570314,279.0185089111328,277.98751220703133,277.0544708251953,275.5386535644531,274.33648986816405,273.2411849975586,271.6462112426758,270.3203643798828,268.98016967773435,267.7082466125488,266.62777913411463,265.30688018798827,264.2429041544596,262.844499206543,261.5489949544271,252.7660349527995,251.6715436299642,250.7044642130534,249.73069025675457,248.9034375508626,618960.0,579860.0,586080.0,552560.0,560900.0,624050.0,615450.0,641130.0,640420.0,630950.0,719345.0,718930.0,711520.0,694925.0,693945.0,688670.0,731263.3333333335,931516.6666666665,970880.0,980116.6666666665,873248.3333333335,881636.6666666665,883691.6666666665,881706.6666666665,881806.6666666665,0
2019-11-22,281.37630086497904,284.31493207215647,280.21864545810917,282.7417297363281,391600,1,282.6626037597656,279.65867309570314,274.94598388671875,268.51595560709643,254.74288482666012,682640.0,617600.0,677885.0,672603.3333333335,876175.0,281.04983520507807,285.195556640625,282.72198486328125,281.6039123535156,278.43771362304693,281.8018005371094,280.7351806640625,278.98585205078126,277.43045654296867,276.6547424316406,279.15406494140626,279.0185089111328,277.98751220703133,277.0544708251953,275.5386535644531,274.25288543701174,273.2411849975586,271.6462112426758,270.3203643798828,268.98016967773435,267.59347076416014,266.62777913411463,265.30688018798827,264.2429041544596,262.844499206543,253.7355084737142,252.7660349527995,251.6715436299642,250.7044642130534,249.73069025675457,730220.0,618960.0,579860.0,586080.0,552560.0,645560.0,624050.0,615450.0,641130.0,640420.0,730135.0,719345.0,718930.0,711520.0,694925.0,689070.0,688670.0,731263.3333333335,931516.6666666665,970880.0,878545.0,873248.3333333335,881636.6666666665,883691.6666666665,881706.6666666665,0
2019-11-25,285.7496226275333,289.99431921546767,284.9284025450005,289.9052734375,536400,0,284.3228759765625,280.8766662597656,276.11055145263674,269.8615910847982,255.8436663309733,623620.0,604850.0,673285.0,672436.6666666665,876610.0,282.7417297363281,281.04983520507807,285.195556640625,282.72198486328125,281.6039123535156,282.6626037597656,281.8018005371094,280.7351806640625,278.98585205078126,277.43045654296867,279.65867309570314,279.15406494140626,279.0185089111328,277.98751220703133,277.0544708251953,274.94598388671875,274.25288543701174,273.2411849975586,271.6462112426758,270.3203643798828,268.51595560709643,267.59347076416014,266.62777913411463,265.30688018798827,264.2429041544596,254.74288482666012,253.7355084737142,252.7660349527995,251.6715436299642,250.7044642130534,682640.0,730220.0,618960.0,579860.0,586080.0,617600.0,645560.0,624050.0,615450.0,641130.0,677885.0,730135.0,719345.0,718930.0,711520.0,672603.3333333335,689070.0,688670.0,731263.3333333335,931516.6666666665,876175.0,878545.0,873248.3333333335,881636.6666666665,883691.6666666665,0
2019-11-26,289.8657199331994,293.12097909238867,284.52276129005867,286.0860900878906,1067500,1,284.9956970214844,281.9907745361328,277.39484405517584,270.96349639892577,256.88030115763354,738860.0,659360.0,668675.0,685526.6666666665,873985.0,289.9052734375,282.7417297363281,281.04983520507807,285.195556640625,282.72198486328125,284.3228759765625,282.6626037597656,281.8018005371094,280.7351806640625,278.98585205078126,280.8766662597656,279.65867309570314,279.15406494140626,279.0185089111328,277.98751220703133,276.11055145263674,274.94598388671875,274.25288543701174,273.2411849975586,271.6462112426758,269.8615910847982,268.51595560709643,267.59347076416014,266.62777913411463,265.30688018798827,255.8436663309733,254.74288482666012,253.7355084737142,252.7660349527995,251.6715436299642,623620.0,682640.0,730220.0,618960.0,579860.0,604850.0,617600.0,645560.0,624050.0,615450.0,673285.0,677885.0,730135.0,719345.0,718930.0,672436.6666666665,672603.3333333335,689070.0,688670.0,731263.3333333335,876610.0,876175.0,878545.0,873248.3333333335,881636.6666666665,1
2019-11-27,287.33271154866856,292.76474523417704,285.49237185948886,292.21063232421875,571700,0,286.3987121582031,283.5669464111328,278.60343780517576,272.2619669596354,257.8185152689616,727100.0,673030.0,663015.0,687076.6666666665,855720.0,286.0860900878906,289.9052734375,282.7417297363281,281.04983520507807,285.195556640625,284.9956970214844,284.3228759765625,282.6626037597656,281.8018005371094,280.7351806640625,281.9907745361328,280.8766662597656,279.65867309570314,279.15406494140626,279.0185089111328,277.39484405517584,276.11055145263674,274.94598388671875,274.25288543701174,273.2411849975586,270.96349639892577,269.8615910847982,268.51595560709643,267.59347076416014,266.62777913411463,256.88030115763354,255.8436663309733,254.74288482666012,253.7355084737142,252.7660349527995,738860.0,623620.0,682640.0,730220.0,618960.0,659360.0,604850.0,617600.0,645560.0,624050.0,668675.0,673285.0,677885.0,730135.0,719345.0,685526.6666666665,672436.6666666665,672603.3333333335,689070.0,688670.0,873985.0,876610.0,876175.0,878545.0,873248.3333333335,1
2019-11-29,292.29975463827657,294.041144791244,290.69683989307924,291.1915588378906,340900,0,288.42705688476565,285.1144287109375,279.7254592895508,273.51030731201166,258.6448420206706,581620.0,655920.0,643435.0,681270.0,842793.3333333335,292.21063232421875,286.0860900878906,289.9052734375,282.7417297363281,281.04983520507807,286.3987121582031,284.9956970214844,284.3228759765625,282.6626037597656,281.8018005371094,283.5669464111328,281.9907745361328,280.8766662597656,279.65867309570314,279.15406494140626,278.60343780517576,277.39484405517584,276.11055145263674,274.94598388671875,274.25288543701174,272.2619669596354,270.96349639892577,269.8615910847982,268.51595560709643,267.59347076416014,257.8185152689616,256.88030115763354,255.8436663309733,254.74288482666012,253.7355084737142,727100.0,738860.0,623620.0,682640.0,730220.0,673030.0,659360.0,604850.0,617600.0,645560.0,663015.0,668675.0,673285.0,677885.0,730135.0,687076.6666666665,685526.6666666665,672436.6666666665,672603.3333333335,689070.0,855720.0,873985.0,876610.0,876175.0,878545.0,1
2019-12-02,293.1308627058822,295.82213482531716,290.04382149143396,290.9441833496094,949000,0,290.0675476074219,286.36507568359383,280.9518646240234,274.77513834635414,259.5900739034017,693100.0,687870.0,664145.0,692573.3333333335,840983.3333333335,291.1915588378906,292.21063232421875,286.0860900878906,289.9052734375,282.7417297363281,288.42705688476565,286.3987121582031,284.9956970214844,284.3228759765625,282.6626037597656,285.1144287109375,283.5669464111328,281.9907745361328,280.8766662597656,279.65867309570314,279.7254592895508,278.60343780517576,277.39484405517584,276.11055145263674,274.94598388671875,273.51030731201166,272.2619669596354,270.96349639892577,269.8615910847982,268.51595560709643,258.6448420206706,257.8185152689616,256.88030115763354,255.8436663309733,254.74288482666012,581620.0,727100.0,738860.0,623620.0,682640.0,655920.0,673030.0,659360.0,604850.0,617600.0,643435.0,663015.0,668675.0,673285.0,677885.0,681270.0,687076.6666666665,685526.6666666665,672436.6666666665,672603.3333333335,842793.3333333335,855720.0,873985.0,876610.0,876175.0,1
2019-12-03,286.93696711193536,289.2324700956898,280.70352093898134,281.08938598632807,962500,1,288.3043701171875,286.313623046875,281.6840469360352,275.6514506022135,260.3406316121419,778320.0,700970.0,671050.0,708003.3333333335,844243.3333333335,290.9441833496094,291.1915588378906,292.21063232421875,286.0860900878906,289.9052734375,290.0675476074219,288.42705688476565,286.3987121582031,284.9956970214844,284.3228759765625,286.36507568359383,285.1144287109375,283.5669464111328,281.9907745361328,280.8766662597656,280.9518646240234,279.7254592895508,278.60343780517576,277.39484405517584,276.11055145263674,274.77513834635414,273.51030731201166,272.2619669596354,270.96349639892577,269.8615910847982,259.5900739034017,258.6448420206706,257.8185152689616,256.88030115763354,255.8436663309733,693100.0,581620.0,727100.0,738860.0,623620.0,687870.0,655920.0,673030.0,659360.0,604850.0,664145.0,643435.0,663015.0,668675.0,673285.0,692573.3333333335,681270.0,687076.6666666665,685526.6666666665,672436.6666666665,840983.3333333335,842793.3333333335,855720.0,873985.0,876610.0,1
2019-12-04,280.85193224775867,285.8485811784818,279.6744988221395,282.9792175292969,1307000,1,287.6829956054688,286.3393463134765,282.16342926025385,276.54392293294273,261.0508099873861,826220.0,782540.0,698995.0,740133.3333333335,854913.3333333335,281.08938598632807,290.9441833496094,291.1915588378906,292.21063232421875,286.0860900878906,288.3043701171875,290.0675476074219,288.42705688476565,286.3987121582031,284.9956970214844,286.313623046875,286.36507568359383,285.1144287109375,283.5669464111328,281.9907745361328,281.6840469360352,280.9518646240234,279.7254592895508,278.60343780517576,277.39484405517584,275.6514506022135,274.77513834635414,273.51030731201166,272.2619669596354,270.96349639892577,260.3406316121419,259.5900739034017,258.6448420206706,257.8185152689616,256.88030115763354,778320.0,693100.0,581620.0,727100.0,738860.0,700970.0,687870.0,655920.0,673030.0,659360.0,671050.0,664145.0,643435.0,663015.0,668675.0,708003.3333333335,692573.3333333335,681270.0,687076.6666666665,685526.6666666665,844243.3333333335,840983.3333333335,842793.3333333335,855720.0,873985.0,1
2019-12-05,284.83936873115766,285.8288065660191,282.5834516754834,283.84002685546875,674700,0,286.00887451171883,286.20379333496095,282.6111511230468,277.5620544433594,261.68454513549807,846820.0,786960.0,705505.0,741883.3333333335,853670.0,282.9792175292969,281.08938598632807,290.9441833496094,291.1915588378906,292.21063232421875,287.6829956054688,288.3043701171875,290.0675476074219,288.42705688476565,286.3987121582031,286.3393463134765,286.313623046875,286.36507568359383,285.1144287109375,283.5669464111328,282.16342926025385,281.6840469360352,280.9518646240234,279.7254592895508,278.60343780517576,276.54392293294273,275.6514506022135,274.77513834635414,273.51030731201166,272.2619669596354,261.0508099873861,260.3406316121419,259.5900739034017,258.6448420206706,257.8185152689616,826220.0,778320.0,693100.0,581620.0,727100.0,782540.0,700970.0,687870.0,655920.0,673030.0,698995.0,671050.0,664145.0,643435.0,663015.0,740133.3333333335,708003.3333333335,692573.3333333335,681270.0,687076.6666666665,854913.3333333335,844243.3333333335,840983.3333333335,842793.3333333335,855720.0,1
2019-12-06,285.53199317478146,286.02671215471884,283.3849297111932,283.5432434082031,454600,0,284.47921142578133,286.45313415527346,282.80359954833983,278.31963500976565,262.3405431111653,869560.0,725590.0,685575.0,728620.0,848983.3333333335,283.84002685546875,282.9792175292969,281.08938598632807,290.9441833496094,291.1915588378906,286.00887451171883,287.6829956054688,288.3043701171875,290.0675476074219,288.42705688476565,286.20379333496095,286.3393463134765,286.313623046875,286.36507568359383,285.1144287109375,282.6111511230468,282.16342926025385,281.6840469360352,280.9518646240234,279.7254592895508,277.5620544433594,276.54392293294273,275.6514506022135,274.77513834635414,273.51030731201166,261.68454513549807,261.0508099873861,260.3406316121419,259.5900739034017,258.6448420206706,846820.0,826220.0,778320.0,693100.0,581620.0,786960.0,782540.0,700970.0,687870.0,655920.0,705505.0,698995.0,671050.0,664145.0,643435.0,741883.3333333335,740133.3333333335,708003.3333333335,692573.3333333335,681270.0,853670.0,854913.3333333335,844243.3333333335,840983.3333333335,842793.3333333335,1
2019-12-09,283.58276181308037,285.59134959435795,282.1480950774845,283.3453063964844,759800,0,282.95943603515633,286.51349182128905,283.08608245849615,278.80181986490885,263.0219357808431,831720.0,762410.0,690005.0,706060.0,849300.0,283.5432434082031,283.84002685546875,282.9792175292969,281.08938598632807,290.9441833496094,284.47921142578133,286.00887451171883,287.6829956054688,288.3043701171875,290.0675476074219,286.45313415527346,286.20379333496095,286.3393463134765,286.313623046875,286.36507568359383,282.80359954833983,282.6111511230468,282.16342926025385,281.6840469360352,280.9518646240234,278.31963500976565,277.5620544433594,276.54392293294273,275.6514506022135,274.77513834635414,262.3405431111653,261.68454513549807,261.0508099873861,260.3406316121419,259.5900739034017,869560.0,846820.0,826220.0,778320.0,693100.0,725590.0,786960.0,782540.0,700970.0,687870.0,685575.0,705505.0,698995.0,671050.0,664145.0,728620.0,741883.3333333335,740133.3333333335,708003.3333333335,692573.3333333335,848983.3333333335,853670.0,854913.3333333335,844243.3333333335,840983.3333333335,1
2019-12-10,284.018144635083,284.76022307972636,280.4067022435349,282.2272644042969,1144200,1,283.18701171875,285.74569091796883,283.31117858886716,279.3222646077474,263.68898213704426,868060.0,823190.0,714020.0,723253.3333333335,850625.0,283.3453063964844,283.5432434082031,283.84002685546875,282.9792175292969,281.08938598632807,282.95943603515633,284.47921142578133,286.00887451171883,287.6829956054688,288.3043701171875,286.51349182128905,286.45313415527346,286.20379333496095,286.3393463134765,286.313623046875,283.08608245849615,282.80359954833983,282.6111511230468,282.16342926025385,281.6840469360352,278.80181986490885,278.31963500976565,277.5620544433594,276.54392293294273,275.6514506022135,263.0219357808431,262.3405431111653,261.68454513549807,261.0508099873861,260.3406316121419,831720.0,869560.0,846820.0,826220.0,778320.0,762410.0,725590.0,786960.0,782540.0,700970.0,690005.0,685575.0,705505.0,698995.0,671050.0,706060.0,728620.0,741883.3333333335,740133.3333333335,708003.3333333335,849300.0,848983.3333333335,853670.0,854913.3333333335,844243.3333333335,1
2019-12-11,282.2470518291627,291.2904981111002,282.2470518291627,290.51873779296875,1162300,1,284.6949157714844,286.1889556884765,284.0898651123046,280.3262145996094,264.5148328145345,839120.0,832670.0,746015.0,723340.0,859026.6666666665,282.2272644042969,283.3453063964844,283.5432434082031,283.84002685546875,282.9792175292969,283.18701171875,282.95943603515633,284.47921142578133,286.00887451171883,287.6829956054688,285.74569091796883,286.51349182128905,286.45313415527346,286.20379333496095,286.3393463134765,283.31117858886716,283.08608245849615,282.80359954833983,282.6111511230468,282.16342926025385,279.3222646077474,278.80181986490885,278.31963500976565,277.5620544433594,276.54392293294273,263.68898213704426,263.0219357808431,262.3405431111653,261.68454513549807,261.0508099873861,868060.0,831720.0,869560.0,846820.0,826220.0,823190.0,762410.0,725590.0,786960.0,782540.0,714020.0,690005.0,685575.0,705505.0,698995.0,723253.3333333335,706060.0,728620.0,741883.3333333335,740133.3333333335,850625.0,849300.0,848983.3333333335,853670.0,854913.3333333335,0
2019-12-12,290.4988839677896,294.84221085595817,290.1617021349965,294.16790771484375,571100,0,286.7604919433594,286.38468322753914,284.97581481933594,281.1971862792969,265.3774269104004,818400.0,832610.0,752820.0,719546.6666666665,860293.3333333335,290.51873779296875,282.2272644042969,283.3453063964844,283.5432434082031,283.84002685546875,284.6949157714844,283.18701171875,282.95943603515633,284.47921142578133,286.00887451171883,286.1889556884765,285.74569091796883,286.51349182128905,286.45313415527346,286.20379333496095,284.0898651123046,283.31117858886716,283.08608245849615,282.80359954833983,282.6111511230468,280.3262145996094,279.3222646077474,278.80181986490885,278.31963500976565,277.5620544433594,264.5148328145345,263.68898213704426,263.0219357808431,262.3405431111653,261.68454513549807,839120.0,868060.0,831720.0,869560.0,846820.0,832670.0,823190.0,762410.0,725590.0,786960.0,746015.0,714020.0,690005.0,685575.0,705505.0,723340.0,723253.3333333335,706060.0,728620.0,741883.3333333335,859026.6666666665,850625.0,849300.0,848983.3333333335,853670.0,1
2019-12-13,292.80941894412945,295.83388777756835,290.5782444814232,292.46234130859375,450600,0,288.5443115234375,286.5117614746094,285.81309509277344,281.98756001790366,266.17844848632814,817600.0,843580.0,749750.0,710150.0,860150.0,294.16790771484375,290.51873779296875,282.2272644042969,283.3453063964844,283.5432434082031,286.7604919433594,284.6949157714844,283.18701171875,282.95943603515633,284.47921142578133,286.38468322753914,286.1889556884765,285.74569091796883,286.51349182128905,286.45313415527346,284.97581481933594,284.0898651123046,283.31117858886716,283.08608245849615,282.80359954833983,281.1971862792969,280.3262145996094,279.3222646077474,278.80181986490885,278.31963500976565,265.3774269104004,264.5148328145345,263.68898213704426,263.0219357808431,262.3405431111653,818400.0,839120.0,868060.0,831720.0,869560.0,832610.0,832670.0,823190.0,762410.0,725590.0,752820.0,746015.0,714020.0,690005.0,685575.0,719546.6666666665,723340.0,723253.3333333335,706060.0,728620.0,860293.3333333335,859026.6666666665,850625.0,849300.0,848983.3333333335,0
2019-12-16,292.5416524394876,293.7415198608928,289.348593062587,289.70556640625,756400,0,289.8163635253906,286.38789978027336,286.37648773193365,282.76387634277336,266.92346445719403,816920.0,824320.0,756095.0,717536.6666666665,860576.6666666665,292.46234130859375,294.16790771484375,290.51873779296875,282.2272644042969,283.3453063964844,288.5443115234375,286.7604919433594,284.6949157714844,283.18701171875,282.95943603515633,286.5117614746094,286.38468322753914,286.1889556884765,285.74569091796883,286.51349182128905,285.81309509277344,284.97581481933594,284.0898651123046,283.31117858886716,283.08608245849615,281.98756001790366,281.1971862792969,280.3262145996094,279.3222646077474,278.80181986490885,266.17844848632814,265.3774269104004,264.5148328145345,263.68898213704426,263.0219357808431,817600.0,818400.0,839120.0,868060.0,831720.0,843580.0,832610.0,832670.0,823190.0,762410.0,749750.0,752820.0,746015.0,714020.0,690005.0,710150.0,719546.6666666665,723340.0,723253.3333333335,706060.0,860150.0,860293.3333333335,859026.6666666665,850625.0,849300.0,0
2019-12-17,290.28074068345296,290.28074068345296,287.28598963809236,289.3089294433594,1045500,0,291.2326965332031,287.20985412597656,286.7617385864258,283.52598266601564,267.6842971801758,797180.0,832620.0,766795.0,724906.6666666665,864746.6666666665,289.70556640625,292.46234130859375,294.16790771484375,290.51873779296875,282.2272644042969,289.8163635253906,288.5443115234375,286.7604919433594,284.6949157714844,283.18701171875,286.38789978027336,286.5117614746094,286.38468322753914,286.1889556884765,285.74569091796883,286.37648773193365,285.81309509277344,284.97581481933594,284.0898651123046,283.31117858886716,282.76387634277336,281.98756001790366,281.1971862792969,280.3262145996094,279.3222646077474,266.92346445719403,266.17844848632814,265.3774269104004,264.5148328145345,263.68898213704426,816920.0,817600.0,818400.0,839120.0,868060.0,824320.0,843580.0,832610.0,832670.0,823190.0,756095.0,749750.0,752820.0,746015.0,714020.0,717536.6666666665,710150.0,719546.6666666665,723340.0,723253.3333333335,860576.6666666665,860150.0,860293.3333333335,859026.6666666665,850625.0,0
2019-12-18,286.58196725886415,288.60490726588364,281.088311385388,281.9411315917969,1127800,1,289.51717529296883,287.10604553222663,286.72269592285164,283.81096801757815,268.37658742268883,790280.0,814700.0,798620.0,737563.3333333335,869806.6666666665,289.3089294433594,289.70556640625,292.46234130859375,294.16790771484375,290.51873779296875,291.2326965332031,289.8163635253906,288.5443115234375,286.7604919433594,284.6949157714844,287.20985412597656,286.38789978027336,286.5117614746094,286.38468322753914,286.1889556884765,286.7617385864258,286.37648773193365,285.81309509277344,284.97581481933594,284.0898651123046,283.52598266601564,282.76387634277336,281.98756001790366,281.1971862792969,280.3262145996094,267.6842971801758,266.92346445719403,266.17844848632814,265.3774269104004,264.5148328145345,797180.0,816920.0,817600.0,818400.0,839120.0,832620.0,824320.0,843580.0,832610.0,832670.0,766795.0,756095.0,749750.0,752820.0,746015.0,724906.6666666665,717536.6666666665,710150.0,719546.6666666665,723340.0,864746.6666666665,860576.6666666665,860150.0,860293.3333333335,859026.6666666665,1
2019-12-19,283.52770866132784,291.0938427104448,282.53607570334685,289.55682373046875,1295700,0,288.59495849609374,287.6777252197265,286.94075927734383,284.30000915527336,269.22087173461915,935200.0,876800.0,831880.0,762603.3333333335,877398.3333333335,281.9411315917969,289.3089294433594,289.70556640625,292.46234130859375,294.16790771484375,289.51717529296883,291.2326965332031,289.8163635253906,288.5443115234375,286.7604919433594,287.10604553222663,287.20985412597656,286.38789978027336,286.5117614746094,286.38468322753914,286.72269592285164,286.7617385864258,286.37648773193365,285.81309509277344,284.97581481933594,283.81096801757815,283.52598266601564,282.76387634277336,281.98756001790366,281.1971862792969,268.37658742268883,267.6842971801758,266.92346445719403,266.17844848632814,265.3774269104004,790280.0,797180.0,816920.0,817600.0,818400.0,814700.0,832620.0,824320.0,843580.0,832610.0,798620.0,766795.0,756095.0,749750.0,752820.0,737563.3333333335,724906.6666666665,717536.6666666665,710150.0,719546.6666666665,869806.6666666665,864746.6666666665,860576.6666666665,860150.0,860293.3333333335,1
2019-12-20,290.6178782584452,290.6178782584452,288.5255169807423,289.55682373046875,571700,0,288.01385498046875,288.2790832519531,287.3661087036133,284.62876078287763,270.0979721069336,959420.0,888510.0,807050.0,753220.0,876710.0,289.55682373046875,281.9411315917969,289.3089294433594,289.70556640625,292.46234130859375,288.59495849609374,289.51717529296883,291.2326965332031,289.8163635253906,288.5443115234375,287.6777252197265,287.10604553222663,287.20985412597656,286.38789978027336,286.5117614746094,286.94075927734383,286.72269592285164,286.7617385864258,286.37648773193365,285.81309509277344,284.30000915527336,283.81096801757815,283.52598266601564,282.76387634277336,281.98756001790366,269.22087173461915,268.37658742268883,267.6842971801758,266.92346445719403,266.17844848632814,935200.0,790280.0,797180.0,816920.0,817600.0,876800.0,814700.0,832620.0,824320.0,843580.0,831880.0,798620.0,766795.0,756095.0,749750.0,762603.3333333335,737563.3333333335,724906.6666666665,717536.6666666665,710150.0,877398.3333333335,869806.6666666665,864746.6666666665,860576.6666666665,860150.0,0
2019-12-23,289.97333336059705,291.11370525101256,285.6200499919679,285.8580322265625,618700,1,287.24434814453133,288.53035583496086,287.521923828125,284.900840250651,270.89693552652994,931880.0,874400.0,818405.0,751470.0,880430.0,289.55682373046875,289.55682373046875,281.9411315917969,289.3089294433594,289.70556640625,288.01385498046875,288.59495849609374,289.51717529296883,291.2326965332031,289.8163635253906,288.2790832519531,287.6777252197265,287.10604553222663,287.20985412597656,286.38789978027336,287.3661087036133,286.94075927734383,286.72269592285164,286.7617385864258,286.37648773193365,284.62876078287763,284.30000915527336,283.81096801757815,283.52598266601564,282.76387634277336,270.0979721069336,269.22087173461915,268.37658742268883,267.6842971801758,266.92346445719403,959420.0,935200.0,790280.0,797180.0,816920.0,888510.0,876800.0,814700.0,832620.0,824320.0,807050.0,831880.0,798620.0,766795.0,756095.0,753220.0,762603.3333333335,737563.3333333335,724906.6666666665,717536.6666666665,876710.0,877398.3333333335,869806.6666666665,864746.6666666665,860576.6666666665,0
2019-12-24,285.84815530598667,288.257816376712,285.1440740451988,287.21661376953125,265100,1,286.8258850097656,289.0292907714844,287.38749084472664,285.2172159830729,271.6504353841146,775800.0,786490.0,804840.0,738176.6666666665,871981.6666666665,285.8580322265625,289.55682373046875,289.55682373046875,281.9411315917969,289.3089294433594,287.24434814453133,288.01385498046875,288.59495849609374,289.51717529296883,291.2326965332031,288.53035583496086,288.2790832519531,287.6777252197265,287.10604553222663,287.20985412597656,287.521923828125,287.3661087036133,286.94075927734383,286.72269592285164,286.7617385864258,284.900840250651,284.62876078287763,284.30000915527336,283.81096801757815,283.52598266601564,270.89693552652994,270.0979721069336,269.22087173461915,268.37658742268883,267.6842971801758,931880.0,959420.0,935200.0,790280.0,797180.0,874400.0,888510.0,876800.0,814700.0,832620.0,818405.0,807050.0,831880.0,798620.0,766795.0,751470.0,753220.0,762603.3333333335,737563.3333333335,724906.6666666665,880430.0,876710.0,877398.3333333335,869806.6666666665,864746.6666666665,0
2019-12-26,287.8809858153838,291.58968370614275,286.43321004842943,289.7948303222656,276100,1,288.39662475585936,288.95690002441404,287.5729278564453,285.7122100830078,272.42744674682615,605460.0,697870.0,765270.0,729966.6666666665,866705.0,287.21661376953125,285.8580322265625,289.55682373046875,289.55682373046875,281.9411315917969,286.8258850097656,287.24434814453133,288.01385498046875,288.59495849609374,289.51717529296883,289.0292907714844,288.53035583496086,288.2790832519531,287.6777252197265,287.10604553222663,287.38749084472664,287.521923828125,287.3661087036133,286.94075927734383,286.72269592285164,285.2172159830729,284.900840250651,284.62876078287763,284.30000915527336,283.81096801757815,271.6504353841146,270.89693552652994,270.0979721069336,269.22087173461915,268.37658742268883,775800.0,931880.0,959420.0,935200.0,790280.0,786490.0,874400.0,888510.0,876800.0,814700.0,804840.0,818405.0,807050.0,831880.0,798620.0,738176.6666666665,751470.0,753220.0,762603.3333333335,737563.3333333335,871981.6666666665,880430.0,876710.0,877398.3333333335,869806.6666666665,1
2019-12-27,290.80632132590665,291.74835457707377,289.00154189087465,289.8642578125,455800,1,288.45811157226564,288.5265350341797,287.4556091308594,286.1593882242839,273.27190755208335,437480.0,686340.0,759475.0,730660.0,858045.0,289.7948303222656,287.21661376953125,285.8580322265625,289.55682373046875,289.55682373046875,288.39662475585936,286.8258850097656,287.24434814453133,288.01385498046875,288.59495849609374,288.95690002441404,289.0292907714844,288.53035583496086,288.2790832519531,287.6777252197265,287.5729278564453,287.38749084472664,287.521923828125,287.3661087036133,286.94075927734383,285.7122100830078,285.2172159830729,284.900840250651,284.62876078287763,284.30000915527336,272.42744674682615,271.6504353841146,270.89693552652994,270.0979721069336,269.22087173461915,605460.0,775800.0,931880.0,959420.0,935200.0,697870.0,786490.0,874400.0,888510.0,876800.0,765270.0,804840.0,818405.0,807050.0,831880.0,729966.6666666665,738176.6666666665,751470.0,753220.0,762603.3333333335,866705.0,871981.6666666665,880430.0,876710.0,877398.3333333335,1
2019-12-30,289.9634186030958,291.7979457652782,288.24788256282994,290.79638671875,451600,1,288.7060241699219,288.3599395751953,287.4358505249023,286.66204325358075,274.1055191040039,413460.0,686440.0,765010.0,728646.6666666665,854381.6666666665,289.8642578125,289.7948303222656,287.21661376953125,285.8580322265625,289.55682373046875,288.45811157226564,288.39662475585936,286.8258850097656,287.24434814453133,288.01385498046875,288.5265350341797,288.95690002441404,289.0292907714844,288.53035583496086,288.2790832519531,287.4556091308594,287.5729278564453,287.38749084472664,287.521923828125,287.3661087036133,286.1593882242839,285.7122100830078,285.2172159830729,284.900840250651,284.62876078287763,273.27190755208335,272.42744674682615,271.6504353841146,270.89693552652994,270.0979721069336,437480.0,605460.0,775800.0,931880.0,959420.0,686340.0,697870.0,786490.0,874400.0,888510.0,759475.0,765270.0,804840.0,818405.0,807050.0,730660.0,729966.6666666665,738176.6666666665,751470.0,753220.0,858045.0,866705.0,871981.6666666665,880430.0,876710.0,1
2019-12-31,290.2410840404905,293.493639281236,290.2410840404905,291.32196044921875,519000,0,289.7988098144532,288.5215789794922,287.4547393798828,287.0915181477865,274.9680086771648,393520.0,662700.0,743510.0,724963.3333333335,847921.6666666665,290.79638671875,289.8642578125,289.7948303222656,287.21661376953125,285.8580322265625,288.7060241699219,288.45811157226564,288.39662475585936,286.8258850097656,287.24434814453133,288.3599395751953,288.5265350341797,288.95690002441404,289.0292907714844,288.53035583496086,287.4358505249023,287.4556091308594,287.5729278564453,287.38749084472664,287.521923828125,286.66204325358075,286.1593882242839,285.7122100830078,285.2172159830729,284.900840250651,274.1055191040039,273.27190755208335,272.42744674682615,271.6504353841146,270.89693552652994,413460.0,437480.0,605460.0,775800.0,931880.0,686440.0,686340.0,697870.0,786490.0,874400.0,765010.0,759475.0,765270.0,804840.0,818405.0,728646.6666666665,730660.0,729966.6666666665,738176.6666666665,751470.0,854381.6666666665,858045.0,866705.0,871981.6666666665,880430.0,0
2020-01-02,291.33188080801443,292.63091767618164,289.68576632159693,290.94512939453125,500000,1,290.5445129394531,288.68519897460936,287.947526550293,287.40289204915365,275.82289810180663,440500.0,608150.0,720385.0,713913.3333333335,822715.0,291.32196044921875,290.79638671875,289.8642578125,289.7948303222656,287.21661376953125,289.7988098144532,288.7060241699219,288.45811157226564,288.39662475585936,286.8258850097656,288.5215789794922,288.3599395751953,288.5265350341797,288.95690002441404,289.0292907714844,287.4547393798828,287.4358505249023,287.4556091308594,287.5729278564453,287.38749084472664,287.0915181477865,286.66204325358075,286.1593882242839,285.7122100830078,285.2172159830729,274.9680086771648,274.1055191040039,273.27190755208335,272.42744674682615,271.6504353841146,393520.0,413460.0,437480.0,605460.0,775800.0,662700.0,686440.0,686340.0,697870.0,786490.0,743510.0,765010.0,759475.0,765270.0,804840.0,724963.3333333335,728646.6666666665,730660.0,729966.6666666665,738176.6666666665,847921.6666666665,854381.6666666665,858045.0,866705.0,871981.6666666665,1
2020-01-03,289.2791991596487,292.7895886859348,288.34706165683696,292.20452880859375,490800,0,291.02645263671883,289.71153869628904,288.40879211425784,287.71897684733074,276.5129285176596,483440.0,544450.0,679575.0,713896.6666666665,722580.0,290.94512939453125,291.32196044921875,290.79638671875,289.8642578125,289.7948303222656,290.5445129394531,289.7988098144532,288.7060241699219,288.45811157226564,288.39662475585936,288.68519897460936,288.5215789794922,288.3599395751953,288.5265350341797,288.95690002441404,287.947526550293,287.4547393798828,287.4358505249023,287.4556091308594,287.5729278564453,287.40289204915365,287.0915181477865,286.66204325358075,286.1593882242839,285.7122100830078,275.82289810180663,274.9680086771648,274.1055191040039,273.27190755208335,272.42744674682615,440500.0,393520.0,413460.0,437480.0,605460.0,608150.0,662700.0,686440.0,686340.0,697870.0,720385.0,743510.0,765010.0,759475.0,765270.0,713913.3333333335,724963.3333333335,728646.6666666665,730660.0,729966.6666666665,822715.0,847921.6666666665,854381.6666666665,858045.0,866705.0,1
2020-01-06,291.54013961986067,291.9169650504436,289.33871286530274,291.4905700683594,525400,0,291.3517150878906,289.9049133300781,288.7913192749023,287.92881062825523,277.27829488118493,497360.0,467420.0,672110.0,710393.3333333335,699531.6666666665,292.20452880859375,290.94512939453125,291.32196044921875,290.79638671875,289.8642578125,291.02645263671883,290.5445129394531,289.7988098144532,288.7060241699219,288.45811157226564,289.71153869628904,288.68519897460936,288.5215789794922,288.3599395751953,288.5265350341797,288.40879211425784,287.947526550293,287.4547393798828,287.4358505249023,287.4556091308594,287.71897684733074,287.40289204915365,287.0915181477865,286.66204325358075,286.1593882242839,276.5129285176596,275.82289810180663,274.9680086771648,274.1055191040039,273.27190755208335,483440.0,440500.0,393520.0,413460.0,437480.0,544450.0,608150.0,662700.0,686440.0,686340.0,679575.0,720385.0,743510.0,765010.0,759475.0,713896.6666666665,713913.3333333335,724963.3333333335,728646.6666666665,730660.0,722580.0,822715.0,847921.6666666665,854381.6666666665,858045.0,1
2020-01-07,289.2593726672765,290.7963917892293,288.44622630368383,289.4081115722656,501000,0,291.07406005859383,289.8900421142578,289.08456268310545,288.2074198404948,277.9004453023274,507240.0,460350.0,674430.0,691483.3333333335,690276.6666666665,291.4905700683594,292.20452880859375,290.94512939453125,291.32196044921875,290.79638671875,291.3517150878906,291.02645263671883,290.5445129394531,289.7988098144532,288.7060241699219,289.9049133300781,289.71153869628904,288.68519897460936,288.5215789794922,288.3599395751953,288.7913192749023,288.40879211425784,287.947526550293,287.4547393798828,287.4358505249023,287.92881062825523,287.71897684733074,287.40289204915365,287.0915181477865,286.66204325358075,277.27829488118493,276.5129285176596,275.82289810180663,274.9680086771648,274.1055191040039,497360.0,483440.0,440500.0,393520.0,413460.0,467420.0,544450.0,608150.0,662700.0,686440.0,672110.0,679575.0,720385.0,743510.0,765010.0,710393.3333333335,713896.6666666665,713913.3333333335,724963.3333333335,728646.6666666665,699531.6666666665,722580.0,822715.0,847921.6666666665,854381.6666666665,1
2020-01-08,288.7536093506623,289.75516834258656,286.46293959193883,288.1288757324219,543000,0,290.43544311523436,290.11712646484375,289.3237411499024,288.38699137369787,278.4514734903971,512040.0,452780.0,663590.0,696530.0,684566.6666666665,289.4081115722656,291.4905700683594,292.20452880859375,290.94512939453125,291.32196044921875,291.07406005859383,291.3517150878906,291.02645263671883,290.5445129394531,289.7988098144532,289.8900421142578,289.9049133300781,289.71153869628904,288.68519897460936,288.5215789794922,289.08456268310545,288.7913192749023,288.40879211425784,287.947526550293,287.4547393798828,288.2074198404948,287.92881062825523,287.71897684733074,287.40289204915365,287.0915181477865,277.9004453023274,277.27829488118493,276.5129285176596,275.82289810180663,274.9680086771648,507240.0,497360.0,483440.0,440500.0,393520.0,460350.0,467420.0,544450.0,608150.0,662700.0,674430.0,672110.0,679575.0,720385.0,743510.0,691483.3333333335,710393.3333333335,713896.6666666665,713913.3333333335,724963.3333333335,690276.6666666665,699531.6666666665,722580.0,822715.0,847921.6666666665,1
2020-01-09,289.84443872163985,291.20297118660295,285.3721638886608,286.4827880859375,994000,1,289.5429748535156,290.0437438964844,289.53651733398436,288.2729085286458,279.06724980672203,610840.0,525670.0,656080.0,711783.3333333335,692110.0,288.1288757324219,289.4081115722656,291.4905700683594,292.20452880859375,290.94512939453125,290.43544311523436,291.07406005859383,291.3517150878906,291.02645263671883,290.5445129394531,290.11712646484375,289.8900421142578,289.9049133300781,289.71153869628904,288.68519897460936,289.3237411499024,289.08456268310545,288.7913192749023,288.40879211425784,287.947526550293,288.38699137369787,288.2074198404948,287.92881062825523,287.71897684733074,287.40289204915365,278.4514734903971,277.9004453023274,277.27829488118493,276.5129285176596,275.82289810180663,512040.0,507240.0,497360.0,483440.0,440500.0,452780.0,460350.0,467420.0,544450.0,608150.0,663590.0,674430.0,672110.0,679575.0,720385.0,696530.0,691483.3333333335,710393.3333333335,713896.6666666665,713913.3333333335,684566.6666666665,690276.6666666665,699531.6666666665,722580.0,822715.0,1
2020-01-10,288.34706594032315,288.91230405915155,284.69786346698237,286.67120361328125,933400,0,288.4363098144531,289.73138122558595,289.344140625,288.29241231282555,279.6279543558757,699360.0,591400.0,644635.0,707313.3333333335,696420.0,286.4827880859375,288.1288757324219,289.4081115722656,291.4905700683594,292.20452880859375,289.5429748535156,290.43544311523436,291.07406005859383,291.3517150878906,291.02645263671883,290.0437438964844,290.11712646484375,289.8900421142578,289.9049133300781,289.71153869628904,289.53651733398436,289.3237411499024,289.08456268310545,288.7913192749023,288.40879211425784,288.2729085286458,288.38699137369787,288.2074198404948,287.92881062825523,287.71897684733074,279.06724980672203,278.4514734903971,277.9004453023274,277.27829488118493,276.5129285176596,610840.0,512040.0,507240.0,497360.0,483440.0,525670.0,452780.0,460350.0,467420.0,544450.0,656080.0,663590.0,674430.0,672110.0,679575.0,711783.3333333335,696530.0,691483.3333333335,710393.3333333335,713896.6666666665,692110.0,684566.6666666665,690276.6666666665,699531.6666666665,722580.0,1
2020-01-13,287.14715139681323,288.27759718724116,280.99901519885,281.6237487792969,726200,1,286.46294555664065,288.90733032226564,288.71693267822263,287.93951619466145,280.1007415771484,739520.0,618440.0,652390.0,712463.3333333335,699770.0,286.67120361328125,286.4827880859375,288.1288757324219,289.4081115722656,291.4905700683594,288.4363098144531,289.5429748535156,290.43544311523436,291.07406005859383,291.3517150878906,289.73138122558595,290.0437438964844,290.11712646484375,289.8900421142578,289.9049133300781,289.344140625,289.53651733398436,289.3237411499024,289.08456268310545,288.7913192749023,288.29241231282555,288.2729085286458,288.38699137369787,288.2074198404948,287.92881062825523,279.6279543558757,279.06724980672203,278.4514734903971,277.9004453023274,277.27829488118493,699360.0,610840.0,512040.0,507240.0,497360.0,591400.0,525670.0,452780.0,460350.0,467420.0,644635.0,656080.0,663590.0,674430.0,672110.0,707313.3333333335,711783.3333333335,696530.0,691483.3333333335,710393.3333333335,696420.0,692110.0,684566.6666666665,690276.6666666665,699531.6666666665,0
2020-01-14,281.6535595440241,288.5652437403215,281.6535595440241,282.73443603515625,783800,1,285.12821044921867,288.10113525390625,288.23053741455084,287.65761210123696,280.5839597066244,796080.0,651660.0,669050.0,727226.6666666665,704248.3333333335,281.6237487792969,286.67120361328125,286.4827880859375,288.1288757324219,289.4081115722656,286.46294555664065,288.4363098144531,289.5429748535156,290.43544311523436,291.07406005859383,288.90733032226564,289.73138122558595,290.0437438964844,290.11712646484375,289.8900421142578,288.71693267822263,289.344140625,289.53651733398436,289.3237411499024,289.08456268310545,287.93951619466145,288.29241231282555,288.2729085286458,288.38699137369787,288.2074198404948,280.1007415771484,279.6279543558757,279.06724980672203,278.4514734903971,277.9004453023274,739520.0,699360.0,610840.0,512040.0,507240.0,618440.0,591400.0,525670.0,452780.0,460350.0,652390.0,644635.0,656080.0,663590.0,674430.0,712463.3333333335,707313.3333333335,711783.3333333335,696530.0,691483.3333333335,699770.0,696420.0,692110.0,684566.6666666665,690276.6666666665,0
2020-01-15,282.5856631681196,290.1319759310742,282.4071764873,286.1555480957031,619200,0,284.733544921875,287.5844940185546,288.05303649902345,287.49799092610675,281.13656463623045,811320.0,661680.0,662190.0,716233.3333333335,704403.3333333335,282.73443603515625,281.6237487792969,286.67120361328125,286.4827880859375,288.1288757324219,285.12821044921867,286.46294555664065,288.4363098144531,289.5429748535156,290.43544311523436,288.10113525390625,288.90733032226564,289.73138122558595,290.0437438964844,290.11712646484375,288.23053741455084,288.71693267822263,289.344140625,289.53651733398436,289.3237411499024,287.65761210123696,287.93951619466145,288.29241231282555,288.2729085286458,288.38699137369787,280.5839597066244,280.1007415771484,279.6279543558757,279.06724980672203,278.4514734903971,796080.0,739520.0,699360.0,610840.0,512040.0,651660.0,618440.0,591400.0,525670.0,452780.0,669050.0,652390.0,644635.0,656080.0,663590.0,727226.6666666665,712463.3333333335,707313.3333333335,711783.3333333335,696530.0,704248.3333333335,699770.0,696420.0,692110.0,684566.6666666665,0
2020-01-16,286.8893852308705,288.4958260976532,284.54914551438264,284.9556884765625,494800,0,284.428125,286.9855499267578,287.8353744506836,287.62686767578117,281.6391591389974,711480.0,661160.0,634655.0,700643.3333333335,704323.3333333335,286.1555480957031,282.73443603515625,281.6237487792969,286.67120361328125,286.4827880859375,284.733544921875,285.12821044921867,286.46294555664065,288.4363098144531,289.5429748535156,287.5844940185546,288.10113525390625,288.90733032226564,289.73138122558595,290.0437438964844,288.05303649902345,288.23053741455084,288.71693267822263,289.344140625,289.53651733398436,287.49799092610675,287.65761210123696,287.93951619466145,288.29241231282555,288.2729085286458,281.13656463623045,280.5839597066244,280.1007415771484,279.6279543558757,279.06724980672203,811320.0,796080.0,739520.0,699360.0,610840.0,661680.0,651660.0,618440.0,591400.0,525670.0,662190.0,669050.0,652390.0,644635.0,656080.0,716233.3333333335,727226.6666666665,712463.3333333335,707313.3333333335,711783.3333333335,704403.3333333335,704248.3333333335,699770.0,696420.0,692110.0,1
2020-01-17,284.9556577924438,286.45303337697516,283.2401519893737,284.0731201171875,475900,0,283.90850830078125,286.1724090576172,287.9419738769531,287.6633310953776,282.10362701416017,619980.0,659670.0,602060.0,672940.0,706536.6666666665,284.9556884765625,286.1555480957031,282.73443603515625,281.6237487792969,286.67120361328125,284.428125,284.733544921875,285.12821044921867,286.46294555664065,288.4363098144531,286.9855499267578,287.5844940185546,288.10113525390625,288.90733032226564,289.73138122558595,287.8353744506836,288.05303649902345,288.23053741455084,288.71693267822263,289.344140625,287.62686767578117,287.49799092610675,287.65761210123696,287.93951619466145,288.29241231282555,281.6391591389974,281.13656463623045,280.5839597066244,280.1007415771484,279.6279543558757,711480.0,811320.0,796080.0,739520.0,699360.0,661160.0,661680.0,651660.0,618440.0,591400.0,634655.0,662190.0,669050.0,652390.0,644635.0,700643.3333333335,716233.3333333335,727226.6666666665,712463.3333333335,707313.3333333335,704323.3333333335,704403.3333333335,704248.3333333335,699770.0,696420.0,1
2020-01-21,284.0631979885803,284.26153670554197,279.97767462198084,282.7244873046875,625300,1,284.1286560058594,285.29580078125,287.60035705566406,287.6261464436849,282.5941004435221,599800.0,669660.0,568540.0,671293.3333333335,706588.3333333335,284.0731201171875,284.9556884765625,286.1555480957031,282.73443603515625,281.6237487792969,283.90850830078125,284.428125,284.733544921875,285.12821044921867,286.46294555664065,286.1724090576172,286.9855499267578,287.5844940185546,288.10113525390625,288.90733032226564,287.9419738769531,287.8353744506836,288.05303649902345,288.23053741455084,288.71693267822263,287.6633310953776,287.62686767578117,287.49799092610675,287.65761210123696,287.93951619466145,282.10362701416017,281.6391591389974,281.13656463623045,280.5839597066244,280.1007415771484,619980.0,711480.0,811320.0,796080.0,739520.0,659670.0,661160.0,661680.0,651660.0,618440.0,602060.0,634655.0,662190.0,669050.0,652390.0,672940.0,700643.3333333335,716233.3333333335,727226.6666666665,712463.3333333335,706536.6666666665,704323.3333333335,704403.3333333335,704248.3333333335,699770.0,1
2020-01-22,284.1326299435265,286.4034782080497,283.2203141793162,283.517822265625,456300,1,284.2853332519532,284.70677185058594,287.2984069824218,287.62529907226565,282.97246704101565,534300.0,665190.0,562770.0,671350.0,699985.0,282.7244873046875,284.0731201171875,284.9556884765625,286.1555480957031,282.73443603515625,284.1286560058594,283.90850830078125,284.428125,284.733544921875,285.12821044921867,285.29580078125,286.1724090576172,286.9855499267578,287.5844940185546,288.10113525390625,287.60035705566406,287.9419738769531,287.8353744506836,288.05303649902345,288.23053741455084,287.6261464436849,287.6633310953776,287.62686767578117,287.49799092610675,287.65761210123696,282.5941004435221,282.10362701416017,281.6391591389974,281.13656463623045,280.5839597066244,599800.0,619980.0,711480.0,811320.0,796080.0,669660.0,659670.0,661160.0,661680.0,651660.0,568540.0,602060.0,634655.0,662190.0,669050.0,671293.3333333335,672940.0,700643.3333333335,716233.3333333335,727226.6666666665,706588.3333333335,706536.6666666665,704323.3333333335,704403.3333333335,704248.3333333335,1
2020-01-23,283.1013075530061,286.59187522962026,282.11960052507783,285.6101379394531,518600,0,284.1762512207032,284.45489807128905,287.28601226806643,287.70079345703124,283.2513066609701,514180.0,662750.0,557765.0,663310.0,684685.0,283.517822265625,282.7244873046875,284.0731201171875,284.9556884765625,286.1555480957031,284.2853332519532,284.1286560058594,283.90850830078125,284.428125,284.733544921875,284.70677185058594,285.29580078125,286.1724090576172,286.9855499267578,287.5844940185546,287.2984069824218,287.60035705566406,287.9419738769531,287.8353744506836,288.05303649902345,287.62529907226565,287.6261464436849,287.6633310953776,287.62686767578117,287.49799092610675,282.97246704101565,282.5941004435221,282.10362701416017,281.6391591389974,281.13656463623045,534300.0,599800.0,619980.0,711480.0,811320.0,665190.0,669660.0,659670.0,661160.0,661680.0,562770.0,568540.0,602060.0,634655.0,662190.0,671350.0,671293.3333333335,672940.0,700643.3333333335,716233.3333333335,699985.0,706588.3333333335,706536.6666666665,704323.3333333335,704403.3333333335,1
2020-01-24,286.8298399127739,286.8298399127739,278.3117162327446,282.7145690917969,479100,0,283.72802734375,284.078076171875,287.0609100341797,287.7170369466146,283.5196507771809,511040.0,611260.0,568465.0,641140.0,682196.6666666665,285.6101379394531,283.517822265625,282.7244873046875,284.0731201171875,284.9556884765625,284.1762512207032,284.2853332519532,284.1286560058594,283.90850830078125,284.428125,284.45489807128905,284.70677185058594,285.29580078125,286.1724090576172,286.9855499267578,287.28601226806643,287.2984069824218,287.60035705566406,287.9419738769531,287.8353744506836,287.70079345703124,287.62529907226565,287.6261464436849,287.6633310953776,287.62686767578117,283.2513066609701,282.97246704101565,282.5941004435221,282.10362701416017,281.6391591389974,514180.0,534300.0,599800.0,619980.0,711480.0,662750.0,665190.0,669660.0,659670.0,661160.0,557765.0,562770.0,568540.0,602060.0,634655.0,663310.0,671350.0,671293.3333333335,672940.0,700643.3333333335,684685.0,699985.0,706588.3333333335,706536.6666666665,704323.3333333335,0
2020-01-27,279.7198207252684,284.79700705836717,278.86703087906704,280.5230712890625,756300,1,283.018017578125,283.4632629394531,286.59732208251955,287.38384806315105,283.8550313313802,567120.0,593550.0,592475.0,627606.6666666665,675473.3333333335,282.7145690917969,285.6101379394531,283.517822265625,282.7244873046875,284.0731201171875,283.72802734375,284.1762512207032,284.2853332519532,284.1286560058594,283.90850830078125,284.078076171875,284.45489807128905,284.70677185058594,285.29580078125,286.1724090576172,287.0609100341797,287.28601226806643,287.2984069824218,287.60035705566406,287.9419738769531,287.7170369466146,287.70079345703124,287.62529907226565,287.6261464436849,287.6633310953776,283.5196507771809,283.2513066609701,282.97246704101565,282.5941004435221,282.10362701416017,511040.0,514180.0,534300.0,599800.0,619980.0,611260.0,662750.0,665190.0,669660.0,659670.0,568465.0,557765.0,562770.0,568540.0,602060.0,641140.0,663310.0,671350.0,671293.3333333335,672940.0,682196.6666666665,684685.0,699985.0,706588.3333333335,706536.6666666665,1
2020-01-28,280.70157843715225,284.71768023784716,280.70157843715225,281.8022766113281,328100,1,282.8335754394531,283.48111572265617,286.19422302246096,286.97166035970054,284.0844233194987,507680.0,553740.0,586090.0,619506.6666666665,669526.6666666665,280.5230712890625,282.7145690917969,285.6101379394531,283.517822265625,282.7244873046875,283.018017578125,283.72802734375,284.1762512207032,284.2853332519532,284.1286560058594,283.4632629394531,284.078076171875,284.45489807128905,284.70677185058594,285.29580078125,286.59732208251955,287.0609100341797,287.28601226806643,287.2984069824218,287.60035705566406,287.38384806315105,287.7170369466146,287.70079345703124,287.62529907226565,287.6261464436849,283.8550313313802,283.5196507771809,283.2513066609701,282.97246704101565,282.5941004435221,567120.0,511040.0,514180.0,534300.0,599800.0,593550.0,611260.0,662750.0,665190.0,669660.0,592475.0,568465.0,557765.0,562770.0,568540.0,627606.6666666665,641140.0,663310.0,671350.0,671293.3333333335,675473.3333333335,682196.6666666665,684685.0,699985.0,706588.3333333335,1
2020-01-29,282.7145825549068,284.56893147674936,279.70993568822183,283.08148193359375,361500,0,282.7463073730469,283.5158203125,285.8084777832031,286.6589650472005,284.32326253255206,488720.0,511510.0,581585.0,616536.6666666665,663343.3333333335,281.8022766113281,280.5230712890625,282.7145690917969,285.6101379394531,283.517822265625,282.8335754394531,283.018017578125,283.72802734375,284.1762512207032,284.2853332519532,283.48111572265617,283.4632629394531,284.078076171875,284.45489807128905,284.70677185058594,286.19422302246096,286.59732208251955,287.0609100341797,287.28601226806643,287.2984069824218,286.97166035970054,287.38384806315105,287.7170369466146,287.70079345703124,287.62529907226565,284.0844233194987,283.8550313313802,283.5196507771809,283.2513066609701,282.97246704101565,507680.0,567120.0,511040.0,514180.0,534300.0,553740.0,593550.0,611260.0,662750.0,665190.0,586090.0,592475.0,568465.0,557765.0,562770.0,619506.6666666665,627606.6666666665,641140.0,663310.0,671350.0,669526.6666666665,675473.3333333335,682196.6666666665,684685.0,699985.0,1
2020-01-30,281.6436418198686,282.5658836665229,277.67710914309555,280.03720092773443,645600,0,281.6317199707031,282.9039855957032,285.24423980712885,286.33668619791666,284.55028127034507,514120.0,514150.0,587915.0,612843.3333333335,665190.0,283.08148193359375,281.8022766113281,280.5230712890625,282.7145690917969,285.6101379394531,282.7463073730469,282.8335754394531,283.018017578125,283.72802734375,284.1762512207032,283.5158203125,283.48111572265617,283.4632629394531,284.078076171875,284.45489807128905,285.8084777832031,286.19422302246096,286.59732208251955,287.0609100341797,287.28601226806643,286.6589650472005,286.97166035970054,287.38384806315105,287.7170369466146,287.70079345703124,284.32326253255206,284.0844233194987,283.8550313313802,283.5196507771809,283.2513066609701,488720.0,507680.0,567120.0,511040.0,514180.0,511510.0,553740.0,593550.0,611260.0,662750.0,581585.0,586090.0,592475.0,568465.0,557765.0,616536.6666666665,619506.6666666665,627606.6666666665,641140.0,663310.0,663343.3333333335,669526.6666666665,675473.3333333335,682196.6666666665,684685.0,1
2020-01-31,280.58258039386607,280.58258039386607,274.543508557654,279.39260864257807,738300,0,280.9673278808594,282.3476776123046,284.66661376953124,286.006142171224,284.7660624186198,565960.0,538500.0,599830.0,602603.3333333335,663755.0,280.03720092773443,283.08148193359375,281.8022766113281,280.5230712890625,282.7145690917969,281.6317199707031,282.7463073730469,282.8335754394531,283.018017578125,283.72802734375,282.9039855957032,283.5158203125,283.48111572265617,283.4632629394531,284.078076171875,285.24423980712885,285.8084777832031,286.19422302246096,286.59732208251955,287.0609100341797,286.33668619791666,286.6589650472005,286.97166035970054,287.38384806315105,287.7170369466146,284.55028127034507,284.32326253255206,284.0844233194987,283.8550313313802,283.5196507771809,514120.0,488720.0,507680.0,567120.0,511040.0,514150.0,511510.0,553740.0,593550.0,611260.0,587915.0,581585.0,586090.0,592475.0,568465.0,612843.3333333335,616536.6666666665,619506.6666666665,627606.6666666665,641140.0,665190.0,663343.3333333335,669526.6666666665,675473.3333333335,682196.6666666665,0
2020-02-03,280.146264069656,280.58258503486275,267.8202421959259,268.48464965820307,926300,1,278.5596435546875,280.78883056640626,283.4806198120117,285.5575927734375,284.6842803955078,599960.0,583540.0,621605.0,595886.6666666665,666725.0,279.39260864257807,280.03720092773443,283.08148193359375,281.8022766113281,280.5230712890625,280.9673278808594,281.6317199707031,282.7463073730469,282.8335754394531,283.018017578125,282.3476776123046,282.9039855957032,283.5158203125,283.48111572265617,283.4632629394531,284.66661376953124,285.24423980712885,285.8084777832031,286.19422302246096,286.59732208251955,286.006142171224,286.33668619791666,286.6589650472005,286.97166035970054,287.38384806315105,284.7660624186198,284.55028127034507,284.32326253255206,284.0844233194987,283.8550313313802,565960.0,514120.0,488720.0,507680.0,567120.0,538500.0,514150.0,511510.0,553740.0,593550.0,599830.0,587915.0,581585.0,586090.0,592475.0,602603.3333333335,612843.3333333335,616536.6666666665,619506.6666666665,627606.6666666665,663755.0,665190.0,663343.3333333335,669526.6666666665,675473.3333333335,1
2020-02-04,270.3687325222967,272.24293342596746,269.3770995181714,271.11245727539057,1057000,1,276.4216796875,279.62762756347655,282.46171417236326,284.9427805582682,284.62139485677085,745740.0,626710.0,648185.0,587930.0,675266.6666666665,268.48464965820307,279.39260864257807,280.03720092773443,283.08148193359375,281.8022766113281,278.5596435546875,280.9673278808594,281.6317199707031,282.7463073730469,282.8335754394531,280.78883056640626,282.3476776123046,282.9039855957032,283.5158203125,283.48111572265617,283.4806198120117,284.66661376953124,285.24423980712885,285.8084777832031,286.19422302246096,285.5575927734375,286.006142171224,286.33668619791666,286.6589650472005,286.97166035970054,284.6842803955078,284.7660624186198,284.55028127034507,284.32326253255206,284.0844233194987,599960.0,565960.0,514120.0,488720.0,507680.0,583540.0,538500.0,514150.0,511510.0,553740.0,621605.0,599830.0,587915.0,581585.0,586090.0,595886.6666666665,602603.3333333335,612843.3333333335,616536.6666666665,619506.6666666665,666725.0,663755.0,665190.0,663343.3333333335,669526.6666666665,1
2020-02-05,272.69910411081133,276.65571051926565,271.8661359333599,275.68392944335943,1080600,1,274.94216918945307,278.84423828125,281.775505065918,284.4803507486979,284.5545557657877,889560.0,689140.0,677165.0,604893.3333333335,679056.6666666665,271.11245727539057,268.48464965820307,279.39260864257807,280.03720092773443,283.08148193359375,276.4216796875,278.5596435546875,280.9673278808594,281.6317199707031,282.7463073730469,279.62762756347655,280.78883056640626,282.3476776123046,282.9039855957032,283.5158203125,282.46171417236326,283.4806198120117,284.66661376953124,285.24423980712885,285.8084777832031,284.9427805582682,285.5575927734375,286.006142171224,286.33668619791666,286.6589650472005,284.62139485677085,284.6842803955078,284.7660624186198,284.55028127034507,284.32326253255206,745740.0,599960.0,565960.0,514120.0,488720.0,626710.0,583540.0,538500.0,514150.0,511510.0,648185.0,621605.0,599830.0,587915.0,581585.0,587930.0,595886.6666666665,602603.3333333335,612843.3333333335,616536.6666666665,675266.6666666665,666725.0,663755.0,665190.0,663343.3333333335,1
2020-02-06,276.040897705491,278.3613154986046,273.0461766758636,277.0722045898437,796200,0,274.349169921875,277.9904449462891,281.222671508789,284.18748982747394,284.5441650390625,919680.0,716900.0,689825.0,610810.0,681140.0,275.68392944335943,271.11245727539057,268.48464965820307,279.39260864257807,280.03720092773443,274.94216918945307,276.4216796875,278.5596435546875,280.9673278808594,281.6317199707031,278.84423828125,279.62762756347655,280.78883056640626,282.3476776123046,282.9039855957032,281.775505065918,282.46171417236326,283.4806198120117,284.66661376953124,285.24423980712885,284.4803507486979,284.9427805582682,285.5575927734375,286.006142171224,286.33668619791666,284.5545557657877,284.62139485677085,284.6842803955078,284.7660624186198,284.55028127034507,889560.0,745740.0,599960.0,565960.0,514120.0,689140.0,626710.0,583540.0,538500.0,514150.0,677165.0,648185.0,621605.0,599830.0,587915.0,604893.3333333335,587930.0,595886.6666666665,602603.3333333335,612843.3333333335,679056.6666666665,675266.6666666665,666725.0,663755.0,665190.0,0
2020-02-07,282.0799317120776,282.0799317120776,272.0247882222556,273.204833984375,1368200,0,273.1116149902344,277.0394714355469,280.5587738037109,283.72043050130213,284.4688232421875,1045660.0,805810.0,708535.0,647580.0,692878.3333333335,277.0722045898437,275.68392944335943,271.11245727539057,268.48464965820307,279.39260864257807,274.349169921875,274.94216918945307,276.4216796875,278.5596435546875,280.9673278808594,277.9904449462891,278.84423828125,279.62762756347655,280.78883056640626,282.3476776123046,281.222671508789,281.775505065918,282.46171417236326,283.4806198120117,284.66661376953124,284.18748982747394,284.4803507486979,284.9427805582682,285.5575927734375,286.006142171224,284.5441650390625,284.5545557657877,284.62139485677085,284.6842803955078,284.7660624186198,919680.0,889560.0,745740.0,599960.0,565960.0,716900.0,689140.0,626710.0,583540.0,538500.0,689825.0,677165.0,648185.0,621605.0,599830.0,610810.0,604893.3333333335,587930.0,595886.6666666665,602603.3333333335,681140.0,679056.6666666665,675266.6666666665,666725.0,663755.0,0
