Date,Open,High,Low,Close,Volume,sgn,ma5,ma10,ma20,ma30,ma60,ma_vol5,ma_vol10,ma_vol20,ma_vol30,ma_vol60,Pre1Close,Pre2Close,Pre3Close,Pre4Close,Pre5Close,Pre1ma5,Pre2ma5,Pre3ma5,Pre4ma5,Pre5ma5,Pre1ma10,Pre2ma10,Pre3ma10,Pre4ma10,Pre5ma10,Pre1ma20,Pre2ma20,Pre3ma20,Pre4ma20,Pre5ma20,Pre1ma30,Pre2ma30,Pre3ma30,Pre4ma30,Pre5ma30,Pre1ma60,Pre2ma60,Pre3ma60,Pre4ma60,Pre5ma60,Pre1ma_vol5,Pre2ma_vol5,Pre3ma_vol5,Pre4ma_vol5,Pre5ma_vol5,Pre1ma_vol10,Pre2ma_vol10,Pre3ma_vol10,Pre4ma_vol10,Pre5ma_vol10,Pre1ma_vol20,Pre2ma_vol20,Pre3ma_vol20,Pre4ma_vol20,Pre5ma_vol20,Pre1ma_vol30,Pre2ma_vol30,Pre3ma_vol30,Pre4ma_vol30,Pre5ma_vol30,Pre1ma_vol60,Pre2ma_vol60,Pre3ma_vol60,Pre4ma_vol60,Pre5ma_vol60,predict
2018-02-09,9.316465213756015,9.378164232252328,9.02560117416148,9.281208992004396,72103600,1,9.293548583984377,9.475118064880373,9.977603530883787,10.35327221552531,10.514028882980346,90166240.0,72932310.0,71294390.0,57993153.33333334,45001633.333333336,9.193068504333496,9.483932495117188,9.483932495117188,9.02560043334961,9.439862251281738,9.325279235839844,9.411656951904297,9.448675727844238,9.501560020446778,9.656687545776368,9.549156188964844,9.625126552581786,9.713301277160644,9.793733882904053,9.925161170959473,10.079569339752195,10.180350685119631,10.268739461898805,10.360138940811158,10.476605653762816,10.402324549357097,10.457182280222575,10.501771100362141,10.547793610890707,10.611674499511716,10.533680454889934,10.552650499343873,10.567202917734782,10.58204207420349,10.605953788757324,90208100.0,83680400.0,81600960.0,64026980.0,55698380.0,70971550.0,75061160.0,74587030.0,65776320.0,61385810.0,69106325.0,68232645.0,66226760.0,60921270.0,58389515.0,56156553.33333334,54079016.66666666,52406830.0,48442383.33333334,45850130.0,44306838.333333336,43661966.66666666,42965558.333333336,41202048.333333336,40281703.333333336,1
2018-02-12,9.404605485381804,9.536816096923332,9.290022563111012,9.431047439575195,49068900,0,9.374637985229493,9.438099002838133,9.88011884689331,10.306920560201009,10.49888178507487,80628620.0,72327800.0,70898875.0,59135666.66666666,45387891.66666666,9.281208992004396,9.193068504333496,9.483932495117188,9.483932495117188,9.02560043334961,9.293548583984377,9.325279235839844,9.411656951904297,9.448675727844238,9.501560020446778,9.475118064880373,9.549156188964844,9.625126552581786,9.713301277160644,9.793733882904053,9.977603530883787,10.079569339752195,10.180350685119631,10.268739461898805,10.360138940811158,10.35327221552531,10.402324549357097,10.457182280222575,10.501771100362141,10.547793610890707,10.514028882980346,10.533680454889934,10.552650499343873,10.567202917734782,10.58204207420349,90166240.0,90208100.0,83680400.0,81600960.0,64026980.0,72932310.0,70971550.0,75061160.0,74587030.0,65776320.0,71294390.0,69106325.0,68232645.0,66226760.0,60921270.0,57993153.33333334,56156553.33333334,54079016.66666666,52406830.0,48442383.33333334,45001633.333333336,44306838.333333336,43661966.66666666,42965558.333333336,41202048.333333336,0
2018-02-13,9.369348355888109,9.422232259136402,9.281207396374977,9.334092140197754,36884500,1,9.344669914245603,9.396672821044922,9.78337779045105,10.25991776784261,10.482405503590902,60017900.0,70809430.0,70045030.0,59753066.66666666,45528611.66666666,9.431047439575195,9.281208992004396,9.193068504333496,9.483932495117188,9.483932495117188,9.374637985229493,9.293548583984377,9.325279235839844,9.411656951904297,9.448675727844238,9.438099002838133,9.475118064880373,9.549156188964844,9.625126552581786,9.713301277160644,9.88011884689331,9.977603530883787,10.079569339752195,10.180350685119631,10.268739461898805,10.306920560201009,10.35327221552531,10.402324549357097,10.457182280222575,10.501771100362141,10.49888178507487,10.514028882980346,10.533680454889934,10.552650499343873,10.567202917734782,80628620.0,90166240.0,90208100.0,83680400.0,81600960.0,72327800.0,72932310.0,70971550.0,75061160.0,74587030.0,70898875.0,71294390.0,69106325.0,68232645.0,66226760.0,59135666.66666666,57993153.33333334,56156553.33333334,54079016.66666666,52406830.0,45387891.66666666,45001633.333333336,44306838.333333336,43661966.66666666,42965558.333333336,0
2018-02-14,9.298836054968987,9.475117135893976,9.254765574594117,9.466302871704102,27844300,1,9.341143989562989,9.376400470733644,9.73281750679016,10.212447420756023,10.467559258143108,51978400.0,67829400.0,64816620.0,59988766.66666666,45521533.33333334,9.334092140197754,9.431047439575195,9.281208992004396,9.193068504333496,9.483932495117188,9.344669914245603,9.374637985229493,9.293548583984377,9.325279235839844,9.411656951904297,9.396672821044922,9.438099002838133,9.475118064880373,9.549156188964844,9.625126552581786,9.78337779045105,9.88011884689331,9.977603530883787,10.079569339752195,10.180350685119631,10.25991776784261,10.306920560201009,10.35327221552531,10.402324549357097,10.457182280222575,10.482405503590902,10.49888178507487,10.514028882980346,10.533680454889934,10.552650499343873,60017900.0,80628620.0,90166240.0,90208100.0,83680400.0,70809430.0,72327800.0,72932310.0,70971550.0,75061160.0,70045030.0,70898875.0,71294390.0,69106325.0,68232645.0,59753066.66666666,59135666.66666666,57993153.33333334,56156553.33333334,54079016.66666666,45528611.66666666,45387891.66666666,45001633.333333336,44306838.333333336,43661966.66666666,0
2018-02-15,9.519188715372936,9.519188715372936,9.378163834349936,9.483932495117188,28208300,0,9.399316787719727,9.362298011779783,9.687869930267334,10.162697219848633,10.453436946868896,42821920.0,66515010.0,62899950.0,59936856.66666666,45473043.33333334,9.466302871704102,9.334092140197754,9.431047439575195,9.281208992004396,9.193068504333496,9.341143989562989,9.344669914245603,9.374637985229493,9.293548583984377,9.325279235839844,9.376400470733644,9.396672821044922,9.438099002838133,9.475118064880373,9.549156188964844,9.73281750679016,9.78337779045105,9.88011884689331,9.977603530883787,10.079569339752195,10.212447420756023,10.25991776784261,10.306920560201009,10.35327221552531,10.402324549357097,10.467559258143108,10.482405503590902,10.49888178507487,10.514028882980346,10.533680454889934,51978400.0,60017900.0,80628620.0,90166240.0,90208100.0,67829400.0,70809430.0,72327800.0,72932310.0,70971550.0,64816620.0,70045030.0,70898875.0,71294390.0,69106325.0,59988766.66666666,59753066.66666666,59135666.66666666,57993153.33333334,56156553.33333334,45521533.33333334,45528611.66666666,45387891.66666666,45001633.333333336,44306838.333333336,1
2018-02-16,9.43104655195094,9.536815199344424,9.272394001147962,9.351719856262207,41041800,1,9.413418960571287,9.353483772277832,9.639322471618652,10.102231693267822,10.435390663146972,36609560.0,63387900.0,62386855.0,60055643.33333334,45617873.33333334,9.483932495117188,9.466302871704102,9.334092140197754,9.431047439575195,9.281208992004396,9.399316787719727,9.341143989562989,9.344669914245603,9.374637985229493,9.293548583984377,9.362298011779783,9.376400470733644,9.396672821044922,9.438099002838133,9.475118064880373,9.687869930267334,9.73281750679016,9.78337779045105,9.88011884689331,9.977603530883787,10.162697219848633,10.212447420756023,10.25991776784261,10.306920560201009,10.35327221552531,10.453436946868896,10.467559258143108,10.482405503590902,10.49888178507487,10.514028882980346,42821920.0,51978400.0,60017900.0,80628620.0,90166240.0,66515010.0,67829400.0,70809430.0,72327800.0,72932310.0,62899950.0,64816620.0,70045030.0,70898875.0,71294390.0,59936856.66666666,59988766.66666666,59753066.66666666,59135666.66666666,57993153.33333334,45473043.33333334,45521533.33333334,45528611.66666666,45387891.66666666,45001633.333333336,0
2018-02-20,9.325279943821313,9.404606656857313,9.298837986334204,9.36935043334961,27617900,0,9.401079559326172,9.387858772277832,9.590796327590944,10.036045551300047,10.417781575520833,32319360.0,56473990.0,61125155.0,59438843.33333334,45603000.0,9.351719856262207,9.483932495117188,9.466302871704102,9.334092140197754,9.431047439575195,9.413418960571287,9.399316787719727,9.341143989562989,9.344669914245603,9.374637985229493,9.353483772277832,9.362298011779783,9.376400470733644,9.396672821044922,9.438099002838133,9.639322471618652,9.687869930267334,9.73281750679016,9.78337779045105,9.88011884689331,10.102231693267822,10.162697219848633,10.212447420756023,10.25991776784261,10.306920560201009,10.435390663146972,10.453436946868896,10.467559258143108,10.482405503590902,10.49888178507487,36609560.0,42821920.0,51978400.0,60017900.0,80628620.0,63387900.0,66515010.0,67829400.0,70809430.0,72327800.0,62386855.0,62899950.0,64816620.0,70045030.0,70898875.0,60055643.33333334,59936856.66666666,59988766.66666666,59753066.66666666,59135666.66666666,45617873.33333334,45473043.33333334,45521533.33333334,45528611.66666666,45387891.66666666,0
2018-02-21,9.38697755184226,9.475118525518793,9.334093640096032,9.342907905578613,36037700,1,9.402842712402343,9.373756313323977,9.543528795242311,9.970411745707194,10.400448640187582,32150000.0,46083950.0,60335490.0,59512490.0,45600561.66666666,9.36935043334961,9.351719856262207,9.483932495117188,9.466302871704102,9.334092140197754,9.401079559326172,9.413418960571287,9.399316787719727,9.341143989562989,9.344669914245603,9.387858772277832,9.353483772277832,9.362298011779783,9.376400470733644,9.396672821044922,9.590796327590944,9.639322471618652,9.687869930267334,9.73281750679016,9.78337779045105,10.036045551300047,10.102231693267822,10.162697219848633,10.212447420756023,10.25991776784261,10.417781575520833,10.435390663146972,10.453436946868896,10.467559258143108,10.482405503590902,32319360.0,36609560.0,42821920.0,51978400.0,60017900.0,56473990.0,63387900.0,66515010.0,67829400.0,70809430.0,61125155.0,62386855.0,62899950.0,64816620.0,70045030.0,59438843.33333334,60055643.33333334,59936856.66666666,59988766.66666666,59753066.66666666,45603000.0,45617873.33333334,45473043.33333334,45521533.33333334,45528611.66666666,0
2018-02-22,9.3429084758625,9.457490571831526,9.307652252354798,9.36935043334961,25409600,1,9.383452224731446,9.362298107147216,9.493712329864502,9.90766649246216,10.383126322428383,31663060.0,41820730.0,58440945.0,59428673.33333334,45864895.0,9.342907905578613,9.36935043334961,9.351719856262207,9.483932495117188,9.466302871704102,9.402842712402343,9.401079559326172,9.413418960571287,9.399316787719727,9.341143989562989,9.373756313323977,9.387858772277832,9.353483772277832,9.362298011779783,9.376400470733644,9.543528795242311,9.590796327590944,9.639322471618652,9.687869930267334,9.73281750679016,9.970411745707194,10.036045551300047,10.102231693267822,10.162697219848633,10.212447420756023,10.400448640187582,10.417781575520833,10.435390663146972,10.453436946868896,10.467559258143108,32150000.0,32319360.0,36609560.0,42821920.0,51978400.0,46083950.0,56473990.0,63387900.0,66515010.0,67829400.0,60335490.0,61125155.0,62386855.0,62899950.0,64816620.0,59512490.0,59438843.33333334,60055643.33333334,59936856.66666666,59988766.66666666,45600561.66666666,45603000.0,45617873.33333334,45473043.33333334,45521533.33333334,1
2018-02-23,9.404605485381804,9.439861704497847,9.360535001343104,9.431047439575195,21786800,1,9.372875213623047,9.386096000671387,9.467626094818117,9.848411560058594,10.366688934961957,30378760.0,36600340.0,53785945.0,58270996.66666666,45752588.33333334,9.36935043334961,9.342907905578613,9.36935043334961,9.351719856262207,9.483932495117188,9.383452224731446,9.402842712402343,9.401079559326172,9.413418960571287,9.399316787719727,9.362298107147216,9.373756313323977,9.387858772277832,9.353483772277832,9.362298011779783,9.493712329864502,9.543528795242311,9.590796327590944,9.639322471618652,9.687869930267334,9.90766649246216,9.970411745707194,10.036045551300047,10.102231693267822,10.162697219848633,10.383126322428383,10.400448640187582,10.417781575520833,10.435390663146972,10.453436946868896,31663060.0,32150000.0,32319360.0,36609560.0,42821920.0,41820730.0,46083950.0,56473990.0,63387900.0,66515010.0,58440945.0,60335490.0,61125155.0,62386855.0,62899950.0,59428673.33333334,59512490.0,59438843.33333334,60055643.33333334,59936856.66666666,45864895.0,45600561.66666666,45603000.0,45617873.33333334,45473043.33333334,1
2018-02-26,9.46630405293674,9.651399421148335,9.43104783235237,9.598515510559082,27157800,0,9.422234344482424,9.417826652526855,9.446472358703613,9.791011238098145,10.35160895983378,27601960.0,32105760.0,52519035.0,58231513.33333334,45651896.66666666,9.431047439575195,9.36935043334961,9.342907905578613,9.36935043334961,9.351719856262207,9.372875213623047,9.383452224731446,9.402842712402343,9.401079559326172,9.413418960571287,9.386096000671387,9.362298107147216,9.373756313323977,9.387858772277832,9.353483772277832,9.467626094818117,9.493712329864502,9.543528795242311,9.590796327590944,9.639322471618652,9.848411560058594,9.90766649246216,9.970411745707194,10.036045551300047,10.102231693267822,10.366688934961957,10.383126322428383,10.400448640187582,10.417781575520833,10.435390663146972,30378760.0,31663060.0,32150000.0,32319360.0,36609560.0,36600340.0,41820730.0,46083950.0,56473990.0,63387900.0,53785945.0,58440945.0,60335490.0,61125155.0,62386855.0,58270996.66666666,59428673.33333334,59512490.0,59438843.33333334,60055643.33333334,45752588.33333334,45864895.0,45600561.66666666,45603000.0,45617873.33333334,1
2018-02-27,9.633770423219314,9.68665432662881,9.342906432743618,9.351719856262207,43502000,0,9.418708229064944,9.409893894195557,9.423996448516846,9.72337719599406,10.327397727966305,30778780.0,31549070.0,51938435.0,57782273.33333334,45295830.0,9.598515510559082,9.431047439575195,9.36935043334961,9.342907905578613,9.36935043334961,9.422234344482424,9.372875213623047,9.383452224731446,9.402842712402343,9.401079559326172,9.417826652526855,9.386096000671387,9.362298107147216,9.373756313323977,9.387858772277832,9.446472358703613,9.467626094818117,9.493712329864502,9.543528795242311,9.590796327590944,9.791011238098145,9.848411560058594,9.90766649246216,9.970411745707194,10.036045551300047,10.35160895983378,10.366688934961957,10.383126322428383,10.400448640187582,10.417781575520833,27601960.0,30378760.0,31663060.0,32150000.0,32319360.0,32105760.0,36600340.0,41820730.0,46083950.0,56473990.0,52519035.0,53785945.0,58440945.0,60335490.0,61125155.0,58231513.33333334,58270996.66666666,59428673.33333334,59512490.0,59438843.33333334,45651896.66666666,45752588.33333334,45864895.0,45600561.66666666,45603000.0,0
2018-02-28,9.413418864339272,9.510373247639674,9.31646364046438,9.351719856262207,41321400,0,9.42047061920166,9.411656665802004,9.404164743423461,9.659470748901366,10.303759988149007,31835520.0,31992760.0,51401095.0,57360940.0,45164116.66666666,9.351719856262207,9.598515510559082,9.431047439575195,9.36935043334961,9.342907905578613,9.418708229064944,9.422234344482424,9.372875213623047,9.383452224731446,9.402842712402343,9.409893894195557,9.417826652526855,9.386096000671387,9.362298107147216,9.373756313323977,9.423996448516846,9.446472358703613,9.467626094818117,9.493712329864502,9.543528795242311,9.72337719599406,9.791011238098145,9.848411560058594,9.90766649246216,9.970411745707194,10.327397727966305,10.35160895983378,10.366688934961957,10.383126322428383,10.400448640187582,30778780.0,27601960.0,30378760.0,31663060.0,32150000.0,31549070.0,32105760.0,36600340.0,41820730.0,46083950.0,51938435.0,52519035.0,53785945.0,58440945.0,60335490.0,57782273.33333334,58231513.33333334,58270996.66666666,59428673.33333334,59512490.0,45295830.0,45651896.66666666,45752588.33333334,45864895.0,45600561.66666666,0
2018-03-01,9.386977625552184,9.422233847184717,8.990344922042517,9.069671630859377,75841400,1,9.360534858703613,9.37199354171753,9.374197006225586,9.61254285176595,10.274561230341591,41921880.0,36792470.0,52310935.0,55475236.66666666,45553828.33333334,9.351719856262207,9.351719856262207,9.598515510559082,9.431047439575195,9.36935043334961,9.42047061920166,9.418708229064944,9.422234344482424,9.372875213623047,9.383452224731446,9.411656665802004,9.409893894195557,9.417826652526855,9.386096000671387,9.362298107147216,9.404164743423461,9.423996448516846,9.446472358703613,9.467626094818117,9.493712329864502,9.659470748901366,9.72337719599406,9.791011238098145,9.848411560058594,9.90766649246216,10.303759988149007,10.327397727966305,10.35160895983378,10.366688934961957,10.383126322428383,31835520.0,30778780.0,27601960.0,30378760.0,31663060.0,31992760.0,31549070.0,32105760.0,36600340.0,41820730.0,51401095.0,51938435.0,52519035.0,53785945.0,58440945.0,57360940.0,57782273.33333334,58231513.33333334,58270996.66666666,59428673.33333334,45164116.66666666,45295830.0,45651896.66666666,45752588.33333334,45864895.0,0
2018-03-02,9.025600151855217,9.184253552054573,8.937460027746882,9.166625022888184,60491900,1,9.307650375366213,9.340262794494631,9.351280403137206,9.572000885009766,10.246261517206829,49662900.0,40020830.0,53267920.0,55273576.66666666,45902711.66666666,9.069671630859377,9.351719856262207,9.351719856262207,9.598515510559082,9.431047439575195,9.360534858703613,9.42047061920166,9.418708229064944,9.422234344482424,9.372875213623047,9.37199354171753,9.411656665802004,9.409893894195557,9.417826652526855,9.386096000671387,9.374197006225586,9.404164743423461,9.423996448516846,9.446472358703613,9.467626094818117,9.61254285176595,9.659470748901366,9.72337719599406,9.791011238098145,9.848411560058594,10.274561230341591,10.303759988149007,10.327397727966305,10.35160895983378,10.366688934961957,41921880.0,31835520.0,30778780.0,27601960.0,30378760.0,36792470.0,31992760.0,31549070.0,32105760.0,36600340.0,52310935.0,51401095.0,51938435.0,52519035.0,53785945.0,55475236.66666666,57360940.0,57782273.33333334,58231513.33333334,58270996.66666666,45553828.33333334,45164116.66666666,45295830.0,45651896.66666666,45752588.33333334,0
2018-03-05,9.087299026037332,9.369348763840977,9.078484761587337,9.325278282165527,44021300,1,9.2530029296875,9.337618637084963,9.345551204681396,9.538754526774088,10.223473437627156,53035600.0,40318780.0,51853340.0,55030830.0,45877613.33333334,9.166625022888184,9.069671630859377,9.351719856262207,9.351719856262207,9.598515510559082,9.307650375366213,9.360534858703613,9.42047061920166,9.418708229064944,9.422234344482424,9.340262794494631,9.37199354171753,9.411656665802004,9.409893894195557,9.417826652526855,9.351280403137206,9.374197006225586,9.404164743423461,9.423996448516846,9.446472358703613,9.572000885009766,9.61254285176595,9.659470748901366,9.72337719599406,9.791011238098145,10.246261517206829,10.274561230341591,10.303759988149007,10.327397727966305,10.35160895983378,49662900.0,41921880.0,31835520.0,30778780.0,27601960.0,40020830.0,36792470.0,31992760.0,31549070.0,32105760.0,53267920.0,52310935.0,51401095.0,51938435.0,52519035.0,55273576.66666666,55475236.66666666,57360940.0,57782273.33333334,58231513.33333334,45902711.66666666,45553828.33333334,45164116.66666666,45295830.0,45651896.66666666,0
2018-03-06,9.386978124816123,9.413420922877904,9.228325539318801,9.36935043334961,30978900,0,9.25652904510498,9.337618637084963,9.362738704681396,9.50640376408895,10.202136739095053,50530980.0,40654880.0,48564435.0,54301730.0,45919698.33333334,9.325278282165527,9.166625022888184,9.069671630859377,9.351719856262207,9.351719856262207,9.2530029296875,9.307650375366213,9.360534858703613,9.42047061920166,9.418708229064944,9.337618637084963,9.340262794494631,9.37199354171753,9.411656665802004,9.409893894195557,9.345551204681396,9.351280403137206,9.374197006225586,9.404164743423461,9.423996448516846,9.538754526774088,9.572000885009766,9.61254285176595,9.659470748901366,9.72337719599406,10.223473437627156,10.246261517206829,10.274561230341591,10.303759988149007,10.327397727966305,53035600.0,49662900.0,41921880.0,31835520.0,30778780.0,40318780.0,40020830.0,36792470.0,31992760.0,31549070.0,51853340.0,53267920.0,52310935.0,51401095.0,51938435.0,55030830.0,55273576.66666666,55475236.66666666,57360940.0,57782273.33333334,45877613.33333334,45902711.66666666,45553828.33333334,45164116.66666666,45295830.0,0
2018-03-07,9.2635817628265,9.378164699370203,9.193069315811098,9.36935043334961,30046600,0,9.26005516052246,9.34026288986206,9.357009601593015,9.475773493448893,10.178649473190307,48276020.0,40055770.0,43069860.0,53575583.33333334,45996856.66666666,9.36935043334961,9.325278282165527,9.166625022888184,9.069671630859377,9.351719856262207,9.25652904510498,9.2530029296875,9.307650375366213,9.360534858703613,9.42047061920166,9.337618637084963,9.337618637084963,9.340262794494631,9.37199354171753,9.411656665802004,9.362738704681396,9.345551204681396,9.351280403137206,9.374197006225586,9.404164743423461,9.50640376408895,9.538754526774088,9.572000885009766,9.61254285176595,9.659470748901366,10.202136739095053,10.223473437627156,10.246261517206829,10.274561230341591,10.303759988149007,50530980.0,53035600.0,49662900.0,41921880.0,31835520.0,40654880.0,40318780.0,40020830.0,36792470.0,31992760.0,48564435.0,51853340.0,53267920.0,52310935.0,51401095.0,54301730.0,55030830.0,55273576.66666666,55475236.66666666,57360940.0,45919698.33333334,45877613.33333334,45902711.66666666,45553828.33333334,45164116.66666666,0
2018-03-08,9.386976072060033,9.413418864339272,9.237136944775648,9.351719856262207,26948000,1,9.316464805603028,9.338499832153321,9.350398969650268,9.441974830627439,10.15372142791748,38497340.0,40209610.0,41015170.0,52363833.33333334,46079625.0,9.36935043334961,9.36935043334961,9.325278282165527,9.166625022888184,9.069671630859377,9.26005516052246,9.25652904510498,9.2530029296875,9.307650375366213,9.360534858703613,9.34026288986206,9.337618637084963,9.337618637084963,9.340262794494631,9.37199354171753,9.357009601593015,9.362738704681396,9.345551204681396,9.351280403137206,9.374197006225586,9.475773493448893,9.50640376408895,9.538754526774088,9.572000885009766,9.61254285176595,10.178649473190307,10.202136739095053,10.223473437627156,10.246261517206829,10.274561230341591,48276020.0,50530980.0,53035600.0,49662900.0,41921880.0,40055770.0,40654880.0,40318780.0,40020830.0,36792470.0,43069860.0,48564435.0,51853340.0,53267920.0,52310935.0,53575583.33333334,54301730.0,55030830.0,55273576.66666666,55475236.66666666,45996856.66666666,45919698.33333334,45877613.33333334,45902711.66666666,45553828.33333334,1
2018-03-09,9.369347944924957,9.45748805999756,9.316463203421836,9.45748805999756,26684400,1,9.374637413024905,9.341143894195557,9.363619947433472,9.425465361277263,10.13098627726237,31735840.0,40699370.0,38649855.0,49423753.33333334,45787788.33333334,9.351719856262207,9.36935043334961,9.36935043334961,9.325278282165527,9.166625022888184,9.316464805603028,9.26005516052246,9.25652904510498,9.2530029296875,9.307650375366213,9.338499832153321,9.34026288986206,9.337618637084963,9.337618637084963,9.340262794494631,9.350398969650268,9.357009601593015,9.362738704681396,9.345551204681396,9.351280403137206,9.441974830627439,9.475773493448893,9.50640376408895,9.538754526774088,9.572000885009766,10.15372142791748,10.178649473190307,10.202136739095053,10.223473437627156,10.246261517206829,38497340.0,48276020.0,50530980.0,53035600.0,49662900.0,40209610.0,40055770.0,40654880.0,40318780.0,40020830.0,41015170.0,43069860.0,48564435.0,51853340.0,53267920.0,52363833.33333334,53575583.33333334,54301730.0,55030830.0,55273576.66666666,46079625.0,45996856.66666666,45919698.33333334,45877613.33333334,45902711.66666666,0
2018-03-12,9.422233240293082,9.563258958314297,9.413419815883596,9.528002738952637,33800900,0,9.415182304382324,9.334092617034912,9.375959634780882,9.409012444814046,10.109139649073283,29691760.0,41363680.0,36734720.0,48800583.33333334,45444960.0,9.45748805999756,9.351719856262207,9.36935043334961,9.36935043334961,9.325278282165527,9.374637413024905,9.316464805603028,9.26005516052246,9.25652904510498,9.2530029296875,9.341143894195557,9.338499832153321,9.34026288986206,9.337618637084963,9.337618637084963,9.363619947433472,9.350398969650268,9.357009601593015,9.362738704681396,9.345551204681396,9.425465361277263,9.441974830627439,9.475773493448893,9.50640376408895,9.538754526774088,10.13098627726237,10.15372142791748,10.178649473190307,10.202136739095053,10.223473437627156,31735840.0,38497340.0,48276020.0,50530980.0,53035600.0,40699370.0,40209610.0,40055770.0,40654880.0,40318780.0,38649855.0,41015170.0,43069860.0,48564435.0,51853340.0,49423753.33333334,52363833.33333334,53575583.33333334,54301730.0,55030830.0,45787788.33333334,46079625.0,45996856.66666666,45919698.33333334,45877613.33333334,1
2018-03-13,9.554444961998524,9.677841312946915,9.457489725596671,9.50156021118164,44456800,1,9.44162425994873,9.349076652526856,9.379485273361206,9.399023183186848,10.08642218907674,32387340.0,41459160.0,36504115.0,48445343.33333334,45654923.33333334,9.528002738952637,9.45748805999756,9.351719856262207,9.36935043334961,9.36935043334961,9.415182304382324,9.374637413024905,9.316464805603028,9.26005516052246,9.25652904510498,9.334092617034912,9.341143894195557,9.338499832153321,9.34026288986206,9.337618637084963,9.375959634780882,9.363619947433472,9.350398969650268,9.357009601593015,9.362738704681396,9.409012444814046,9.425465361277263,9.441974830627439,9.475773493448893,9.50640376408895,10.109139649073283,10.13098627726237,10.15372142791748,10.178649473190307,10.202136739095053,29691760.0,31735840.0,38497340.0,48276020.0,50530980.0,41363680.0,40699370.0,40209610.0,40055770.0,40654880.0,36734720.0,38649855.0,41015170.0,43069860.0,48564435.0,48800583.33333334,49423753.33333334,52363833.33333334,53575583.33333334,54301730.0,45444960.0,45787788.33333334,46079625.0,45996856.66666666,45919698.33333334,1
2018-03-14,9.915820612483893,10.083287435197494,9.704283307822122,9.71309757232666,91985300,1,9.51037368774414,9.3852144241333,9.39843554496765,9.397847970326742,10.06966765721639,44775080.0,46525550.0,39259155.0,49775913.33333334,46570111.66666666,9.50156021118164,9.528002738952637,9.45748805999756,9.351719856262207,9.36935043334961,9.44162425994873,9.415182304382324,9.374637413024905,9.316464805603028,9.26005516052246,9.349076652526856,9.334092617034912,9.341143894195557,9.338499832153321,9.34026288986206,9.379485273361206,9.375959634780882,9.363619947433472,9.350398969650268,9.357009601593015,9.399023183186848,9.409012444814046,9.425465361277263,9.441974830627439,9.475773493448893,10.08642218907674,10.109139649073283,10.13098627726237,10.15372142791748,10.178649473190307,32387340.0,29691760.0,31735840.0,38497340.0,48276020.0,41459160.0,41363680.0,40699370.0,40209610.0,40055770.0,36504115.0,36734720.0,38649855.0,41015170.0,43069860.0,48445343.33333334,48800583.33333334,49423753.33333334,52363833.33333334,53575583.33333334,45654923.33333334,45444960.0,45787788.33333334,46079625.0,45996856.66666666,1
2018-03-15,9.739540126639126,9.915821224741844,9.651399157300476,9.75716781616211,47645300,1,9.591463279724119,9.453964042663577,9.412978792190552,9.400786018371582,10.051927169164024,48914540.0,43705940.0,40249205.0,49442603.33333334,46553275.0,9.71309757232666,9.50156021118164,9.528002738952637,9.45748805999756,9.351719856262207,9.51037368774414,9.44162425994873,9.415182304382324,9.374637413024905,9.316464805603028,9.3852144241333,9.349076652526856,9.334092617034912,9.341143894195557,9.338499832153321,9.39843554496765,9.379485273361206,9.375959634780882,9.363619947433472,9.350398969650268,9.397847970326742,9.399023183186848,9.409012444814046,9.425465361277263,9.441974830627439,10.06966765721639,10.08642218907674,10.109139649073283,10.13098627726237,10.15372142791748,44775080.0,32387340.0,29691760.0,31735840.0,38497340.0,46525550.0,41459160.0,41363680.0,40699370.0,40209610.0,39259155.0,36504115.0,36734720.0,38649855.0,41015170.0,49775913.33333334,48445343.33333334,48800583.33333334,49423753.33333334,52363833.33333334,46570111.66666666,45654923.33333334,45444960.0,45787788.33333334,46079625.0,0
2018-03-16,9.801238632302542,9.88937960462206,9.748354721370523,9.827680587768556,80684200,0,9.66550178527832,9.520069599151613,9.43016619682312,9.407543468475344,10.034214957555132,59714500.0,45725170.0,42873000.0,50753670.0,47480966.66666666,9.75716781616211,9.71309757232666,9.50156021118164,9.528002738952637,9.45748805999756,9.591463279724119,9.51037368774414,9.44162425994873,9.415182304382324,9.374637413024905,9.453964042663577,9.3852144241333,9.349076652526856,9.334092617034912,9.341143894195557,9.412978792190552,9.39843554496765,9.379485273361206,9.375959634780882,9.363619947433472,9.400786018371582,9.397847970326742,9.399023183186848,9.409012444814046,9.425465361277263,10.051927169164024,10.06966765721639,10.08642218907674,10.109139649073283,10.13098627726237,48914540.0,44775080.0,32387340.0,29691760.0,31735840.0,43705940.0,46525550.0,41459160.0,41363680.0,40699370.0,40249205.0,39259155.0,36504115.0,36734720.0,38649855.0,49442603.33333334,49775913.33333334,48445343.33333334,48800583.33333334,49423753.33333334,46553275.0,46570111.66666666,45654923.33333334,45444960.0,45787788.33333334,1
2018-03-19,9.827681026029344,9.845309557509227,9.580887469333511,9.70428466796875,63122500,0,9.700758171081542,9.557970237731931,9.447794437408447,9.416357549031575,10.014016024271648,65578820.0,47635290.0,43977035.0,50447323.33333334,48148726.66666666,9.827680587768556,9.75716781616211,9.71309757232666,9.50156021118164,9.528002738952637,9.66550178527832,9.591463279724119,9.51037368774414,9.44162425994873,9.415182304382324,9.520069599151613,9.453964042663577,9.3852144241333,9.349076652526856,9.334092617034912,9.43016619682312,9.412978792190552,9.39843554496765,9.379485273361206,9.375959634780882,9.407543468475344,9.400786018371582,9.397847970326742,9.399023183186848,9.409012444814046,10.034214957555132,10.051927169164024,10.06966765721639,10.08642218907674,10.109139649073283,59714500.0,48914540.0,44775080.0,32387340.0,29691760.0,45725170.0,43705940.0,46525550.0,41459160.0,41363680.0,42873000.0,40249205.0,39259155.0,36504115.0,36734720.0,50753670.0,49442603.33333334,49775913.33333334,48445343.33333334,48800583.33333334,47480966.66666666,46553275.0,46570111.66666666,45654923.33333334,45444960.0,1
2018-03-20,9.739537874697314,9.810050297634763,9.669025451759863,9.686653137207033,45612800,1,9.73777675628662,9.589700508117676,9.46365957260132,9.438392639160156,9.993093125025432,65810020.0,49098680.0,44876780.0,48742516.66666666,48592450.0,9.70428466796875,9.827680587768556,9.75716781616211,9.71309757232666,9.50156021118164,9.700758171081542,9.66550178527832,9.591463279724119,9.51037368774414,9.44162425994873,9.557970237731931,9.520069599151613,9.453964042663577,9.3852144241333,9.349076652526856,9.447794437408447,9.43016619682312,9.412978792190552,9.39843554496765,9.379485273361206,9.416357549031575,9.407543468475344,9.400786018371582,9.397847970326742,9.399023183186848,10.014016024271648,10.034214957555132,10.051927169164024,10.06966765721639,10.08642218907674,65578820.0,59714500.0,48914540.0,44775080.0,32387340.0,47635290.0,45725170.0,43705940.0,46525550.0,41459160.0,43977035.0,42873000.0,40249205.0,39259155.0,36504115.0,50447323.33333334,50753670.0,49442603.33333334,49775913.33333334,48445343.33333334,48148726.66666666,47480966.66666666,46553275.0,46570111.66666666,45654923.33333334,1
2018-03-21,9.695467486838009,9.86293428266702,9.633769326360117,9.783608436584473,38551000,0,9.751878929138183,9.631126308441162,9.485694599151609,9.448381837209066,9.975076468785604,55123160.0,49949120.0,45002445.0,45362946.66666666,48884888.33333334,9.686653137207033,9.70428466796875,9.827680587768556,9.75716781616211,9.71309757232666,9.73777675628662,9.700758171081542,9.66550178527832,9.591463279724119,9.51037368774414,9.589700508117676,9.557970237731931,9.520069599151613,9.453964042663577,9.3852144241333,9.46365957260132,9.447794437408447,9.43016619682312,9.412978792190552,9.39843554496765,9.438392639160156,9.416357549031575,9.407543468475344,9.400786018371582,9.397847970326742,9.993093125025432,10.014016024271648,10.034214957555132,10.051927169164024,10.06966765721639,65810020.0,65578820.0,59714500.0,48914540.0,44775080.0,49098680.0,47635290.0,45725170.0,43705940.0,46525550.0,44876780.0,43977035.0,42873000.0,40249205.0,39259155.0,48742516.66666666,50447323.33333334,50753670.0,49442603.33333334,49775913.33333334,48592450.0,48148726.66666666,47480966.66666666,46553275.0,46570111.66666666,1
2018-03-22,9.695470233296241,9.748354986239784,9.457490105912235,9.475118637084961,51280900,0,9.695469093322751,9.643466186523435,9.49098300933838,9.448088041941325,9.95263516108195,55850280.0,52382410.0,46296010.0,44804250.0,49441633.33333334,9.783608436584473,9.686653137207033,9.70428466796875,9.827680587768556,9.75716781616211,9.751878929138183,9.73777675628662,9.700758171081542,9.66550178527832,9.591463279724119,9.631126308441162,9.589700508117676,9.557970237731931,9.520069599151613,9.453964042663577,9.485694599151609,9.46365957260132,9.447794437408447,9.43016619682312,9.412978792190552,9.448381837209066,9.438392639160156,9.416357549031575,9.407543468475344,9.400786018371582,9.975076468785604,9.993093125025432,10.014016024271648,10.034214957555132,10.051927169164024,55123160.0,65810020.0,65578820.0,59714500.0,48914540.0,49949120.0,49098680.0,47635290.0,45725170.0,43705940.0,45002445.0,44876780.0,43977035.0,42873000.0,40249205.0,45362946.66666666,48742516.66666666,50447323.33333334,50753670.0,49442603.33333334,48884888.33333334,48592450.0,48148726.66666666,47480966.66666666,46553275.0,0
2018-03-23,9.51037457884524,9.528003109498936,9.26358103371576,9.30765151977539,39950900,1,9.591463279724119,9.62848253250122,9.484813213348387,9.451907475789387,9.927116012573242,47703620.0,53709060.0,47204215.0,43669590.0,49913071.66666666,9.475118637084961,9.783608436584473,9.686653137207033,9.70428466796875,9.827680587768556,9.695469093322751,9.751878929138183,9.73777675628662,9.700758171081542,9.66550178527832,9.643466186523435,9.631126308441162,9.589700508117676,9.557970237731931,9.520069599151613,9.49098300933838,9.485694599151609,9.46365957260132,9.447794437408447,9.43016619682312,9.448088041941325,9.448381837209066,9.438392639160156,9.416357549031575,9.407543468475344,9.95263516108195,9.975076468785604,9.993093125025432,10.014016024271648,10.034214957555132,55850280.0,55123160.0,65810020.0,65578820.0,59714500.0,52382410.0,49949120.0,49098680.0,47635290.0,45725170.0,46296010.0,45002445.0,44876780.0,43977035.0,42873000.0,44804250.0,45362946.66666666,48742516.66666666,50447323.33333334,50753670.0,49441633.33333334,48884888.33333334,48592450.0,48148726.66666666,47480966.66666666,1
2018-03-26,9.4663046968371,9.580887631673914,9.41342078265067,9.545631408691406,52325500,0,9.559732627868652,9.630245399475095,9.482169008255005,9.460721556345623,9.906996885935463,45544220.0,55561520.0,48462600.0,43010320.0,50501736.66666666,9.30765151977539,9.475118637084961,9.783608436584473,9.686653137207033,9.70428466796875,9.591463279724119,9.695469093322751,9.751878929138183,9.73777675628662,9.700758171081542,9.62848253250122,9.643466186523435,9.631126308441162,9.589700508117676,9.557970237731931,9.484813213348387,9.49098300933838,9.485694599151609,9.46365957260132,9.447794437408447,9.451907475789387,9.448088041941325,9.448381837209066,9.438392639160156,9.416357549031575,9.927116012573242,9.95263516108195,9.975076468785604,9.993093125025432,10.014016024271648,47703620.0,55850280.0,55123160.0,65810020.0,65578820.0,53709060.0,52382410.0,49949120.0,49098680.0,47635290.0,47204215.0,46296010.0,45002445.0,44876780.0,43977035.0,43669590.0,44804250.0,45362946.66666666,48742516.66666666,50447323.33333334,49913071.66666666,49441633.33333334,48884888.33333334,48592450.0,48148726.66666666,0
2018-03-27,9.56325994046999,9.624958120545713,9.448677005633176,9.545631408691406,40677300,1,9.531528282165528,9.634652519226076,9.491864585876462,9.464541021982829,9.88573079109192,44557120.0,55183570.0,48321365.0,42730600.0,50933133.33333334,9.545631408691406,9.30765151977539,9.475118637084961,9.783608436584473,9.686653137207033,9.559732627868652,9.591463279724119,9.695469093322751,9.751878929138183,9.73777675628662,9.630245399475095,9.62848253250122,9.643466186523435,9.631126308441162,9.589700508117676,9.482169008255005,9.484813213348387,9.49098300933838,9.485694599151609,9.46365957260132,9.460721556345623,9.451907475789387,9.448088041941325,9.448381837209066,9.438392639160156,9.906996885935463,9.927116012573242,9.95263516108195,9.975076468785604,9.993093125025432,45544220.0,47703620.0,55850280.0,55123160.0,65810020.0,55561520.0,53709060.0,52382410.0,49949120.0,49098680.0,48462600.0,47204215.0,46296010.0,45002445.0,44876780.0,43010320.0,43669590.0,44804250.0,45362946.66666666,48742516.66666666,50501736.66666666,49913071.66666666,49441633.33333334,48884888.33333334,48592450.0,0
2018-03-28,9.545630075712985,9.651398729890674,9.457489110277637,9.57207202911377,42263700,1,9.489221000671387,9.620549964904788,9.502882194519042,9.472473684946696,9.866195726394654,45299660.0,50211410.0,48368480.0,42909906.66666666,51331486.66666666,9.545631408691406,9.545631408691406,9.30765151977539,9.475118637084961,9.783608436584473,9.531528282165528,9.559732627868652,9.591463279724119,9.695469093322751,9.751878929138183,9.634652519226076,9.630245399475095,9.62848253250122,9.643466186523435,9.631126308441162,9.491864585876462,9.482169008255005,9.484813213348387,9.49098300933838,9.485694599151609,9.464541021982829,9.460721556345623,9.451907475789387,9.448088041941325,9.448381837209066,9.88573079109192,9.906996885935463,9.927116012573242,9.95263516108195,9.975076468785604,44557120.0,45544220.0,47703620.0,55850280.0,55123160.0,55183570.0,55561520.0,53709060.0,52382410.0,49949120.0,48321365.0,48462600.0,47204215.0,46296010.0,45002445.0,42730600.0,43010320.0,43669590.0,44804250.0,45362946.66666666,50933133.33333334,50501736.66666666,49913071.66666666,49441633.33333334,48884888.33333334,1
2018-03-29,9.633770125507485,9.81005119904902,9.624955861686793,9.76598072052002,39864000,0,9.547393417358398,9.621431255340577,9.537697649002077,9.482462946573893,9.847455183664957,43016280.0,49433280.0,46569610.0,43310563.333333336,51649665.0,9.57207202911377,9.545631408691406,9.545631408691406,9.30765151977539,9.475118637084961,9.489221000671387,9.531528282165528,9.559732627868652,9.591463279724119,9.695469093322751,9.620549964904788,9.634652519226076,9.630245399475095,9.62848253250122,9.643466186523435,9.502882194519042,9.491864585876462,9.482169008255005,9.484813213348387,9.49098300933838,9.472473684946696,9.464541021982829,9.460721556345623,9.451907475789387,9.448088041941325,9.866195726394654,9.88573079109192,9.906996885935463,9.927116012573242,9.95263516108195,45299660.0,44557120.0,45544220.0,47703620.0,55850280.0,50211410.0,55183570.0,55561520.0,53709060.0,52382410.0,48368480.0,48321365.0,48462600.0,47204215.0,46296010.0,42909906.66666666,42730600.0,43010320.0,43669590.0,44804250.0,51331486.66666666,50933133.33333334,50501736.66666666,49913071.66666666,49441633.33333334,1
2018-04-02,9.748353959984463,9.774795913385251,9.431047156876847,9.57207202911377,43598100,1,9.600277519226074,9.595870399475098,9.557969999313354,9.485400931040447,9.824049075444538,43745720.0,45724670.0,45724920.0,43823556.66666666,51880206.66666666,9.76598072052002,9.57207202911377,9.545631408691406,9.545631408691406,9.30765151977539,9.547393417358398,9.489221000671387,9.531528282165528,9.559732627868652,9.591463279724119,9.621431255340577,9.620549964904788,9.634652519226076,9.630245399475095,9.62848253250122,9.537697649002077,9.502882194519042,9.491864585876462,9.482169008255005,9.484813213348387,9.482462946573893,9.472473684946696,9.464541021982829,9.460721556345623,9.451907475789387,9.847455183664957,9.866195726394654,9.88573079109192,9.906996885935463,9.927116012573242,43016280.0,45299660.0,44557120.0,45544220.0,47703620.0,49433280.0,50211410.0,55183570.0,55561520.0,53709060.0,46569610.0,48368480.0,48321365.0,48462600.0,47204215.0,43310563.333333336,42909906.66666666,42730600.0,43010320.0,43669590.0,51649665.0,51331486.66666666,50933133.33333334,50501736.66666666,49913071.66666666,1
2018-04-03,9.704284235210762,9.854123383809174,9.607328997544377,9.827680587768556,42523900,1,9.656687355041504,9.608209991455078,9.583090114593508,9.501266288757325,9.801748991012571,41785400.0,43664810.0,45650050.0,43872960.0,51964301.66666666,9.57207202911377,9.76598072052002,9.57207202911377,9.545631408691406,9.545631408691406,9.600277519226074,9.547393417358398,9.489221000671387,9.531528282165528,9.559732627868652,9.595870399475098,9.621431255340577,9.620549964904788,9.634652519226076,9.630245399475095,9.557969999313354,9.537697649002077,9.502882194519042,9.491864585876462,9.482169008255005,9.485400931040447,9.482462946573893,9.472473684946696,9.464541021982829,9.460721556345623,9.824049075444538,9.847455183664957,9.866195726394654,9.88573079109192,9.906996885935463,43745720.0,43016280.0,45299660.0,44557120.0,45544220.0,45724670.0,49433280.0,50211410.0,55183570.0,55561520.0,45724920.0,46569610.0,48368480.0,48321365.0,48462600.0,43823556.66666666,43310563.333333336,42909906.66666666,42730600.0,43010320.0,51880206.66666666,51649665.0,51331486.66666666,50933133.33333334,50501736.66666666,1
2018-04-04,9.580886893689971,10.01277580210238,9.519188718366657,9.986333847045898,44834600,1,9.744827842712402,9.638178062438962,9.61393928527832,9.521832402547199,9.778938976923623,42616860.0,43586990.0,46342835.0,44446850.0,51942846.66666666,9.827680587768556,9.57207202911377,9.76598072052002,9.57207202911377,9.545631408691406,9.656687355041504,9.600277519226074,9.547393417358398,9.489221000671387,9.531528282165528,9.608209991455078,9.595870399475098,9.621431255340577,9.620549964904788,9.634652519226076,9.583090114593508,9.557969999313354,9.537697649002077,9.502882194519042,9.491864585876462,9.501266288757325,9.485400931040447,9.482462946573893,9.472473684946696,9.464541021982829,9.801748991012571,9.824049075444538,9.847455183664957,9.866195726394654,9.88573079109192,41785400.0,43745720.0,43016280.0,45299660.0,44557120.0,43664810.0,45724670.0,49433280.0,50211410.0,55183570.0,45650050.0,45724920.0,46569610.0,48368480.0,48321365.0,43872960.0,43823556.66666666,43310563.333333336,42909906.66666666,42730600.0,51964301.66666666,51880206.66666666,51649665.0,51331486.66666666,50933133.33333334,1
2018-04-05,9.99514825145156,10.030404472209383,9.898193013936584,10.003962516784668,28755600,0,9.831205940246582,9.660213470458984,9.645669889450073,9.54386755625407,9.757139650980632,39915240.0,42607450.0,46278285.0,44204113.333333336,51858301.66666666,9.986333847045898,9.827680587768556,9.57207202911377,9.76598072052002,9.57207202911377,9.744827842712402,9.656687355041504,9.600277519226074,9.547393417358398,9.489221000671387,9.638178062438962,9.608209991455078,9.595870399475098,9.621431255340577,9.620549964904788,9.61393928527832,9.583090114593508,9.557969999313354,9.537697649002077,9.502882194519042,9.521832402547199,9.501266288757325,9.485400931040447,9.482462946573893,9.472473684946696,9.778938976923623,9.801748991012571,9.824049075444538,9.847455183664957,9.866195726394654,42616860.0,41785400.0,43745720.0,43016280.0,45299660.0,43586990.0,43664810.0,45724670.0,49433280.0,50211410.0,46342835.0,45650050.0,45724920.0,46569610.0,48368480.0,44446850.0,43872960.0,43823556.66666666,43310563.333333336,42909906.66666666,51942846.66666666,51964301.66666666,51880206.66666666,51649665.0,51331486.66666666,1
2018-04-06,9.942263244884922,10.003962260058726,9.75716788051268,9.85412311553955,31920700,1,9.848834419250489,9.698113918304443,9.67079005241394,9.5600266456604,9.73384656906128,38326580.0,40671430.0,46526920.0,44421150.0,51924911.66666666,10.003962516784668,9.986333847045898,9.827680587768556,9.57207202911377,9.76598072052002,9.831205940246582,9.744827842712402,9.656687355041504,9.600277519226074,9.547393417358398,9.660213470458984,9.638178062438962,9.608209991455078,9.595870399475098,9.621431255340577,9.645669889450073,9.61393928527832,9.583090114593508,9.557969999313354,9.537697649002077,9.54386755625407,9.521832402547199,9.501266288757325,9.485400931040447,9.482462946573893,9.757139650980632,9.778938976923623,9.801748991012571,9.824049075444538,9.847455183664957,39915240.0,42616860.0,41785400.0,43745720.0,43016280.0,42607450.0,43586990.0,43664810.0,45724670.0,49433280.0,46278285.0,46342835.0,45650050.0,45724920.0,46569610.0,44204113.333333336,44446850.0,43872960.0,43823556.66666666,43310563.333333336,51858301.66666666,51942846.66666666,51964301.66666666,51880206.66666666,51649665.0,1
2018-04-09,9.915821075439453,10.03040399762459,9.871750591433695,9.915821075439453,36462700,1,9.917584228515627,9.758930873870847,9.693706703186033,9.576185766855877,9.712298663457236,36899500.0,40322610.0,47015835.0,44910346.66666666,51590671.66666666,9.85412311553955,10.003962516784668,9.986333847045898,9.827680587768556,9.57207202911377,9.848834419250489,9.831205940246582,9.744827842712402,9.656687355041504,9.600277519226074,9.698113918304443,9.660213470458984,9.638178062438962,9.608209991455078,9.595870399475098,9.67079005241394,9.645669889450073,9.61393928527832,9.583090114593508,9.557969999313354,9.5600266456604,9.54386755625407,9.521832402547199,9.501266288757325,9.485400931040447,9.73384656906128,9.757139650980632,9.778938976923623,9.801748991012571,9.824049075444538,38326580.0,39915240.0,42616860.0,41785400.0,43745720.0,40671430.0,42607450.0,43586990.0,43664810.0,45724670.0,46526920.0,46278285.0,46342835.0,45650050.0,45724920.0,44421150.0,44204113.333333336,44446850.0,43872960.0,43823556.66666666,51924911.66666666,51858301.66666666,51942846.66666666,51964301.66666666,51880206.66666666,1
2018-04-10,10.083287785970086,10.180243017743793,10.056845832111144,10.09210205078125,43144300,0,9.970468521118164,9.813577938079836,9.721911668777468,9.592638651529947,9.691824944814046,37023580.0,39404490.0,47483005.0,45443230.0,51837371.66666666,9.915821075439453,9.85412311553955,10.003962516784668,9.986333847045898,9.827680587768556,9.917584228515627,9.848834419250489,9.831205940246582,9.744827842712402,9.656687355041504,9.758930873870847,9.698113918304443,9.660213470458984,9.638178062438962,9.608209991455078,9.693706703186033,9.67079005241394,9.645669889450073,9.61393928527832,9.583090114593508,9.576185766855877,9.5600266456604,9.54386755625407,9.521832402547199,9.501266288757325,9.712298663457236,9.73384656906128,9.757139650980632,9.778938976923623,9.801748991012571,36899500.0,38326580.0,39915240.0,42616860.0,41785400.0,40322610.0,40671430.0,42607450.0,43586990.0,43664810.0,47015835.0,46526920.0,46278285.0,46342835.0,45650050.0,44910346.66666666,44421150.0,44204113.333333336,44446850.0,43872960.0,51590671.66666666,51924911.66666666,51858301.66666666,51942846.66666666,51964301.66666666,0
2018-04-11,10.030403851353707,10.127358242292855,9.959891414202593,10.074474334716797,32979000,0,9.988096618652344,9.866462230682373,9.750557374954225,9.616730467478435,9.670053831736247,34652460.0,38634660.0,46909115.0,45092463.33333334,51437368.33333334,10.09210205078125,9.915821075439453,9.85412311553955,10.003962516784668,9.986333847045898,9.970468521118164,9.917584228515627,9.848834419250489,9.831205940246582,9.744827842712402,9.813577938079836,9.758930873870847,9.698113918304443,9.660213470458984,9.638178062438962,9.721911668777468,9.693706703186033,9.67079005241394,9.645669889450073,9.61393928527832,9.592638651529947,9.576185766855877,9.5600266456604,9.54386755625407,9.521832402547199,9.691824944814046,9.712298663457236,9.73384656906128,9.757139650980632,9.778938976923623,37023580.0,36899500.0,38326580.0,39915240.0,42616860.0,39404490.0,40322610.0,40671430.0,42607450.0,43586990.0,47483005.0,47015835.0,46526920.0,46278285.0,46342835.0,45443230.0,44910346.66666666,44421150.0,44204113.333333336,44446850.0,51837371.66666666,51590671.66666666,51924911.66666666,51858301.66666666,51942846.66666666,1
2018-04-12,10.136172966664825,10.171429186838935,9.91582138043298,9.968706130981444,47133700,0,9.981045341491699,9.90612564086914,9.763337802886962,9.637296676635742,9.648383712768554,38328080.0,39121660.0,44666535.0,45286206.66666666,51323573.33333334,10.074474334716797,10.09210205078125,9.915821075439453,9.85412311553955,10.003962516784668,9.988096618652344,9.970468521118164,9.917584228515627,9.848834419250489,9.831205940246582,9.866462230682373,9.813577938079836,9.758930873870847,9.698113918304443,9.660213470458984,9.750557374954225,9.721911668777468,9.693706703186033,9.67079005241394,9.645669889450073,9.616730467478435,9.592638651529947,9.576185766855877,9.5600266456604,9.54386755625407,9.670053831736247,9.691824944814046,9.712298663457236,9.73384656906128,9.757139650980632,34652460.0,37023580.0,36899500.0,38326580.0,39915240.0,38634660.0,39404490.0,40322610.0,40671430.0,42607450.0,46909115.0,47483005.0,47015835.0,46526920.0,46278285.0,45092463.33333334,45443230.0,44910346.66666666,44421150.0,44204113.333333336,51437368.33333334,51837371.66666666,51590671.66666666,51924911.66666666,51858301.66666666,1
2018-04-13,10.003961661015362,10.039217878757263,9.898192167215123,9.942262649536133,34598800,1,9.998673248291016,9.923753833770752,9.772592544555664,9.666383043924967,9.63946294784546,38863700.0,38595140.0,44014210.0,43911453.333333336,49693345.0,9.968706130981444,10.074474334716797,10.09210205078125,9.915821075439453,9.85412311553955,9.981045341491699,9.988096618652344,9.970468521118164,9.917584228515627,9.848834419250489,9.90612564086914,9.866462230682373,9.813577938079836,9.758930873870847,9.698113918304443,9.763337802886962,9.750557374954225,9.721911668777468,9.693706703186033,9.67079005241394,9.637296676635742,9.616730467478435,9.592638651529947,9.576185766855877,9.5600266456604,9.648383712768554,9.670053831736247,9.691824944814046,9.712298663457236,9.73384656906128,38328080.0,34652460.0,37023580.0,36899500.0,38326580.0,39121660.0,38634660.0,39404490.0,40322610.0,40671430.0,44666535.0,46909115.0,47483005.0,47015835.0,46526920.0,45286206.66666666,45092463.33333334,45443230.0,44910346.66666666,44421150.0,51323573.33333334,51437368.33333334,51837371.66666666,51590671.66666666,51924911.66666666,1
2018-04-16,10.012775560885318,10.092102264718296,9.933449697626914,10.030404090881348,32803300,0,10.021589851379394,9.969587039947507,9.782728719711304,9.69517567952474,9.633588282267253,38131820.0,37515660.0,41620165.0,42988500.0,49131038.33333334,9.942262649536133,9.968706130981444,10.074474334716797,10.09210205078125,9.915821075439453,9.998673248291016,9.981045341491699,9.988096618652344,9.970468521118164,9.917584228515627,9.923753833770752,9.90612564086914,9.866462230682373,9.813577938079836,9.758930873870847,9.772592544555664,9.763337802886962,9.750557374954225,9.721911668777468,9.693706703186033,9.666383043924967,9.637296676635742,9.616730467478435,9.592638651529947,9.576185766855877,9.63946294784546,9.648383712768554,9.670053831736247,9.691824944814046,9.712298663457236,38863700.0,38328080.0,34652460.0,37023580.0,36899500.0,38595140.0,39121660.0,38634660.0,39404490.0,40322610.0,44014210.0,44666535.0,46909115.0,47483005.0,47015835.0,43911453.333333336,45286206.66666666,45092463.33333334,45443230.0,44910346.66666666,49693345.0,51323573.33333334,51437368.33333334,51837371.66666666,51590671.66666666,1
2018-04-17,10.074474575296843,10.092102264718296,9.959891652046382,10.030404090881348,30906800,0,10.009250259399414,9.98985939025879,9.799034690856931,9.7186798731486,9.628717199961343,35684320.0,36353950.0,40009380.0,42551350.0,48791090.0,10.030404090881348,9.942262649536133,9.968706130981444,10.074474334716797,10.09210205078125,10.021589851379394,9.998673248291016,9.981045341491699,9.988096618652344,9.970468521118164,9.969587039947507,9.923753833770752,9.90612564086914,9.866462230682373,9.813577938079836,9.782728719711304,9.772592544555664,9.763337802886962,9.750557374954225,9.721911668777468,9.69517567952474,9.666383043924967,9.637296676635742,9.616730467478435,9.592638651529947,9.633588282267253,9.63946294784546,9.648383712768554,9.670053831736247,9.691824944814046,38131820.0,38863700.0,38328080.0,34652460.0,37023580.0,37515660.0,38595140.0,39121660.0,38634660.0,39404490.0,41620165.0,44014210.0,44666535.0,46909115.0,47483005.0,42988500.0,43911453.333333336,45286206.66666666,45092463.33333334,45443230.0,49131038.33333334,49693345.0,51323573.33333334,51437368.33333334,51837371.66666666,0
2018-04-18,10.030404332523092,10.118544462902893,9.95989189198942,9.986333847045898,46226100,0,9.991622161865234,9.98985939025879,9.814018726348877,9.739245986938476,9.622824875513713,38333740.0,36493100.0,40040045.0,43059590.0,48680660.0,10.030404090881348,10.030404090881348,9.942262649536133,9.968706130981444,10.074474334716797,10.009250259399414,10.021589851379394,9.998673248291016,9.981045341491699,9.988096618652344,9.98985939025879,9.969587039947507,9.923753833770752,9.90612564086914,9.866462230682373,9.799034690856931,9.782728719711304,9.772592544555664,9.763337802886962,9.750557374954225,9.7186798731486,9.69517567952474,9.666383043924967,9.637296676635742,9.616730467478435,9.628717199961343,9.633588282267253,9.63946294784546,9.648383712768554,9.670053831736247,35684320.0,38131820.0,38863700.0,38328080.0,34652460.0,36353950.0,37515660.0,38595140.0,39121660.0,38634660.0,40009380.0,41620165.0,44014210.0,44666535.0,46909115.0,42551350.0,42988500.0,43911453.333333336,45286206.66666666,45092463.33333334,48791090.0,49131038.33333334,49693345.0,51323573.33333334,51437368.33333334,0
2018-04-19,9.986334826240586,10.048860798616962,9.691568310962687,9.789823532104492,49154200,0,9.955845642089844,9.968445491790769,9.814329481124878,9.753261756896972,9.614517625172931,38737840.0,38532960.0,40570205.0,43696510.0,48636046.66666666,9.986333847045898,10.030404090881348,10.030404090881348,9.942262649536133,9.968706130981444,9.991622161865234,10.009250259399414,10.021589851379394,9.998673248291016,9.981045341491699,9.98985939025879,9.98985939025879,9.969587039947507,9.923753833770752,9.90612564086914,9.814018726348877,9.799034690856931,9.782728719711304,9.772592544555664,9.763337802886962,9.739245986938476,9.7186798731486,9.69517567952474,9.666383043924967,9.637296676635742,9.622824875513713,9.628717199961343,9.633588282267253,9.63946294784546,9.648383712768554,38333740.0,35684320.0,38131820.0,38863700.0,38328080.0,36493100.0,36353950.0,37515660.0,38595140.0,39121660.0,40040045.0,40009380.0,41620165.0,44014210.0,44666535.0,43059590.0,42551350.0,42988500.0,43911453.333333336,45286206.66666666,48680660.0,48791090.0,49131038.33333334,49693345.0,51323573.33333334,0
2018-04-20,9.834484686171058,9.852348883501573,9.62904087982931,9.664770126342773,44930000,1,9.900347137451172,9.949510192871092,9.82381205558777,9.763696765899658,9.60283579826355,40804080.0,39833890.0,40252660.0,44295910.0,48329871.66666666,9.789823532104492,9.986333847045898,10.030404090881348,10.030404090881348,9.942262649536133,9.955845642089844,9.991622161865234,10.009250259399414,10.021589851379394,9.998673248291016,9.968445491790769,9.98985939025879,9.98985939025879,9.969587039947507,9.923753833770752,9.814329481124878,9.814018726348877,9.799034690856931,9.782728719711304,9.772592544555664,9.753261756896972,9.739245986938476,9.7186798731486,9.69517567952474,9.666383043924967,9.614517625172931,9.622824875513713,9.628717199961343,9.633588282267253,9.63946294784546,38737840.0,38333740.0,35684320.0,38131820.0,38863700.0,38532960.0,36493100.0,36353950.0,37515660.0,38595140.0,40570205.0,40040045.0,40009380.0,41620165.0,44014210.0,43696510.0,43059590.0,42551350.0,42988500.0,43911453.333333336,48636046.66666666,48680660.0,48791090.0,49131038.33333334,49693345.0,1
2018-04-23,9.682634226231492,9.86128044128418,9.673701702515773,9.86128044128418,31936500,0,9.866522407531738,9.944056129455566,9.851493501663207,9.777156511942543,9.601310936609904,40630720.0,39381270.0,39851940.0,44470980.0,46947366.66666666,9.664770126342773,9.789823532104492,9.986333847045898,10.030404090881348,10.030404090881348,9.900347137451172,9.955845642089844,9.991622161865234,10.009250259399414,10.021589851379394,9.949510192871092,9.968445491790769,9.98985939025879,9.98985939025879,9.969587039947507,9.82381205558777,9.814329481124878,9.814018726348877,9.799034690856931,9.782728719711304,9.763696765899658,9.753261756896972,9.739245986938476,9.7186798731486,9.69517567952474,9.60283579826355,9.614517625172931,9.622824875513713,9.628717199961343,9.633588282267253,40804080.0,38737840.0,38333740.0,35684320.0,38131820.0,39833890.0,38532960.0,36493100.0,36353950.0,37515660.0,40252660.0,40570205.0,40040045.0,40009380.0,41620165.0,44295910.0,43696510.0,43059590.0,42551350.0,42988500.0,48329871.66666666,48636046.66666666,48680660.0,48791090.0,49131038.33333334,1
2018-04-24,9.870214554789827,9.977402301086107,9.763026808493542,9.789823532104492,39625000,1,9.818406295776366,9.913828277587893,9.863703107833864,9.785883871714274,9.59744815826416,42374360.0,39029340.0,39216915.0,44665116.66666666,46732850.0,9.86128044128418,9.664770126342773,9.789823532104492,9.986333847045898,10.030404090881348,9.866522407531738,9.900347137451172,9.955845642089844,9.991622161865234,10.009250259399414,9.944056129455566,9.949510192871092,9.968445491790769,9.98985939025879,9.98985939025879,9.851493501663207,9.82381205558777,9.814329481124878,9.814018726348877,9.799034690856931,9.777156511942543,9.763696765899658,9.753261756896972,9.739245986938476,9.7186798731486,9.601310936609904,9.60283579826355,9.614517625172931,9.622824875513713,9.628717199961343,40630720.0,40804080.0,38737840.0,38333740.0,35684320.0,39381270.0,39833890.0,38532960.0,36493100.0,36353950.0,39851940.0,40252660.0,40570205.0,40040045.0,40009380.0,44470980.0,44295910.0,43696510.0,43059590.0,42551350.0,46947366.66666666,48329871.66666666,48636046.66666666,48680660.0,48791090.0,1
2018-04-25,9.789822685839868,9.968468914224236,9.7094316701038,9.923807144165039,40356100,1,9.805900955200196,9.898761558532717,9.882611894607543,9.799958769480387,9.599490976333618,41200360.0,39767050.0,39200855.0,44528426.66666666,46486885.0,9.789823532104492,9.86128044128418,9.664770126342773,9.789823532104492,9.986333847045898,9.818406295776366,9.866522407531738,9.900347137451172,9.955845642089844,9.991622161865234,9.913828277587893,9.944056129455566,9.949510192871092,9.968445491790769,9.98985939025879,9.863703107833864,9.851493501663207,9.82381205558777,9.814329481124878,9.814018726348877,9.785883871714274,9.777156511942543,9.763696765899658,9.753261756896972,9.739245986938476,9.59744815826416,9.601310936609904,9.60283579826355,9.614517625172931,9.622824875513713,42374360.0,40630720.0,40804080.0,38737840.0,38333740.0,39029340.0,39381270.0,39833890.0,38532960.0,36493100.0,39216915.0,39851940.0,40252660.0,40570205.0,40040045.0,44665116.66666666,44470980.0,44295910.0,43696510.0,43059590.0,46732850.0,46947366.66666666,48329871.66666666,48636046.66666666,48680660.0,1
2018-04-26,10.200708932663364,10.298964140453313,10.084588676992132,10.209641456604004,80676800,1,9.889864540100096,9.92285509109497,9.914490365982056,9.816510232289632,9.607179101308187,47504880.0,43121360.0,41121510.0,44151476.66666666,46963695.0,9.923807144165039,9.789823532104492,9.86128044128418,9.664770126342773,9.789823532104492,9.805900955200196,9.818406295776366,9.866522407531738,9.900347137451172,9.955845642089844,9.898761558532717,9.913828277587893,9.944056129455566,9.949510192871092,9.968445491790769,9.882611894607543,9.863703107833864,9.851493501663207,9.82381205558777,9.814329481124878,9.799958769480387,9.785883871714274,9.777156511942543,9.763696765899658,9.753261756896972,9.599490976333618,9.59744815826416,9.601310936609904,9.60283579826355,9.614517625172931,41200360.0,42374360.0,40630720.0,40804080.0,38737840.0,39767050.0,39029340.0,39381270.0,39833890.0,38532960.0,39200855.0,39216915.0,39851940.0,40252660.0,40570205.0,44528426.66666666,44665116.66666666,44470980.0,44295910.0,43696510.0,46486885.0,46732850.0,46947366.66666666,48329871.66666666,48636046.66666666,0
2018-04-27,10.182844078869776,10.325761909086985,10.164979882500367,10.263235092163086,33375900,0,10.00955753326416,9.954952335357666,9.939353084564207,9.833379141489665,9.617082579930623,45194060.0,42999070.0,40797105.0,43675830.0,46559216.66666666,10.209641456604004,9.923807144165039,9.789823532104492,9.86128044128418,9.664770126342773,9.889864540100096,9.805900955200196,9.818406295776366,9.866522407531738,9.900347137451172,9.92285509109497,9.898761558532717,9.913828277587893,9.944056129455566,9.949510192871092,9.914490365982056,9.882611894607543,9.863703107833864,9.851493501663207,9.82381205558777,9.816510232289632,9.799958769480387,9.785883871714274,9.777156511942543,9.763696765899658,9.607179101308187,9.599490976333618,9.59744815826416,9.601310936609904,9.60283579826355,47504880.0,41200360.0,42374360.0,40630720.0,40804080.0,43121360.0,39767050.0,39029340.0,39381270.0,39833890.0,41121510.0,39200855.0,39216915.0,39851940.0,40252660.0,44151476.66666666,44528426.66666666,44665116.66666666,44470980.0,44295910.0,46963695.0,46486885.0,46732850.0,46947366.66666666,48329871.66666666,1
2018-04-30,10.298964728712768,10.477610958467725,10.022063285555692,10.03992748260498,66090900,1,10.045286941528321,9.955904674530027,9.962745857238767,9.840454037984212,9.623998753229776,52024940.0,46327830.0,41921745.0,43189386.66666666,46971528.33333334,10.263235092163086,10.209641456604004,9.923807144165039,9.789823532104492,9.86128044128418,10.00955753326416,9.889864540100096,9.805900955200196,9.818406295776366,9.866522407531738,9.954952335357666,9.92285509109497,9.898761558532717,9.913828277587893,9.944056129455566,9.939353084564207,9.914490365982056,9.882611894607543,9.863703107833864,9.851493501663207,9.833379141489665,9.816510232289632,9.799958769480387,9.785883871714274,9.777156511942543,9.617082579930623,9.607179101308187,9.599490976333618,9.59744815826416,9.601310936609904,45194060.0,47504880.0,41200360.0,42374360.0,40630720.0,42999070.0,43121360.0,39767050.0,39029340.0,39381270.0,40797105.0,41121510.0,39200855.0,39216915.0,39851940.0,43675830.0,44151476.66666666,44528426.66666666,44665116.66666666,44470980.0,46559216.66666666,46963695.0,46486885.0,46732850.0,46947366.66666666,1
2018-05-01,10.048861091833414,10.138184642279603,9.914876618016637,10.057793617248537,61430400,0,10.098880958557126,9.958643627166747,9.974251508712767,9.852237669626872,9.634297609329225,56386020.0,49380190.0,42867070.0,43132983.333333336,46790153.33333334,10.03992748260498,10.263235092163086,10.209641456604004,9.923807144165039,9.789823532104492,10.045286941528321,10.00955753326416,9.889864540100096,9.805900955200196,9.818406295776366,9.955904674530027,9.954952335357666,9.92285509109497,9.898761558532717,9.913828277587893,9.962745857238767,9.939353084564207,9.914490365982056,9.882611894607543,9.863703107833864,9.840454037984212,9.833379141489665,9.816510232289632,9.799958769480387,9.785883871714274,9.623998753229776,9.617082579930623,9.607179101308187,9.599490976333618,9.59744815826416,52024940.0,45194060.0,47504880.0,41200360.0,42374360.0,46327830.0,42999070.0,43121360.0,39767050.0,39029340.0,41921745.0,40797105.0,41121510.0,39200855.0,39216915.0,43189386.66666666,43675830.0,44151476.66666666,44528426.66666666,44665116.66666666,46971528.33333334,46559216.66666666,46963695.0,46486885.0,46732850.0,1
2018-05-02,10.057790997905833,10.066723520994662,9.932738230219062,10.013129234313963,41899500,0,10.116745376586914,9.961323165893557,9.975591278076172,9.863120206197102,9.650756422678631,56694700.0,48947530.0,42720315.0,43009206.66666666,45875861.66666666,10.057793617248537,10.03992748260498,10.263235092163086,10.209641456604004,9.923807144165039,10.098880958557126,10.045286941528321,10.00955753326416,9.889864540100096,9.805900955200196,9.958643627166747,9.955904674530027,9.954952335357666,9.92285509109497,9.898761558532717,9.974251508712767,9.962745857238767,9.939353084564207,9.914490365982056,9.882611894607543,9.852237669626872,9.840454037984212,9.833379141489665,9.816510232289632,9.799958769480387,9.634297609329225,9.623998753229776,9.617082579930623,9.607179101308187,9.599490976333618,56386020.0,52024940.0,45194060.0,47504880.0,41200360.0,49380190.0,46327830.0,42999070.0,43121360.0,39767050.0,42867070.0,41921745.0,40797105.0,41121510.0,39200855.0,43132983.333333336,43189386.66666666,43675830.0,44151476.66666666,44528426.66666666,46790153.33333334,46971528.33333334,46559216.66666666,46963695.0,46486885.0,1
2018-05-03,9.977403255515156,10.013132507698408,9.798756994598884,10.004199981689453,38907400,1,10.075657081604003,9.982760810852053,9.975603151321412,9.870473257700603,9.659427547454834,48340820.0,47922850.0,43227905.0,43021086.66666666,44192016.66666666,10.013129234313963,10.057793617248537,10.03992748260498,10.263235092163086,10.209641456604004,10.116745376586914,10.098880958557126,10.045286941528321,10.00955753326416,9.889864540100096,9.961323165893557,9.958643627166747,9.955904674530027,9.954952335357666,9.92285509109497,9.975591278076172,9.974251508712767,9.962745857238767,9.939353084564207,9.914490365982056,9.863120206197102,9.852237669626872,9.840454037984212,9.833379141489665,9.816510232289632,9.650756422678631,9.634297609329225,9.623998753229776,9.617082579930623,9.607179101308187,56694700.0,56386020.0,52024940.0,45194060.0,47504880.0,48947530.0,49380190.0,46327830.0,42999070.0,43121360.0,42720315.0,42867070.0,41921745.0,40797105.0,41121510.0,43009206.66666666,43132983.333333336,43189386.66666666,43675830.0,44151476.66666666,45875861.66666666,46790153.33333334,46971528.33333334,46559216.66666666,46963695.0,1
2018-05-04,9.968468532185346,10.19177652207069,9.90594256761021,10.147114753723145,32043500,0,10.052433013916016,10.030995273590088,9.990252733230589,9.892873128255207,9.670480585098266,48074340.0,46634200.0,43234045.0,42379840.0,43592045.0,10.004199981689453,10.013129234313963,10.057793617248537,10.03992748260498,10.263235092163086,10.075657081604003,10.116745376586914,10.098880958557126,10.045286941528321,10.00955753326416,9.982760810852053,9.961323165893557,9.958643627166747,9.955904674530027,9.954952335357666,9.975603151321412,9.975591278076172,9.974251508712767,9.962745857238767,9.939353084564207,9.870473257700603,9.863120206197102,9.852237669626872,9.840454037984212,9.833379141489665,9.659427547454834,9.650756422678631,9.634297609329225,9.623998753229776,9.617082579930623,48340820.0,56694700.0,56386020.0,52024940.0,45194060.0,47922850.0,48947530.0,49380190.0,46327830.0,42999070.0,43227905.0,42720315.0,42867070.0,41921745.0,40797105.0,43021086.66666666,43009206.66666666,43132983.333333336,43189386.66666666,43675830.0,44192016.66666666,45875861.66666666,46790153.33333334,46971528.33333334,46559216.66666666,0
2018-05-07,10.147114722601025,10.218573210996972,10.102453806242835,10.129250526428224,27510300,0,10.070297622680664,10.057792282104492,10.000924205780027,9.920259761810305,9.686083618799843,40358220.0,46191580.0,42786425.0,41965153.333333336,42817371.66666666,10.147114753723145,10.004199981689453,10.013129234313963,10.057793617248537,10.03992748260498,10.052433013916016,10.075657081604003,10.116745376586914,10.098880958557126,10.045286941528321,10.030995273590088,9.982760810852053,9.961323165893557,9.958643627166747,9.955904674530027,9.990252733230589,9.975603151321412,9.975591278076172,9.974251508712767,9.962745857238767,9.892873128255207,9.870473257700603,9.863120206197102,9.852237669626872,9.840454037984212,9.670480585098266,9.659427547454834,9.650756422678631,9.634297609329225,9.623998753229776,48074340.0,48340820.0,56694700.0,56386020.0,52024940.0,46634200.0,47922850.0,48947530.0,49380190.0,46327830.0,43234045.0,43227905.0,42720315.0,42867070.0,41921745.0,42379840.0,43021086.66666666,43009206.66666666,43132983.333333336,43189386.66666666,43592045.0,44192016.66666666,45875861.66666666,46790153.33333334,46971528.33333334,1
2018-05-08,10.111386652439778,10.156048425836037,10.039928155746756,10.066725730895996,25754100,0,10.072084045410156,10.085482501983645,9.999655389785767,9.937629572550456,9.699175564448039,33222960.0,44804490.0,41916915.0,41079440.0,42044880.0,10.129250526428224,10.147114753723145,10.004199981689453,10.013129234313963,10.057793617248537,10.070297622680664,10.052433013916016,10.075657081604003,10.116745376586914,10.098880958557126,10.057792282104492,10.030995273590088,9.982760810852053,9.961323165893557,9.958643627166747,10.000924205780027,9.990252733230589,9.975603151321412,9.975591278076172,9.974251508712767,9.920259761810305,9.892873128255207,9.870473257700603,9.863120206197102,9.852237669626872,9.686083618799843,9.670480585098266,9.659427547454834,9.650756422678631,9.634297609329225,40358220.0,48074340.0,48340820.0,56694700.0,56386020.0,46191580.0,46634200.0,47922850.0,48947530.0,49380190.0,42786425.0,43234045.0,43227905.0,42720315.0,42867070.0,41965153.333333336,42379840.0,43021086.66666666,43009206.66666666,43132983.333333336,42817371.66666666,43592045.0,44192016.66666666,45875861.66666666,46790153.33333334,0
2018-05-09,10.013130072390933,10.07565603554146,9.843416378759924,9.879145622253418,43732000,1,10.045287322998046,10.081016349792481,9.989888954162598,9.948746713002523,9.706643867492676,33589460.0,45142080.0,42454565.0,41181263.333333336,41955931.66666666,10.066725730895996,10.129250526428224,10.147114753723145,10.004199981689453,10.013129234313963,10.072084045410156,10.070297622680664,10.052433013916016,10.075657081604003,10.116745376586914,10.085482501983645,10.057792282104492,10.030995273590088,9.982760810852053,9.961323165893557,9.999655389785767,10.000924205780027,9.990252733230589,9.975603151321412,9.975591278076172,9.937629572550456,9.920259761810305,9.892873128255207,9.870473257700603,9.863120206197102,9.699175564448039,9.686083618799843,9.670480585098266,9.659427547454834,9.650756422678631,33222960.0,40358220.0,48074340.0,48340820.0,56694700.0,44804490.0,46191580.0,46634200.0,47922850.0,48947530.0,41916915.0,42786425.0,43234045.0,43227905.0,42720315.0,41079440.0,41965153.333333336,42379840.0,43021086.66666666,43009206.66666666,42044880.0,42817371.66666666,43592045.0,44192016.66666666,45875861.66666666,0
2018-05-10,9.861279749212992,10.048858474817,9.843415554887617,10.013129234313963,32023800,0,10.04707317352295,10.061365127563477,9.992110109329225,9.963448619842527,9.717961152394613,32212740.0,40276780.0,41699070.0,40839933.333333336,41874920.0,9.879145622253418,10.066725730895996,10.129250526428224,10.147114753723145,10.004199981689453,10.045287322998046,10.072084045410156,10.070297622680664,10.052433013916016,10.075657081604003,10.081016349792481,10.085482501983645,10.057792282104492,10.030995273590088,9.982760810852053,9.989888954162598,9.999655389785767,10.000924205780027,9.990252733230589,9.975603151321412,9.948746713002523,9.937629572550456,9.920259761810305,9.892873128255207,9.870473257700603,9.706643867492676,9.699175564448039,9.686083618799843,9.670480585098266,9.659427547454834,33589460.0,33222960.0,40358220.0,48074340.0,48340820.0,45142080.0,44804490.0,46191580.0,46634200.0,47922850.0,42454565.0,41916915.0,42786425.0,43234045.0,43227905.0,41181263.333333336,41079440.0,41965153.333333336,42379840.0,43021086.66666666,41955931.66666666,42044880.0,42817371.66666666,43592045.0,44192016.66666666,0
2018-05-11,10.022063534712123,10.048860256878447,9.968469238527033,9.99526596069336,19837700,0,10.016703414916993,10.034568214416504,9.994760274887083,9.97109146118164,9.726777203877766,29771580.0,38922960.0,40961015.0,40172390.0,41741476.66666666,10.013129234313963,9.879145622253418,10.066725730895996,10.129250526428224,10.147114753723145,10.04707317352295,10.045287322998046,10.072084045410156,10.070297622680664,10.052433013916016,10.061365127563477,10.081016349792481,10.085482501983645,10.057792282104492,10.030995273590088,9.992110109329225,9.989888954162598,9.999655389785767,10.000924205780027,9.990252733230589,9.963448619842527,9.948746713002523,9.937629572550456,9.920259761810305,9.892873128255207,9.717961152394613,9.706643867492676,9.699175564448039,9.686083618799843,9.670480585098266,32212740.0,33589460.0,33222960.0,40358220.0,48074340.0,40276780.0,45142080.0,44804490.0,46191580.0,46634200.0,41699070.0,42454565.0,41916915.0,42786425.0,43234045.0,40839933.333333336,41181263.333333336,41079440.0,41965153.333333336,42379840.0,41874920.0,41955931.66666666,42044880.0,42817371.66666666,43592045.0,1
2018-05-14,10.030995722673502,10.084590021610923,9.977402275588565,9.986334800720217,27903100,1,9.98812026977539,10.029208946228028,9.992556810379027,9.984900220235188,9.735150575637816,29850140.0,35104180.0,40716005.0,39649223.333333336,41736390.0,9.99526596069336,10.013129234313963,9.879145622253418,10.066725730895996,10.129250526428224,10.016703414916993,10.04707317352295,10.045287322998046,10.072084045410156,10.070297622680664,10.034568214416504,10.061365127563477,10.081016349792481,10.085482501983645,10.057792282104492,9.994760274887083,9.992110109329225,9.989888954162598,9.999655389785767,10.000924205780027,9.97109146118164,9.963448619842527,9.948746713002523,9.937629572550456,9.920259761810305,9.726777203877766,9.717961152394613,9.706643867492676,9.699175564448039,9.686083618799843,29771580.0,32212740.0,33589460.0,33222960.0,40358220.0,38922960.0,40276780.0,45142080.0,44804490.0,46191580.0,40961015.0,41699070.0,42454565.0,41916915.0,42786425.0,40172390.0,40839933.333333336,41181263.333333336,41079440.0,41965153.333333336,41741476.66666666,41874920.0,41955931.66666666,42044880.0,42817371.66666666,0
2018-05-15,9.914875517780569,10.048859976729329,9.879146271937406,10.02206325531006,26950100,1,9.979187774658204,10.025635910034179,9.992139768600463,9.991379642486573,9.746322965621948,30089340.0,31656150.0,40518170.0,39130096.66666666,41501528.333333336,9.986334800720217,9.99526596069336,10.013129234313963,9.879145622253418,10.066725730895996,9.98812026977539,10.016703414916993,10.04707317352295,10.045287322998046,10.072084045410156,10.029208946228028,10.034568214416504,10.061365127563477,10.081016349792481,10.085482501983645,9.992556810379027,9.994760274887083,9.992110109329225,9.989888954162598,9.999655389785767,9.984900220235188,9.97109146118164,9.963448619842527,9.948746713002523,9.937629572550456,9.735150575637816,9.726777203877766,9.717961152394613,9.706643867492676,9.699175564448039,29850140.0,29771580.0,32212740.0,33589460.0,33222960.0,35104180.0,38922960.0,40276780.0,45142080.0,44804490.0,40716005.0,40961015.0,41699070.0,42454565.0,41916915.0,39649223.333333336,40172390.0,40839933.333333336,41181263.333333336,41079440.0,41736390.0,41741476.66666666,41874920.0,41955931.66666666,42044880.0,1
2018-05-16,10.013130461756882,10.182844161987305,10.004197937573077,10.182844161987305,28976700,1,10.03992748260498,10.042607402801512,10.001965284347532,9.997929986317953,9.759881194432575,27138280.0,30363870.0,39655700.0,38601500.0,41524175.0,10.02206325531006,9.986334800720217,9.99526596069336,10.013129234313963,9.879145622253418,9.979187774658204,9.98812026977539,10.016703414916993,10.04707317352295,10.045287322998046,10.025635910034179,10.029208946228028,10.034568214416504,10.061365127563477,10.081016349792481,9.992139768600463,9.992556810379027,9.994760274887083,9.992110109329225,9.989888954162598,9.991379642486573,9.984900220235188,9.97109146118164,9.963448619842527,9.948746713002523,9.746322965621948,9.735150575637816,9.726777203877766,9.717961152394613,9.706643867492676,30089340.0,29850140.0,29771580.0,32212740.0,33589460.0,31656150.0,35104180.0,38922960.0,40276780.0,45142080.0,40518170.0,40716005.0,40961015.0,41699070.0,42454565.0,39130096.66666666,39649223.333333336,40172390.0,40839933.333333336,41181263.333333336,41501528.333333336,41736390.0,41741476.66666666,41874920.0,41955931.66666666,1
2018-05-17,10.182843507739358,10.25430199291384,10.164979312371909,10.236437797546387,20741100,0,10.084589195251462,10.065831184387207,10.024295997619626,10.005679162343343,9.774773359298708,24881740.0,28547240.0,38235045.0,38334350.0,41269231.66666666,10.182844161987305,10.02206325531006,9.986334800720217,9.99526596069336,10.013129234313963,10.03992748260498,9.979187774658204,9.98812026977539,10.016703414916993,10.04707317352295,10.042607402801512,10.025635910034179,10.029208946228028,10.034568214416504,10.061365127563477,10.001965284347532,9.992139768600463,9.992556810379027,9.994760274887083,9.992110109329225,9.997929986317953,9.991379642486573,9.984900220235188,9.97109146118164,9.963448619842527,9.759881194432575,9.746322965621948,9.735150575637816,9.726777203877766,9.717961152394613,27138280.0,30089340.0,29850140.0,29771580.0,32212740.0,30363870.0,31656150.0,35104180.0,38922960.0,40276780.0,39655700.0,40518170.0,40716005.0,40961015.0,41699070.0,38601500.0,39130096.66666666,39649223.333333336,40172390.0,40839933.333333336,41524175.0,41501528.333333336,41736390.0,41741476.66666666,41874920.0,0
2018-05-18,10.218572662412953,10.245370233012087,10.09352074035964,10.120317459106444,23893700,1,10.109599494934082,10.063151454925537,10.047073364257812,10.014552307128906,9.787289476394653,25692940.0,27732260.0,37183230.0,38066783.333333336,41243966.66666666,10.236437797546387,10.182844161987305,10.02206325531006,9.986334800720217,9.99526596069336,10.084589195251462,10.03992748260498,9.979187774658204,9.98812026977539,10.016703414916993,10.065831184387207,10.042607402801512,10.025635910034179,10.029208946228028,10.034568214416504,10.024295997619626,10.001965284347532,9.992139768600463,9.992556810379027,9.994760274887083,10.005679162343343,9.997929986317953,9.991379642486573,9.984900220235188,9.97109146118164,9.774773359298708,9.759881194432575,9.746322965621948,9.735150575637816,9.726777203877766,24881740.0,27138280.0,30089340.0,29850140.0,29771580.0,28547240.0,30363870.0,31656150.0,35104180.0,38922960.0,38235045.0,39655700.0,40518170.0,40716005.0,40961015.0,38334350.0,38601500.0,39130096.66666666,39649223.333333336,40172390.0,41269231.66666666,41524175.0,41501528.333333336,41736390.0,41741476.66666666,1
2018-05-21,10.200708312583773,10.316828561196301,10.173911594243137,10.281099319458008,31011900,1,10.16855239868164,10.078336334228515,10.068064308166504,10.026728248596195,9.801457007726032,26314700.0,28082420.0,37137000.0,37885090.0,41397718.333333336,10.120317459106444,10.236437797546387,10.182844161987305,10.02206325531006,9.986334800720217,10.109599494934082,10.084589195251462,10.03992748260498,9.979187774658204,9.98812026977539,10.063151454925537,10.065831184387207,10.042607402801512,10.025635910034179,10.029208946228028,10.047073364257812,10.024295997619626,10.001965284347532,9.992139768600463,9.992556810379027,10.014552307128906,10.005679162343343,9.997929986317953,9.991379642486573,9.984900220235188,9.787289476394653,9.774773359298708,9.759881194432575,9.746322965621948,9.735150575637816,25692940.0,24881740.0,27138280.0,30089340.0,29850140.0,27732260.0,28547240.0,30363870.0,31656150.0,35104180.0,37183230.0,38235045.0,39655700.0,40518170.0,40716005.0,38066783.333333336,38334350.0,38601500.0,39130096.66666666,39649223.333333336,41243966.66666666,41269231.66666666,41524175.0,41501528.333333336,41736390.0,1
2018-05-22,10.343626784935305,10.397221081268944,10.28110081575642,10.290033340454102,22360900,0,10.22214641571045,10.100667095184326,10.093074798583984,10.033325958251954,9.81298230489095,25396860.0,27743100.0,36273795.0,37192310.0,41317770.0,10.281099319458008,10.120317459106444,10.236437797546387,10.182844161987305,10.02206325531006,10.16855239868164,10.109599494934082,10.084589195251462,10.03992748260498,9.979187774658204,10.078336334228515,10.063151454925537,10.065831184387207,10.042607402801512,10.025635910034179,10.068064308166504,10.047073364257812,10.024295997619626,10.001965284347532,9.992139768600463,10.026728248596195,10.014552307128906,10.005679162343343,9.997929986317953,9.991379642486573,9.801457007726032,9.787289476394653,9.774773359298708,9.759881194432575,9.746322965621948,26314700.0,25692940.0,24881740.0,27138280.0,30089340.0,28082420.0,27732260.0,28547240.0,30363870.0,31656150.0,37137000.0,37183230.0,38235045.0,39655700.0,40518170.0,37885090.0,38066783.333333336,38334350.0,38601500.0,39130096.66666666,41397718.333333336,41243966.66666666,41269231.66666666,41524175.0,41501528.333333336,0
2018-05-23,10.272166905682688,10.316828671295251,10.12031741371137,10.218572616577148,23595000,1,10.229292106628415,10.134609794616699,10.10781307220459,10.038129234313962,9.827429850896198,24320520.0,25729400.0,35435740.0,36879510.0,40985986.66666666,10.290033340454102,10.281099319458008,10.120317459106444,10.236437797546387,10.182844161987305,10.22214641571045,10.16855239868164,10.109599494934082,10.084589195251462,10.03992748260498,10.100667095184326,10.078336334228515,10.063151454925537,10.065831184387207,10.042607402801512,10.093074798583984,10.068064308166504,10.047073364257812,10.024295997619626,10.001965284347532,10.033325958251954,10.026728248596195,10.014552307128906,10.005679162343343,9.997929986317953,9.81298230489095,9.801457007726032,9.787289476394653,9.774773359298708,9.759881194432575,25396860.0,26314700.0,25692940.0,24881740.0,27138280.0,27743100.0,28082420.0,27732260.0,28547240.0,30363870.0,36273795.0,37137000.0,37183230.0,38235045.0,39655700.0,37192310.0,37885090.0,38066783.333333336,38334350.0,38601500.0,41317770.0,41397718.333333336,41243966.66666666,41269231.66666666,41524175.0,0
2018-05-24,10.227504987226682,10.406151195154859,10.218572463867195,10.379354476928713,34876300,0,10.257875442504883,10.171232318878172,10.116298723220826,10.051817512512207,9.844557094573977,27147560.0,26014650.0,33145715.0,36470930.0,40878568.333333336,10.218572616577148,10.290033340454102,10.281099319458008,10.120317459106444,10.236437797546387,10.229292106628415,10.22214641571045,10.16855239868164,10.109599494934082,10.084589195251462,10.134609794616699,10.100667095184326,10.078336334228515,10.063151454925537,10.065831184387207,10.10781307220459,10.093074798583984,10.068064308166504,10.047073364257812,10.024295997619626,10.038129234313962,10.033325958251954,10.026728248596195,10.014552307128906,10.005679162343343,9.827429850896198,9.81298230489095,9.801457007726032,9.787289476394653,9.774773359298708,24320520.0,25396860.0,26314700.0,25692940.0,24881740.0,25729400.0,27743100.0,28082420.0,27732260.0,28547240.0,35435740.0,36273795.0,37137000.0,37183230.0,38235045.0,36879510.0,37192310.0,37885090.0,38066783.333333336,38334350.0,40985986.66666666,41317770.0,41397718.333333336,41243966.66666666,41269231.66666666,1
2018-05-25,10.325761084593953,10.370421997877576,10.245370077719716,10.281099319458008,19337500,0,10.290031814575196,10.19981565475464,10.117191934585572,10.06311206817627,9.864747556050618,26236320.0,25964630.0,32443795.0,35962220.0,39936836.66666666,10.379354476928713,10.218572616577148,10.290033340454102,10.281099319458008,10.120317459106444,10.257875442504883,10.229292106628415,10.22214641571045,10.16855239868164,10.109599494934082,10.171232318878172,10.134609794616699,10.100667095184326,10.078336334228515,10.063151454925537,10.116298723220826,10.10781307220459,10.093074798583984,10.068064308166504,10.047073364257812,10.051817512512207,10.038129234313962,10.033325958251954,10.026728248596195,10.014552307128906,9.844557094573977,9.827429850896198,9.81298230489095,9.801457007726032,9.787289476394653,27147560.0,24320520.0,25396860.0,26314700.0,25692940.0,26014650.0,25729400.0,27743100.0,28082420.0,27732260.0,33145715.0,35435740.0,36273795.0,37137000.0,37183230.0,36470930.0,36879510.0,37192310.0,37885090.0,38066783.333333336,40878568.333333336,40985986.66666666,41317770.0,41397718.333333336,41243966.66666666,1
2018-05-29,10.361490436907818,10.379354632041448,10.147114132337977,10.218572616577148,31324300,1,10.277526473999023,10.223039436340333,10.12612419128418,10.06938435236613,9.882280015945435,26298800.0,26306750.0,30705465.0,35912920.0,39450710.0,10.281099319458008,10.379354476928713,10.218572616577148,10.290033340454102,10.281099319458008,10.290031814575196,10.257875442504883,10.229292106628415,10.22214641571045,10.16855239868164,10.19981565475464,10.171232318878172,10.134609794616699,10.100667095184326,10.078336334228515,10.117191934585572,10.116298723220826,10.10781307220459,10.093074798583984,10.068064308166504,10.06311206817627,10.051817512512207,10.038129234313962,10.033325958251954,10.026728248596195,9.864747556050618,9.844557094573977,9.827429850896198,9.81298230489095,9.801457007726032,26236320.0,27147560.0,24320520.0,25396860.0,26314700.0,25964630.0,26014650.0,25729400.0,27743100.0,28082420.0,32443795.0,33145715.0,35435740.0,36273795.0,37137000.0,35962220.0,36470930.0,36879510.0,37192310.0,37885090.0,39936836.66666666,40878568.333333336,40985986.66666666,41317770.0,41397718.333333336,0
2018-05-30,10.298965584684293,10.370424082525355,10.245372137229737,10.3168306350708,25554600,0,10.282885932922364,10.252516174316408,10.139076042175294,10.078931903839115,9.898805888493856,26937540.0,26167200.0,28911675.0,35734513.333333336,39142931.66666666,10.218572616577148,10.281099319458008,10.379354476928713,10.218572616577148,10.290033340454102,10.277526473999023,10.290031814575196,10.257875442504883,10.229292106628415,10.22214641571045,10.223039436340333,10.19981565475464,10.171232318878172,10.134609794616699,10.100667095184326,10.12612419128418,10.117191934585572,10.116298723220826,10.10781307220459,10.093074798583984,10.06938435236613,10.06311206817627,10.051817512512207,10.038129234313962,10.033325958251954,9.882280015945435,9.864747556050618,9.844557094573977,9.827429850896198,9.81298230489095,26298800.0,26236320.0,27147560.0,24320520.0,25396860.0,26306750.0,25964630.0,26014650.0,25729400.0,27743100.0,30705465.0,32443795.0,33145715.0,35435740.0,36273795.0,35912920.0,35962220.0,36470930.0,36879510.0,37192310.0,39450710.0,39936836.66666666,40878568.333333336,40985986.66666666,41317770.0,1
2018-05-31,10.406153331445893,10.486544354480213,10.1471160638089,10.3168306350708,61563200,1,10.302537536621092,10.265914821624756,10.154261112213137,10.089948463439944,9.914597225189206,34531180.0,29425850.0,29894860.0,36245750.0,39652670.0,10.3168306350708,10.218572616577148,10.281099319458008,10.379354476928713,10.218572616577148,10.282885932922364,10.277526473999023,10.290031814575196,10.257875442504883,10.229292106628415,10.252516174316408,10.223039436340333,10.19981565475464,10.171232318878172,10.134609794616699,10.139076042175294,10.12612419128418,10.117191934585572,10.116298723220826,10.10781307220459,10.078931903839115,10.06938435236613,10.06311206817627,10.051817512512207,10.038129234313962,9.898805888493856,9.882280015945435,9.864747556050618,9.844557094573977,9.827429850896198,26937540.0,26298800.0,26236320.0,27147560.0,24320520.0,26167200.0,26306750.0,25964630.0,26014650.0,25729400.0,28911675.0,30705465.0,32443795.0,33145715.0,35435740.0,35734513.333333336,35912920.0,35962220.0,36470930.0,36879510.0,39142931.66666666,39450710.0,39936836.66666666,40878568.333333336,40985986.66666666,1
2018-06-01,10.424018066613034,10.513341612139492,10.370423768926669,10.459747314453123,35406200,1,10.318616104125976,10.28824577331543,10.17703847885132,10.112279256184896,9.932770506540935,34637160.0,30892360.0,29719800.0,35787483.333333336,39741996.66666666,10.3168306350708,10.3168306350708,10.218572616577148,10.281099319458008,10.379354476928713,10.302537536621092,10.282885932922364,10.277526473999023,10.290031814575196,10.257875442504883,10.265914821624756,10.252516174316408,10.223039436340333,10.19981565475464,10.171232318878172,10.154261112213137,10.139076042175294,10.12612419128418,10.117191934585572,10.116298723220826,10.089948463439944,10.078931903839115,10.06938435236613,10.06311206817627,10.051817512512207,9.914597225189206,9.898805888493856,9.882280015945435,9.864747556050618,9.844557094573977,34531180.0,26937540.0,26298800.0,26236320.0,27147560.0,29425850.0,26167200.0,26306750.0,25964630.0,26014650.0,29894860.0,28911675.0,30705465.0,32443795.0,33145715.0,36245750.0,35734513.333333336,35912920.0,35962220.0,36470930.0,39652670.0,39142931.66666666,39450710.0,39936836.66666666,40878568.333333336,0
2018-06-04,10.486543655395508,10.531205426531924,10.441881884259091,10.486543655395508,25141300,1,10.359704971313477,10.324868392944335,10.194009923934935,10.13967170715332,9.951684236526491,35797920.0,31017120.0,29374690.0,35127860.0,39711885.0,10.459747314453123,10.3168306350708,10.3168306350708,10.218572616577148,10.281099319458008,10.318616104125976,10.302537536621092,10.282885932922364,10.277526473999023,10.290031814575196,10.28824577331543,10.265914821624756,10.252516174316408,10.223039436340333,10.19981565475464,10.17703847885132,10.154261112213137,10.139076042175294,10.12612419128418,10.117191934585572,10.112279256184896,10.089948463439944,10.078931903839115,10.06938435236613,10.06311206817627,9.932770506540935,9.914597225189206,9.898805888493856,9.882280015945435,9.864747556050618,34637160.0,34531180.0,26937540.0,26298800.0,26236320.0,30892360.0,29425850.0,26167200.0,26306750.0,25964630.0,29719800.0,29894860.0,28911675.0,30705465.0,32443795.0,35787483.333333336,36245750.0,35734513.333333336,35912920.0,35962220.0,39741996.66666666,39652670.0,39142931.66666666,39450710.0,39936836.66666666,1
2018-06-05,10.486543568561904,10.60266383181408,10.43295012512393,10.566934585571287,31036700,1,10.429377365112305,10.353451919555663,10.21589412689209,10.163193511962893,9.970175011952717,35740400.0,31019600.0,29551010.0,35097866.666666664,39784423.333333336,10.486543655395508,10.459747314453123,10.3168306350708,10.3168306350708,10.218572616577148,10.359704971313477,10.318616104125976,10.302537536621092,10.282885932922364,10.277526473999023,10.324868392944335,10.28824577331543,10.265914821624756,10.252516174316408,10.223039436340333,10.194009923934935,10.17703847885132,10.154261112213137,10.139076042175294,10.12612419128418,10.13967170715332,10.112279256184896,10.089948463439944,10.078931903839115,10.06938435236613,9.951684236526491,9.932770506540935,9.914597225189206,9.898805888493856,9.882280015945435,35797920.0,34637160.0,34531180.0,26937540.0,26298800.0,31017120.0,30892360.0,29425850.0,26167200.0,26306750.0,29374690.0,29719800.0,29894860.0,28911675.0,30705465.0,35127860.0,35787483.333333336,36245750.0,35734513.333333336,35912920.0,39711885.0,39741996.66666666,39652670.0,39142931.66666666,39450710.0,1
2018-06-06,10.60266444463701,10.718784714600817,10.558002671289012,10.691987991333008,31110500,1,10.504408836364746,10.393647384643554,10.247157239913939,10.19326566060384,9.989574766159057,36851580.0,31894560.0,29818830.0,34814050.0,39739583.333333336,10.566934585571287,10.486543655395508,10.459747314453123,10.3168306350708,10.3168306350708,10.429377365112305,10.359704971313477,10.318616104125976,10.302537536621092,10.282885932922364,10.353451919555663,10.324868392944335,10.28824577331543,10.265914821624756,10.252516174316408,10.21589412689209,10.194009923934935,10.17703847885132,10.154261112213137,10.139076042175294,10.163193511962893,10.13967170715332,10.112279256184896,10.089948463439944,10.078931903839115,9.970175011952717,9.951684236526491,9.932770506540935,9.914597225189206,9.898805888493856,35740400.0,35797920.0,34637160.0,34531180.0,26937540.0,31019600.0,31017120.0,30892360.0,29425850.0,26167200.0,29551010.0,29374690.0,29719800.0,29894860.0,28911675.0,35097866.666666664,35127860.0,35787483.333333336,36245750.0,35734513.333333336,39784423.333333336,39711885.0,39741996.66666666,39652670.0,39142931.66666666,1
2018-06-07,10.691986281577963,10.852767447326784,10.683053757966269,10.745579719543457,47314100,1,10.590158653259275,10.446348094940186,10.290478944778444,10.220658079783123,10.010308424631754,34001760.0,34266470.0,29997935.0,35045983.333333336,39787205.0,10.691987991333008,10.566934585571287,10.486543655395508,10.459747314453123,10.3168306350708,10.504408836364746,10.429377365112305,10.359704971313477,10.318616104125976,10.302537536621092,10.393647384643554,10.353451919555663,10.324868392944335,10.28824577331543,10.265914821624756,10.247157239913939,10.21589412689209,10.194009923934935,10.17703847885132,10.154261112213137,10.19326566060384,10.163193511962893,10.13967170715332,10.112279256184896,10.089948463439944,9.989574766159057,9.970175011952717,9.951684236526491,9.932770506540935,9.914597225189206,36851580.0,35740400.0,35797920.0,34637160.0,34531180.0,31894560.0,31019600.0,31017120.0,30892360.0,29425850.0,29818830.0,29551010.0,29374690.0,29719800.0,29894860.0,34814050.0,35097866.666666664,35127860.0,35787483.333333336,36245750.0,39739583.333333336,39784423.333333336,39711885.0,39741996.66666666,39652670.0,1
2018-06-08,10.754513082099983,10.825971572863248,10.718783836718352,10.808107376098633,28371900,0,10.659830665588382,10.489223384857178,10.330227851867676,10.240606943766275,10.028558588027954,32594900.0,33616030.0,29815340.0,33302486.66666667,38726981.66666666,10.745579719543457,10.691987991333008,10.566934585571287,10.486543655395508,10.459747314453123,10.590158653259275,10.504408836364746,10.429377365112305,10.359704971313477,10.318616104125976,10.446348094940186,10.393647384643554,10.353451919555663,10.324868392944335,10.28824577331543,10.290478944778444,10.247157239913939,10.21589412689209,10.194009923934935,10.17703847885132,10.220658079783123,10.19326566060384,10.163193511962893,10.13967170715332,10.112279256184896,10.010308424631754,9.989574766159057,9.970175011952717,9.951684236526491,9.932770506540935,34001760.0,36851580.0,35740400.0,35797920.0,34637160.0,34266470.0,31894560.0,31019600.0,31017120.0,30892360.0,29997935.0,29818830.0,29551010.0,29374690.0,29719800.0,35045983.333333336,34814050.0,35097866.666666664,35127860.0,35787483.333333336,39787205.0,39739583.333333336,39784423.333333336,39711885.0,39741996.66666666,0
2018-06-11,10.808106532972984,10.852767447326784,10.736648047784099,10.745579719543457,30398100,1,10.711637878417966,10.535671424865722,10.36774353981018,10.256685098012287,10.045032119750976,33646260.0,34722090.0,30343360.0,33203226.66666667,38439528.333333336,10.808107376098633,10.745579719543457,10.691987991333008,10.566934585571287,10.486543655395508,10.659830665588382,10.590158653259275,10.504408836364746,10.429377365112305,10.359704971313477,10.489223384857178,10.446348094940186,10.393647384643554,10.353451919555663,10.324868392944335,10.330227851867676,10.290478944778444,10.247157239913939,10.21589412689209,10.194009923934935,10.240606943766275,10.220658079783123,10.19326566060384,10.163193511962893,10.13967170715332,10.028558588027954,10.010308424631754,9.989574766159057,9.970175011952717,9.951684236526491,32594900.0,34001760.0,36851580.0,35740400.0,35797920.0,33616030.0,34266470.0,31894560.0,31019600.0,31017120.0,29815340.0,29997935.0,29818830.0,29551010.0,29374690.0,33302486.66666667,35045983.333333336,34814050.0,35097866.666666664,35127860.0,38726981.66666666,39787205.0,39739583.333333336,39784423.333333336,39711885.0,1
2018-06-12,10.781310242907184,10.852768736585004,10.745580996068272,10.817039489746094,51395400,0,10.761658859252927,10.595518112182617,10.409278774261477,10.28258883158366,10.061521434783936,37718000.0,36729200.0,31517975.0,32713376.66666667,37951381.66666666,10.745579719543457,10.808107376098633,10.745579719543457,10.691987991333008,10.566934585571287,10.711637878417966,10.659830665588382,10.590158653259275,10.504408836364746,10.429377365112305,10.535671424865722,10.489223384857178,10.446348094940186,10.393647384643554,10.353451919555663,10.36774353981018,10.330227851867676,10.290478944778444,10.247157239913939,10.21589412689209,10.256685098012287,10.240606943766275,10.220658079783123,10.19326566060384,10.163193511962893,10.045032119750976,10.028558588027954,10.010308424631754,9.989574766159057,9.970175011952717,33646260.0,32594900.0,34001760.0,36851580.0,35740400.0,34722090.0,33616030.0,34266470.0,31894560.0,31019600.0,30343360.0,29815340.0,29997935.0,29818830.0,29551010.0,33203226.66666667,33302486.66666667,35045983.333333336,34814050.0,35097866.666666664,38439528.333333336,38726981.66666666,39787205.0,39739583.333333336,39784423.333333336,0
2018-06-13,10.808108008186984,10.808108008186984,10.683055216111637,10.736649513244627,28406700,0,10.770591163635254,10.6375,10.445008087158204,10.305217361450195,10.078727515538533,37177240.0,37014410.0,31590805.0,31612586.66666667,37372785.0,10.817039489746094,10.745579719543457,10.808107376098633,10.745579719543457,10.691987991333008,10.761658859252927,10.711637878417966,10.659830665588382,10.590158653259275,10.504408836364746,10.595518112182617,10.535671424865722,10.489223384857178,10.446348094940186,10.393647384643554,10.409278774261477,10.36774353981018,10.330227851867676,10.290478944778444,10.247157239913939,10.28258883158366,10.256685098012287,10.240606943766275,10.220658079783123,10.19326566060384,10.061521434783936,10.045032119750976,10.028558588027954,10.010308424631754,9.989574766159057,37718000.0,33646260.0,32594900.0,34001760.0,36851580.0,36729200.0,34722090.0,33616030.0,34266470.0,31894560.0,31517975.0,30343360.0,29815340.0,29997935.0,29818830.0,32713376.66666667,33203226.66666667,33302486.66666667,35045983.333333336,34814050.0,37951381.66666666,38439528.333333336,38726981.66666666,39787205.0,39739583.333333336,1
2018-06-14,10.718785354225831,10.727717879798961,10.575868352465893,10.620530128479004,34523000,0,10.745581245422363,10.66786994934082,10.466892385482787,10.325464057922364,10.094292132059733,34619020.0,34310390.0,31868120.0,31366703.33333333,37187955.0,10.736649513244627,10.817039489746094,10.745579719543457,10.808107376098633,10.745579719543457,10.770591163635254,10.761658859252927,10.711637878417966,10.659830665588382,10.590158653259275,10.6375,10.595518112182617,10.535671424865722,10.489223384857178,10.446348094940186,10.445008087158204,10.409278774261477,10.36774353981018,10.330227851867676,10.290478944778444,10.305217361450195,10.28258883158366,10.256685098012287,10.240606943766275,10.220658079783123,10.078727515538533,10.061521434783936,10.045032119750976,10.028558588027954,10.010308424631754,37177240.0,37718000.0,33646260.0,32594900.0,34001760.0,37014410.0,36729200.0,34722090.0,33616030.0,34266470.0,31590805.0,31517975.0,30343360.0,29815340.0,29997935.0,31612586.66666667,32713376.66666667,33203226.66666667,33302486.66666667,35045983.333333336,37372785.0,37951381.66666666,38439528.333333336,38726981.66666666,39787205.0,0
2018-06-15,10.575866862078014,10.745580564788167,10.540137616673118,10.61159610748291,56326800,1,10.706278991699216,10.683054828643801,10.485650300979612,10.345710595448812,10.108091926574707,40210000.0,36402450.0,33647405.0,31947350.0,37484218.333333336,10.620530128479004,10.736649513244627,10.817039489746094,10.745579719543457,10.808107376098633,10.745581245422363,10.770591163635254,10.761658859252927,10.711637878417966,10.659830665588382,10.66786994934082,10.6375,10.595518112182617,10.535671424865722,10.489223384857178,10.466892385482787,10.445008087158204,10.409278774261477,10.36774353981018,10.330227851867676,10.325464057922364,10.305217361450195,10.28258883158366,10.256685098012287,10.240606943766275,10.094292132059733,10.078727515538533,10.061521434783936,10.045032119750976,10.028558588027954,34619020.0,37177240.0,37718000.0,33646260.0,32594900.0,34310390.0,37014410.0,36729200.0,34722090.0,33616030.0,31868120.0,31590805.0,31517975.0,30343360.0,29815340.0,31366703.33333333,31612586.66666667,32713376.66666667,33203226.66666667,33302486.66666667,37187955.0,37372785.0,37951381.66666666,38439528.333333336,38726981.66666666,0
2018-06-18,10.558002699944092,10.754513992097143,10.54907102673223,10.70985221862793,32706500,0,10.699133491516113,10.70538568496704,10.515127038955688,10.364468510945636,10.128670819600423,40671680.0,37158970.0,34088045.0,31969450.0,37174645.0,10.61159610748291,10.620530128479004,10.736649513244627,10.817039489746094,10.745579719543457,10.706278991699216,10.745581245422363,10.770591163635254,10.761658859252927,10.711637878417966,10.683054828643801,10.66786994934082,10.6375,10.595518112182617,10.535671424865722,10.485650300979612,10.466892385482787,10.445008087158204,10.409278774261477,10.36774353981018,10.345710595448812,10.325464057922364,10.305217361450195,10.28258883158366,10.256685098012287,10.108091926574707,10.094292132059733,10.078727515538533,10.061521434783936,10.045032119750976,40210000.0,34619020.0,37177240.0,37718000.0,33646260.0,36402450.0,34310390.0,37014410.0,36729200.0,34722090.0,33647405.0,31868120.0,31590805.0,31517975.0,30343360.0,31947350.0,31366703.33333333,31612586.66666667,32713376.66666667,33203226.66666667,37484218.333333336,37187955.0,37372785.0,37951381.66666666,38439528.333333336,0
2018-06-19,10.558003301319637,10.620530128479004,10.424018825132825,10.620530128479004,40064800,0,10.659831619262695,10.710745239257813,10.53209857940674,10.380844497680664,10.150552129745485,38405560.0,38061780.0,34540690.0,32387933.33333333,37176543.333333336,10.70985221862793,10.61159610748291,10.620530128479004,10.736649513244627,10.817039489746094,10.699133491516113,10.706278991699216,10.745581245422363,10.770591163635254,10.761658859252927,10.70538568496704,10.683054828643801,10.66786994934082,10.6375,10.595518112182617,10.515127038955688,10.485650300979612,10.466892385482787,10.445008087158204,10.409278774261477,10.364468510945636,10.345710595448812,10.325464057922364,10.305217361450195,10.28258883158366,10.128670819600423,10.108091926574707,10.094292132059733,10.078727515538533,10.061521434783936,40671680.0,40210000.0,34619020.0,37177240.0,37718000.0,37158970.0,36402450.0,34310390.0,37014410.0,36729200.0,34088045.0,33647405.0,31868120.0,31590805.0,31517975.0,31969450.0,31947350.0,31366703.33333333,31612586.66666667,32713376.66666667,37174645.0,37484218.333333336,37187955.0,37372785.0,37951381.66666666,1
2018-06-20,10.691987536733608,10.76344603031116,10.566934747046671,10.60266399383545,31964800,0,10.63303451538086,10.701812839508056,10.547730112075806,10.398709106445313,10.168169339497883,39117180.0,38147210.0,35020885.0,32594956.66666667,36837198.333333336,10.620530128479004,10.70985221862793,10.61159610748291,10.620530128479004,10.736649513244627,10.659831619262695,10.699133491516113,10.706278991699216,10.745581245422363,10.770591163635254,10.710745239257813,10.70538568496704,10.683054828643801,10.66786994934082,10.6375,10.53209857940674,10.515127038955688,10.485650300979612,10.466892385482787,10.445008087158204,10.380844497680664,10.364468510945636,10.345710595448812,10.325464057922364,10.305217361450195,10.150552129745485,10.128670819600423,10.108091926574707,10.094292132059733,10.078727515538533,38405560.0,40671680.0,40210000.0,34619020.0,37177240.0,38061780.0,37158970.0,36402450.0,34310390.0,37014410.0,34540690.0,34088045.0,33647405.0,31868120.0,31590805.0,32387933.33333333,31969450.0,31947350.0,31366703.33333333,31612586.66666667,37176543.333333336,37174645.0,37484218.333333336,37187955.0,37372785.0,0
2018-06-21,10.540138335056444,10.566935057973401,10.39722134369608,10.459747314453123,33316700,0,10.600877952575683,10.673229598999024,10.559788846969603,10.418062496185305,10.183404604593912,38875920.0,36747470.0,35506970.0,32247780.0,36714521.66666666,10.60266399383545,10.620530128479004,10.70985221862793,10.61159610748291,10.620530128479004,10.63303451538086,10.659831619262695,10.699133491516113,10.706278991699216,10.745581245422363,10.701812839508056,10.710745239257813,10.70538568496704,10.683054828643801,10.66786994934082,10.547730112075806,10.53209857940674,10.515127038955688,10.485650300979612,10.466892385482787,10.398709106445313,10.380844497680664,10.364468510945636,10.345710595448812,10.325464057922364,10.168169339497883,10.150552129745485,10.128670819600423,10.108091926574707,10.094292132059733,39117180.0,38405560.0,40671680.0,40210000.0,34619020.0,38147210.0,38061780.0,37158970.0,36402450.0,34310390.0,35020885.0,34540690.0,34088045.0,33647405.0,31868120.0,32594956.66666667,32387933.33333333,31969450.0,31947350.0,31366703.33333333,36837198.333333336,37176543.333333336,37174645.0,37484218.333333336,37187955.0,1
2018-06-22,10.495475306383234,10.602663037077203,10.379355051835008,10.40615177154541,36703500,0,10.559789085388184,10.633034038543704,10.561128711700439,10.431163247426351,10.19730593363444,34951260.0,37580630.0,35598330.0,32403770.0,36621851.66666666,10.459747314453123,10.60266399383545,10.620530128479004,10.70985221862793,10.61159610748291,10.600877952575683,10.63303451538086,10.659831619262695,10.699133491516113,10.706278991699216,10.673229598999024,10.701812839508056,10.710745239257813,10.70538568496704,10.683054828643801,10.559788846969603,10.547730112075806,10.53209857940674,10.515127038955688,10.485650300979612,10.418062496185305,10.398709106445313,10.380844497680664,10.364468510945636,10.345710595448812,10.183404604593912,10.168169339497883,10.150552129745485,10.128670819600423,10.108091926574707,38875920.0,39117180.0,38405560.0,40671680.0,40210000.0,36747470.0,38147210.0,38061780.0,37158970.0,36402450.0,35506970.0,35020885.0,34540690.0,34088045.0,33647405.0,32247780.0,32594956.66666667,32387933.33333333,31969450.0,31947350.0,36714521.66666666,36837198.333333336,37176543.333333336,37174645.0,37484218.333333336,1
2018-06-25,10.388288423510026,10.42401766999066,10.164980420042964,10.272168159484863,36101900,1,10.47225227355957,10.585692882537842,10.560682153701784,10.440393320719402,10.20574239095052,35630340.0,38151010.0,36436550.0,32945910.0,36559150.0,10.40615177154541,10.459747314453123,10.60266399383545,10.620530128479004,10.70985221862793,10.559789085388184,10.600877952575683,10.63303451538086,10.659831619262695,10.699133491516113,10.633034038543704,10.673229598999024,10.701812839508056,10.710745239257813,10.70538568496704,10.561128711700439,10.559788846969603,10.547730112075806,10.53209857940674,10.515127038955688,10.431163247426351,10.418062496185305,10.398709106445313,10.380844497680664,10.364468510945636,10.19730593363444,10.183404604593912,10.168169339497883,10.150552129745485,10.128670819600423,34951260.0,38875920.0,39117180.0,38405560.0,40671680.0,37580630.0,36747470.0,38147210.0,38061780.0,37158970.0,35598330.0,35506970.0,35020885.0,34540690.0,34088045.0,32403770.0,32247780.0,32594956.66666667,32387933.33333333,31969450.0,36621851.66666666,36714521.66666666,36837198.333333336,37176543.333333336,37174645.0,0
2018-06-26,10.325762587392383,10.388288556571265,10.26323576636106,10.290033340454102,36627700,0,10.40615291595459,10.532992267608645,10.564255189895631,10.450516605377198,10.217708412806195,34942920.0,36674240.0,36701720.0,33236730.0,36442976.66666666,10.272168159484863,10.40615177154541,10.459747314453123,10.60266399383545,10.620530128479004,10.47225227355957,10.559789085388184,10.600877952575683,10.63303451538086,10.659831619262695,10.585692882537842,10.633034038543704,10.673229598999024,10.701812839508056,10.710745239257813,10.560682153701784,10.561128711700439,10.559788846969603,10.547730112075806,10.53209857940674,10.440393320719402,10.431163247426351,10.418062496185305,10.398709106445313,10.380844497680664,10.20574239095052,10.19730593363444,10.183404604593912,10.168169339497883,10.150552129745485,35630340.0,34951260.0,38875920.0,39117180.0,38405560.0,38151010.0,37580630.0,36747470.0,38147210.0,38061780.0,36436550.0,35598330.0,35506970.0,35020885.0,34540690.0,32945910.0,32403770.0,32247780.0,32594956.66666667,32387933.33333333,36559150.0,36621851.66666666,36714521.66666666,36837198.333333336,37176543.333333336,0
2018-06-27,10.307898042693845,10.397221590339237,10.182845246360786,10.20071029663086,27242000,0,10.325762176513672,10.479398345947263,10.558449172973633,10.456471506754557,10.223925574620564,33998360.0,36557770.0,36786090.0,33246460.0,36188278.333333336,10.290033340454102,10.272168159484863,10.40615177154541,10.459747314453123,10.60266399383545,10.40615291595459,10.47225227355957,10.559789085388184,10.600877952575683,10.63303451538086,10.532992267608645,10.585692882537842,10.633034038543704,10.673229598999024,10.701812839508056,10.564255189895631,10.560682153701784,10.561128711700439,10.559788846969603,10.547730112075806,10.450516605377198,10.440393320719402,10.431163247426351,10.418062496185305,10.398709106445313,10.217708412806195,10.20574239095052,10.19730593363444,10.183404604593912,10.168169339497883,34942920.0,35630340.0,34951260.0,38875920.0,39117180.0,36674240.0,38151010.0,37580630.0,36747470.0,38147210.0,36701720.0,36436550.0,35598330.0,35506970.0,35020885.0,33236730.0,32945910.0,32403770.0,32247780.0,32594956.66666667,36442976.66666666,36559150.0,36621851.66666666,36714521.66666666,36837198.333333336,1
2018-06-28,10.156047908517026,10.182844630448846,9.959536626694684,10.07565689086914,43836400,0,10.248944091796877,10.42491102218628,10.546390485763547,10.452898597717283,10.22541429201762,36102300.0,37489110.0,35899750.0,33741783.333333336,36171641.66666666,10.20071029663086,10.290033340454102,10.272168159484863,10.40615177154541,10.459747314453123,10.325762176513672,10.40615291595459,10.47225227355957,10.559789085388184,10.600877952575683,10.479398345947263,10.532992267608645,10.585692882537842,10.633034038543704,10.673229598999024,10.558449172973633,10.564255189895631,10.560682153701784,10.561128711700439,10.559788846969603,10.456471506754557,10.450516605377198,10.440393320719402,10.431163247426351,10.418062496185305,10.223925574620564,10.217708412806195,10.20574239095052,10.19730593363444,10.183404604593912,33998360.0,34942920.0,35630340.0,34951260.0,38875920.0,36557770.0,36674240.0,38151010.0,37580630.0,36747470.0,36786090.0,36701720.0,36436550.0,35598330.0,35506970.0,33246460.0,33236730.0,32945910.0,32403770.0,32247780.0,36188278.333333336,36442976.66666666,36559150.0,36621851.66666666,36714521.66666666,1
2018-06-29,10.111386705884321,10.156048479516642,9.852349441039834,9.888078689575195,44718500,1,10.145329475402832,10.352559280395507,10.517807054519654,10.44128662745158,10.223482894897463,37705300.0,36328280.0,36365365.0,34541030.0,36437690.0,10.07565689086914,10.20071029663086,10.290033340454102,10.272168159484863,10.40615177154541,10.248944091796877,10.325762176513672,10.40615291595459,10.47225227355957,10.559789085388184,10.42491102218628,10.479398345947263,10.532992267608645,10.585692882537842,10.633034038543704,10.546390485763547,10.558449172973633,10.564255189895631,10.560682153701784,10.561128711700439,10.452898597717283,10.456471506754557,10.450516605377198,10.440393320719402,10.431163247426351,10.22541429201762,10.223925574620564,10.217708412806195,10.20574239095052,10.19730593363444,36102300.0,33998360.0,34942920.0,35630340.0,34951260.0,37489110.0,36557770.0,36674240.0,38151010.0,37580630.0,35899750.0,36786090.0,36701720.0,36436550.0,35598330.0,33741783.333333336,33246460.0,33236730.0,32945910.0,32403770.0,36171641.66666666,36188278.333333336,36442976.66666666,36559150.0,36621851.66666666,1
2018-07-02,9.843416542343052,9.923806702650113,9.745160482213802,9.914875030517578,37892800,0,10.073870849609373,10.273061561584473,10.489223623275755,10.434438546498617,10.224495426813762,38063480.0,36846910.0,37002940.0,35007666.666666664,36537225.0,9.888078689575195,10.07565689086914,10.20071029663086,10.290033340454102,10.272168159484863,10.145329475402832,10.248944091796877,10.325762176513672,10.40615291595459,10.47225227355957,10.352559280395507,10.42491102218628,10.479398345947263,10.532992267608645,10.585692882537842,10.517807054519654,10.546390485763547,10.558449172973633,10.564255189895631,10.560682153701784,10.44128662745158,10.452898597717283,10.456471506754557,10.450516605377198,10.440393320719402,10.223482894897463,10.22541429201762,10.223925574620564,10.217708412806195,10.20574239095052,37705300.0,36102300.0,33998360.0,34942920.0,35630340.0,36328280.0,37489110.0,36557770.0,36674240.0,38151010.0,36365365.0,35899750.0,36786090.0,36701720.0,36436550.0,34541030.0,33741783.333333336,33246460.0,33236730.0,32945910.0,36437690.0,36171641.66666666,36188278.333333336,36442976.66666666,36559150.0,0
2018-07-03,9.914874015771394,9.959534927420332,9.771956202197016,9.816617965698242,16544800,1,9.979187774658204,10.192670345306396,10.451707792282104,10.418955834706624,10.22284204165141,34046900.0,34494910.0,36278345.0,34525430.0,36205260.0,9.914875030517578,9.888078689575195,10.07565689086914,10.20071029663086,10.290033340454102,10.073870849609373,10.145329475402832,10.248944091796877,10.325762176513672,10.40615291595459,10.273061561584473,10.352559280395507,10.42491102218628,10.479398345947263,10.532992267608645,10.489223623275755,10.517807054519654,10.546390485763547,10.558449172973633,10.564255189895631,10.434438546498617,10.44128662745158,10.452898597717283,10.456471506754557,10.450516605377198,10.224495426813762,10.223482894897463,10.22541429201762,10.223925574620564,10.217708412806195,38063480.0,37705300.0,36102300.0,33998360.0,34942920.0,36846910.0,36328280.0,37489110.0,36557770.0,36674240.0,37002940.0,36365365.0,35899750.0,36786090.0,36701720.0,35007666.666666664,34541030.0,33741783.333333336,33246460.0,33236730.0,36537225.0,36437690.0,36171641.66666666,36188278.333333336,36442976.66666666,0
2018-07-05,9.91487527779198,9.95060452277032,9.8434167878353,9.870213508605957,32008500,1,9.913088417053222,10.119425296783447,10.410619068145753,10.404961840311687,10.21914389928182,35000200.0,34499280.0,36323245.0,34847016.666666664,36019663.333333336,9.816617965698242,9.914875030517578,9.888078689575195,10.07565689086914,10.20071029663086,9.979187774658204,10.073870849609373,10.145329475402832,10.248944091796877,10.325762176513672,10.192670345306396,10.273061561584473,10.352559280395507,10.42491102218628,10.479398345947263,10.451707792282104,10.489223623275755,10.517807054519654,10.546390485763547,10.558449172973633,10.418955834706624,10.434438546498617,10.44128662745158,10.452898597717283,10.456471506754557,10.22284204165141,10.224495426813762,10.223482894897463,10.22541429201762,10.223925574620564,34046900.0,38063480.0,37705300.0,36102300.0,33998360.0,34494910.0,36846910.0,36328280.0,37489110.0,36557770.0,36278345.0,37002940.0,36365365.0,35899750.0,36786090.0,34525430.0,35007666.666666664,34541030.0,33741783.333333336,33246460.0,36205260.0,36537225.0,36437690.0,36171641.66666666,36188278.333333336,1
2018-07-06,9.86128057458049,9.914874865746912,9.754092844100008,9.879145622253418,25646700,1,9.873786163330076,10.061365127563477,10.36729736328125,10.393647607167562,10.215888420740765,31362260.0,33732280.0,35239875.0,34915406.666666664,35897458.333333336,9.870213508605957,9.816617965698242,9.914875030517578,9.888078689575195,10.07565689086914,9.913088417053222,9.979187774658204,10.073870849609373,10.145329475402832,10.248944091796877,10.119425296783447,10.192670345306396,10.273061561584473,10.352559280395507,10.42491102218628,10.410619068145753,10.451707792282104,10.489223623275755,10.517807054519654,10.546390485763547,10.404961840311687,10.418955834706624,10.434438546498617,10.44128662745158,10.452898597717283,10.21914389928182,10.22284204165141,10.224495426813762,10.223482894897463,10.22541429201762,35000200.0,34046900.0,38063480.0,37705300.0,36102300.0,34499280.0,34494910.0,36846910.0,36328280.0,37489110.0,36323245.0,36278345.0,37002940.0,36365365.0,35899750.0,34847016.666666664,34525430.0,35007666.666666664,34541030.0,33741783.333333336,36019663.333333336,36205260.0,36537225.0,36437690.0,36171641.66666666,1
2018-07-09,9.9148772771576,10.057794285890619,9.852350446947481,10.004199981689453,23916800,1,9.89701042175293,10.021169948577883,10.327101993560794,10.381142457326254,10.21647998491923,27201920.0,32453610.0,35017120.0,34550090.0,35510510.0,9.879145622253418,9.870213508605957,9.816617965698242,9.914875030517578,9.888078689575195,9.873786163330076,9.913088417053222,9.979187774658204,10.073870849609373,10.145329475402832,10.061365127563477,10.119425296783447,10.192670345306396,10.273061561584473,10.352559280395507,10.36729736328125,10.410619068145753,10.451707792282104,10.489223623275755,10.517807054519654,10.393647607167562,10.404961840311687,10.418955834706624,10.434438546498617,10.44128662745158,10.215888420740765,10.21914389928182,10.22284204165141,10.224495426813762,10.223482894897463,31362260.0,35000200.0,34046900.0,38063480.0,37705300.0,33732280.0,34499280.0,34494910.0,36846910.0,36328280.0,35239875.0,36323245.0,36278345.0,37002940.0,36365365.0,34915406.666666664,34847016.666666664,34525430.0,35007666.666666664,34541030.0,35897458.333333336,36019663.333333336,36205260.0,36537225.0,36437690.0,0
2018-07-10,10.004198777112146,10.057793074860172,9.977402054164363,10.048860549926758,21231500,0,9.923807525634766,9.998839187622073,10.292266035079956,10.373401165008543,10.218256616592408,23869660.0,30966570.0,34558790.0,34613223.333333336,35287721.666666664,10.004199981689453,9.879145622253418,9.870213508605957,9.816617965698242,9.914875030517578,9.89701042175293,9.873786163330076,9.913088417053222,9.979187774658204,10.073870849609373,10.021169948577883,10.061365127563477,10.119425296783447,10.192670345306396,10.273061561584473,10.327101993560794,10.36729736328125,10.410619068145753,10.451707792282104,10.489223623275755,10.381142457326254,10.393647607167562,10.404961840311687,10.418955834706624,10.434438546498617,10.21647998491923,10.215888420740765,10.21914389928182,10.22284204165141,10.224495426813762,27201920.0,31362260.0,35000200.0,34046900.0,38063480.0,32453610.0,33732280.0,34499280.0,34494910.0,36846910.0,35017120.0,35239875.0,36323245.0,36278345.0,37002940.0,34550090.0,34915406.666666664,34847016.666666664,34525430.0,35007666.666666664,35510510.0,35897458.333333336,36019663.333333336,36205260.0,36537225.0,0
2018-07-11,9.959537186645916,9.977402236839836,9.870214491233755,9.888078689575195,30030100,0,9.938099670410157,9.95864372253418,10.24581799507141,10.362384700775149,10.21588452657064,26566720.0,30306810.0,33490525.0,34570083.333333336,35241501.666666664,10.048860549926758,10.004199981689453,9.879145622253418,9.870213508605957,9.816617965698242,9.923807525634766,9.89701042175293,9.873786163330076,9.913088417053222,9.979187774658204,9.998839187622073,10.021169948577883,10.061365127563477,10.119425296783447,10.192670345306396,10.292266035079956,10.327101993560794,10.36729736328125,10.410619068145753,10.451707792282104,10.373401165008543,10.381142457326254,10.393647607167562,10.404961840311687,10.418955834706624,10.218256616592408,10.21647998491923,10.215888420740765,10.21914389928182,10.22284204165141,23869660.0,27201920.0,31362260.0,35000200.0,34046900.0,30966570.0,32453610.0,33732280.0,34499280.0,34494910.0,34558790.0,35017120.0,35239875.0,36323245.0,36278345.0,34613223.333333336,34550090.0,34915406.666666664,34847016.666666664,34525430.0,35287721.666666664,35510510.0,35897458.333333336,36019663.333333336,36205260.0,0
2018-07-12,9.91487527779198,9.95060452277032,9.82555173941993,9.870213508605957,27025200,0,9.938099670410157,9.925594043731687,10.202496194839476,10.347497463226318,10.213214683532717,25570060.0,30285130.0,33421450.0,34619103.333333336,35176808.333333336,9.888078689575195,10.048860549926758,10.004199981689453,9.879145622253418,9.870213508605957,9.938099670410157,9.923807525634766,9.89701042175293,9.873786163330076,9.913088417053222,9.95864372253418,9.998839187622073,10.021169948577883,10.061365127563477,10.119425296783447,10.24581799507141,10.292266035079956,10.327101993560794,10.36729736328125,10.410619068145753,10.362384700775149,10.373401165008543,10.381142457326254,10.393647607167562,10.404961840311687,10.21588452657064,10.218256616592408,10.21647998491923,10.215888420740765,10.21914389928182,26566720.0,23869660.0,27201920.0,31362260.0,35000200.0,30306810.0,30966570.0,32453610.0,33732280.0,34499280.0,33490525.0,34558790.0,35017120.0,35239875.0,36323245.0,34570083.333333336,34613223.333333336,34550090.0,34915406.666666664,34847016.666666664,35241501.666666664,35287721.666666664,35510510.0,35897458.333333336,36019663.333333336,1
2018-07-13,9.843416902973765,9.870213624057863,9.745160839244734,9.807686805725098,36561500,0,9.923807907104493,9.898797035217283,10.161854028701784,10.330526002248128,10.210237232844037,27753020.0,29557640.0,33523375.0,33785713.333333336,35015731.666666664,9.870213508605957,9.888078689575195,10.048860549926758,10.004199981689453,9.879145622253418,9.938099670410157,9.938099670410157,9.923807525634766,9.89701042175293,9.873786163330076,9.925594043731687,9.95864372253418,9.998839187622073,10.021169948577883,10.061365127563477,10.202496194839476,10.24581799507141,10.292266035079956,10.327101993560794,10.36729736328125,10.347497463226318,10.362384700775149,10.373401165008543,10.381142457326254,10.393647607167562,10.213214683532717,10.21588452657064,10.218256616592408,10.21647998491923,10.215888420740765,25570060.0,26566720.0,23869660.0,27201920.0,31362260.0,30285130.0,30306810.0,30966570.0,32453610.0,33732280.0,33421450.0,33490525.0,34558790.0,35017120.0,35239875.0,34619103.333333336,34570083.333333336,34613223.333333336,34550090.0,34915406.666666664,35176808.333333336,35241501.666666664,35287721.666666664,35510510.0,35897458.333333336,0
2018-07-16,9.780890108744053,9.79875515741241,9.611176405656666,9.691567420959473,46156800,1,9.861281394958496,9.879145908355714,10.115852594375609,10.30492000579834,10.208599630991618,32201020.0,29701470.0,33014875.0,34144066.666666664,34965775.0,9.807686805725098,9.870213508605957,9.888078689575195,10.048860549926758,10.004199981689453,9.923807907104493,9.938099670410157,9.938099670410157,9.923807525634766,9.89701042175293,9.898797035217283,9.925594043731687,9.95864372253418,9.998839187622073,10.021169948577883,10.161854028701784,10.202496194839476,10.24581799507141,10.292266035079956,10.327101993560794,10.330526002248128,10.347497463226318,10.362384700775149,10.373401165008543,10.381142457326254,10.210237232844037,10.213214683532717,10.21588452657064,10.218256616592408,10.21647998491923,27753020.0,25570060.0,26566720.0,23869660.0,27201920.0,29557640.0,30285130.0,30306810.0,30966570.0,32453610.0,33523375.0,33421450.0,33490525.0,34558790.0,35017120.0,33785713.333333336,34619103.333333336,34570083.333333336,34613223.333333336,34550090.0,35015731.666666664,35176808.333333336,35241501.666666664,35287721.666666664,35510510.0,1
2018-07-17,9.646905141463863,9.73622782452924,9.646905141463863,9.700498580932617,37584300,1,9.791609001159667,9.857708263397218,10.065384912490844,10.278718503316243,10.209195105234782,35471580.0,29670620.0,33258765.0,34558833.333333336,34843346.666666664,9.691567420959473,9.807686805725098,9.870213508605957,9.888078689575195,10.048860549926758,9.861281394958496,9.923807907104493,9.938099670410157,9.938099670410157,9.923807525634766,9.879145908355714,9.898797035217283,9.925594043731687,9.95864372253418,9.998839187622073,10.115852594375609,10.161854028701784,10.202496194839476,10.24581799507141,10.292266035079956,10.30492000579834,10.330526002248128,10.347497463226318,10.362384700775149,10.373401165008543,10.208599630991618,10.210237232844037,10.213214683532717,10.21588452657064,10.218256616592408,32201020.0,27753020.0,25570060.0,26566720.0,23869660.0,29701470.0,29557640.0,30285130.0,30306810.0,30966570.0,33014875.0,33523375.0,33421450.0,33490525.0,34558790.0,34144066.666666664,33785713.333333336,34619103.333333336,34570083.333333336,34613223.333333336,34965775.0,35015731.666666664,35176808.333333336,35241501.666666664,35287721.666666664,1
2018-07-18,9.691565547543023,9.736226456875986,9.655836308965313,9.709429740905762,36420000,0,9.755879211425784,9.846989440917971,10.019829893112183,10.25013500849406,10.206664260228477,36749560.0,31658140.0,33076525.0,34738276.666666664,34918071.666666664,9.700498580932617,9.691567420959473,9.807686805725098,9.870213508605957,9.888078689575195,9.791609001159667,9.861281394958496,9.923807907104493,9.938099670410157,9.938099670410157,9.857708263397218,9.879145908355714,9.898797035217283,9.925594043731687,9.95864372253418,10.065384912490844,10.115852594375609,10.161854028701784,10.202496194839476,10.24581799507141,10.278718503316243,10.30492000579834,10.330526002248128,10.347497463226318,10.362384700775149,10.209195105234782,10.208599630991618,10.210237232844037,10.213214683532717,10.21588452657064,35471580.0,32201020.0,27753020.0,25570060.0,26566720.0,29670620.0,29701470.0,29557640.0,30285130.0,30306810.0,33258765.0,33014875.0,33523375.0,33421450.0,33490525.0,34558833.333333336,34144066.666666664,33785713.333333336,34619103.333333336,34570083.333333336,34843346.666666664,34965775.0,35015731.666666664,35176808.333333336,35241501.666666664,1
2018-07-19,9.727296946630661,9.736228619369703,9.620109207090266,9.664770126342773,40308800,0,9.714790534973144,9.82644510269165,9.972935199737547,10.215894412994382,10.204580036799113,39406280.0,32488170.0,33493725.0,35044886.666666664,34929468.333333336,9.709429740905762,9.700498580932617,9.691567420959473,9.807686805725098,9.870213508605957,9.755879211425784,9.791609001159667,9.861281394958496,9.923807907104493,9.938099670410157,9.846989440917971,9.857708263397218,9.879145908355714,9.898797035217283,9.925594043731687,10.019829893112183,10.065384912490844,10.115852594375609,10.161854028701784,10.202496194839476,10.25013500849406,10.278718503316243,10.30492000579834,10.330526002248128,10.347497463226318,10.206664260228477,10.209195105234782,10.208599630991618,10.210237232844037,10.213214683532717,36749560.0,35471580.0,32201020.0,27753020.0,25570060.0,31658140.0,29670620.0,29701470.0,29557640.0,30285130.0,33076525.0,33258765.0,33014875.0,33523375.0,33421450.0,34738276.666666664,34558833.333333336,34144066.666666664,33785713.333333336,34619103.333333336,34918071.666666664,34843346.666666664,34965775.0,35015731.666666664,35176808.333333336,0
2018-07-20,9.673828645579588,9.710060177952146,9.519844417039248,9.565134048461914,41531200,0,9.666279983520507,9.7950439453125,9.928204536437988,10.176546223958333,10.198602151870727,40400220.0,34076620.0,33904450.0,34852123.333333336,34949053.333333336,9.664770126342773,9.709429740905762,9.700498580932617,9.691567420959473,9.807686805725098,9.714790534973144,9.755879211425784,9.791609001159667,9.861281394958496,9.923807907104493,9.82644510269165,9.846989440917971,9.857708263397218,9.879145908355714,9.898797035217283,9.972935199737547,10.019829893112183,10.065384912490844,10.115852594375609,10.161854028701784,10.215894412994382,10.25013500849406,10.278718503316243,10.30492000579834,10.330526002248128,10.204580036799113,10.206664260228477,10.209195105234782,10.208599630991618,10.210237232844037,39406280.0,36749560.0,35471580.0,32201020.0,27753020.0,32488170.0,31658140.0,29670620.0,29701470.0,29557640.0,33493725.0,33076525.0,33258765.0,33014875.0,33523375.0,35044886.666666664,34738276.666666664,34558833.333333336,34144066.666666664,33785713.333333336,34929468.333333336,34918071.666666664,34843346.666666664,34965775.0,35015731.666666664,1
2018-07-23,9.565133217257964,9.57419045169313,9.438322433059847,9.483612060546877,34942000,1,9.624688911437989,9.742985153198244,9.882077550888061,10.132396380106607,10.18650166193644,38157260.0,35179140.0,33816375.0,35071126.666666664,34186806.666666664,9.565134048461914,9.664770126342773,9.709429740905762,9.700498580932617,9.691567420959473,9.666279983520507,9.714790534973144,9.755879211425784,9.791609001159667,9.861281394958496,9.7950439453125,9.82644510269165,9.846989440917971,9.857708263397218,9.879145908355714,9.928204536437988,9.972935199737547,10.019829893112183,10.065384912490844,10.115852594375609,10.176546223958333,10.215894412994382,10.25013500849406,10.278718503316243,10.30492000579834,10.198602151870727,10.204580036799113,10.206664260228477,10.209195105234782,10.208599630991618,40400220.0,39406280.0,36749560.0,35471580.0,32201020.0,34076620.0,32488170.0,31658140.0,29670620.0,29701470.0,33904450.0,33493725.0,33076525.0,33258765.0,33014875.0,34852123.333333336,35044886.666666664,34738276.666666664,34558833.333333336,34144066.666666664,34949053.333333336,34929468.333333336,34918071.666666664,34843346.666666664,34965775.0,1
2018-07-24,9.519843279618907,9.728174349912985,9.510785181651052,9.574190139770508,47303000,0,9.599427223205566,9.695518112182617,9.847178649902343,10.093350060780843,10.175017579396565,40101000.0,37786290.0,34376430.0,35634623.333333336,34418925.0,9.483612060546877,9.565134048461914,9.664770126342773,9.709429740905762,9.700498580932617,9.624688911437989,9.666279983520507,9.714790534973144,9.755879211425784,9.791609001159667,9.742985153198244,9.7950439453125,9.82644510269165,9.846989440917971,9.857708263397218,9.882077550888061,9.928204536437988,9.972935199737547,10.019829893112183,10.065384912490844,10.132396380106607,10.176546223958333,10.215894412994382,10.25013500849406,10.278718503316243,10.18650166193644,10.198602151870727,10.204580036799113,10.206664260228477,10.209195105234782,38157260.0,40400220.0,39406280.0,36749560.0,35471580.0,35179140.0,34076620.0,32488170.0,31658140.0,29670620.0,33816375.0,33904450.0,33493725.0,33076525.0,33258765.0,35071126.666666664,34852123.333333336,35044886.666666664,34738276.666666664,34558833.333333336,34186806.666666664,34949053.333333336,34929468.333333336,34918071.666666664,34843346.666666664,0
2018-07-25,9.347743536930523,9.5741908192308,9.166585883855868,9.528902053833008,92497700,0,9.563321685791015,9.659600448608398,9.809122085571287,10.050412146250407,10.166500488917034,51316540.0,44033050.0,37169930.0,37004700.0,34859038.333333336,9.574190139770508,9.483612060546877,9.565134048461914,9.664770126342773,9.709429740905762,9.599427223205566,9.624688911437989,9.666279983520507,9.714790534973144,9.755879211425784,9.695518112182617,9.742985153198244,9.7950439453125,9.82644510269165,9.846989440917971,9.847178649902343,9.882077550888061,9.928204536437988,9.972935199737547,10.019829893112183,10.093350060780843,10.132396380106607,10.176546223958333,10.215894412994382,10.25013500849406,10.175017579396565,10.18650166193644,10.198602151870727,10.204580036799113,10.206664260228477,40101000.0,38157260.0,40400220.0,39406280.0,36749560.0,37786290.0,35179140.0,34076620.0,32488170.0,31658140.0,34376430.0,33816375.0,33904450.0,33493725.0,33076525.0,35634623.333333336,35071126.666666664,34852123.333333336,35044886.666666664,34738276.666666664,34418925.0,34186806.666666664,34949053.333333336,34929468.333333336,34918071.666666664,0
2018-07-26,9.184703074618128,9.202818409971274,8.912966133697507,8.958255767822266,103893000,1,9.422018814086917,9.56840467453003,9.746999359130859,9.991132354736328,10.14817485809326,64033380.0,51719830.0,41002480.0,39520910.0,35566748.333333336,9.528902053833008,9.574190139770508,9.483612060546877,9.565134048461914,9.664770126342773,9.563321685791015,9.599427223205566,9.624688911437989,9.666279983520507,9.714790534973144,9.659600448608398,9.695518112182617,9.742985153198244,9.7950439453125,9.82644510269165,9.809122085571287,9.847178649902343,9.882077550888061,9.928204536437988,9.972935199737547,10.050412146250407,10.093350060780843,10.132396380106607,10.176546223958333,10.215894412994382,10.166500488917034,10.175017579396565,10.18650166193644,10.198602151870727,10.204580036799113,51316540.0,40101000.0,38157260.0,40400220.0,39406280.0,44033050.0,37786290.0,35179140.0,34076620.0,32488170.0,37169930.0,34376430.0,33816375.0,33904450.0,33493725.0,37004700.0,35634623.333333336,35071126.666666664,34852123.333333336,35044886.666666664,34859038.333333336,34418925.0,34186806.666666664,34949053.333333336,34929468.333333336,0
2018-07-27,9.021660242229377,9.103181406414816,8.976370610589926,8.994486808776855,46171100,1,9.307889366149904,9.487084674835208,9.692940855026244,9.936930910746256,10.13119748433431,64961360.0,52680790.0,41119215.0,39909180.0,35637941.666666664,8.958255767822266,9.528902053833008,9.574190139770508,9.483612060546877,9.565134048461914,9.422018814086917,9.563321685791015,9.599427223205566,9.624688911437989,9.666279983520507,9.56840467453003,9.659600448608398,9.695518112182617,9.742985153198244,9.7950439453125,9.746999359130859,9.809122085571287,9.847178649902343,9.882077550888061,9.928204536437988,9.991132354736328,10.050412146250407,10.093350060780843,10.132396380106607,10.176546223958333,10.14817485809326,10.166500488917034,10.175017579396565,10.18650166193644,10.198602151870727,64033380.0,51316540.0,40101000.0,38157260.0,40400220.0,51719830.0,44033050.0,37786290.0,35179140.0,34076620.0,41002480.0,37169930.0,34376430.0,33816375.0,33904450.0,39520910.0,37004700.0,35634623.333333336,35071126.666666664,34852123.333333336,35566748.333333336,34859038.333333336,34418925.0,34186806.666666664,34949053.333333336,0
2018-07-30,9.02166038253534,9.148471180332407,8.994486948660215,9.121296882629396,35877000,0,9.235426330566408,9.430057621002195,9.654601764678953,9.887254269917806,10.116482432683311,65148360.0,51652810.0,40677140.0,39227520.0,35587435.0,8.994486808776855,8.958255767822266,9.528902053833008,9.574190139770508,9.483612060546877,9.307889366149904,9.422018814086917,9.563321685791015,9.599427223205566,9.624688911437989,9.487084674835208,9.56840467453003,9.659600448608398,9.695518112182617,9.742985153198244,9.692940855026244,9.746999359130859,9.809122085571287,9.847178649902343,9.882077550888061,9.936930910746256,9.991132354736328,10.050412146250407,10.093350060780843,10.132396380106607,10.13119748433431,10.14817485809326,10.166500488917034,10.175017579396565,10.18650166193644,64961360.0,64033380.0,51316540.0,40101000.0,38157260.0,52680790.0,51719830.0,44033050.0,37786290.0,35179140.0,41119215.0,41002480.0,37169930.0,34376430.0,33816375.0,39909180.0,39520910.0,37004700.0,35634623.333333336,35071126.666666664,35637941.666666664,35566748.333333336,34859038.333333336,34418925.0,34186806.666666664,1
2018-07-31,9.157527849723325,9.157527849723325,9.057891355787678,9.094122886657717,38026900,0,9.139412879943848,9.369420051574707,9.613564157485962,9.833396625518796,10.098932568232216,63293140.0,51697070.0,40683845.0,39404866.66666666,35687158.333333336,9.121296882629396,8.994486808776855,8.958255767822266,9.528902053833008,9.574190139770508,9.235426330566408,9.307889366149904,9.422018814086917,9.563321685791015,9.599427223205566,9.430057621002195,9.487084674835208,9.56840467453003,9.659600448608398,9.695518112182617,9.654601764678953,9.692940855026244,9.746999359130859,9.809122085571287,9.847178649902343,9.887254269917806,9.936930910746256,9.991132354736328,10.050412146250407,10.093350060780843,10.116482432683311,10.13119748433431,10.14817485809326,10.166500488917034,10.175017579396565,65148360.0,64961360.0,64033380.0,51316540.0,40101000.0,51652810.0,52680790.0,51719830.0,44033050.0,37786290.0,40677140.0,41119215.0,41002480.0,37169930.0,34376430.0,39227520.0,39909180.0,39520910.0,37004700.0,35634623.333333336,35587435.0,35637941.666666664,35566748.333333336,34859038.333333336,34418925.0,1
2018-08-01,9.112238842599345,9.130354175640523,8.894848799310523,8.96731185913086,44126700,1,9.027094841003418,9.295208263397218,9.571098852157592,9.77828934987386,10.079566923777262,53618940.0,52467740.0,42062940.0,39540263.333333336,35964098.333333336,9.094122886657717,9.121296882629396,8.994486808776855,8.958255767822266,9.528902053833008,9.139412879943848,9.235426330566408,9.307889366149904,9.422018814086917,9.563321685791015,9.369420051574707,9.430057621002195,9.487084674835208,9.56840467453003,9.659600448608398,9.613564157485962,9.654601764678953,9.692940855026244,9.746999359130859,9.809122085571287,9.833396625518796,9.887254269917806,9.936930910746256,9.991132354736328,10.050412146250407,10.098932568232216,10.116482432683311,10.13119748433431,10.14817485809326,10.166500488917034,63293140.0,65148360.0,64961360.0,64033380.0,51316540.0,51697070.0,51652810.0,52680790.0,51719830.0,44033050.0,40683845.0,40677140.0,41119215.0,41002480.0,37169930.0,39404866.66666666,39227520.0,39909180.0,39520910.0,37004700.0,35687158.333333336,35587435.0,35637941.666666664,35566748.333333336,34859038.333333336,0
2018-08-02,8.96731165997866,9.039774718189689,8.912964798234288,8.985427856445312,40318900,1,9.032529258728028,9.22727403640747,9.526859569549561,9.724381478627523,10.061545292536415,40904120.0,52468750.0,42478460.0,39818733.333333336,36206845.0,8.96731185913086,9.094122886657717,9.121296882629396,8.994486808776855,8.958255767822266,9.027094841003418,9.139412879943848,9.235426330566408,9.307889366149904,9.422018814086917,9.295208263397218,9.369420051574707,9.430057621002195,9.487084674835208,9.56840467453003,9.571098852157592,9.613564157485962,9.654601764678953,9.692940855026244,9.746999359130859,9.77828934987386,9.833396625518796,9.887254269917806,9.936930910746256,9.991132354736328,10.079566923777262,10.098932568232216,10.116482432683311,10.13119748433431,10.14817485809326,53618940.0,63293140.0,65148360.0,64961360.0,64033380.0,52467740.0,51697070.0,51652810.0,52680790.0,51719830.0,42062940.0,40683845.0,40677140.0,41119215.0,41002480.0,39540263.333333336,39404866.66666666,39227520.0,39909180.0,39520910.0,35964098.333333336,35687158.333333336,35587435.0,35637941.666666664,35566748.333333336,0
2018-08-03,8.994486392722072,9.112239084006653,8.994486392722072,9.094122886657717,25925100,0,9.052456474304199,9.18017292022705,9.487608432769775,9.678860664367676,10.04846158027649,36854920.0,50908140.0,42492380.0,39572346.66666666,35910063.333333336,8.985427856445312,8.96731185913086,9.094122886657717,9.121296882629396,8.994486808776855,9.032529258728028,9.027094841003418,9.139412879943848,9.235426330566408,9.307889366149904,9.22727403640747,9.295208263397218,9.369420051574707,9.430057621002195,9.487084674835208,9.526859569549561,9.571098852157592,9.613564157485962,9.654601764678953,9.692940855026244,9.724381478627523,9.77828934987386,9.833396625518796,9.887254269917806,9.936930910746256,10.061545292536415,10.079566923777262,10.098932568232216,10.116482432683311,10.13119748433431,40904120.0,53618940.0,63293140.0,65148360.0,64961360.0,52468750.0,52467740.0,51697070.0,51652810.0,52680790.0,42478460.0,42062940.0,40683845.0,40677140.0,41119215.0,39818733.333333336,39540263.333333336,39404866.66666666,39227520.0,39909180.0,36206845.0,35964098.333333336,35687158.333333336,35587435.0,35637941.666666664,0
2018-08-06,9.057890504683893,9.10318012997286,9.030717075041613,9.085063934326172,22247900,1,9.045209884643556,9.14031810760498,9.441651630401614,9.634824403127034,10.032993825276693,34129100.0,49638730.0,42408935.0,39090493.333333336,35747131.666666664,9.094122886657717,8.985427856445312,8.96731185913086,9.094122886657717,9.121296882629396,9.052456474304199,9.032529258728028,9.027094841003418,9.139412879943848,9.235426330566408,9.18017292022705,9.22727403640747,9.295208263397218,9.369420051574707,9.430057621002195,9.487608432769775,9.526859569549561,9.571098852157592,9.613564157485962,9.654601764678953,9.678860664367676,9.724381478627523,9.77828934987386,9.833396625518796,9.887254269917806,10.04846158027649,10.061545292536415,10.079566923777262,10.098932568232216,10.116482432683311,36854920.0,40904120.0,53618940.0,63293140.0,65148360.0,50908140.0,52468750.0,52467740.0,51697070.0,51652810.0,42492380.0,42478460.0,42062940.0,40683845.0,40677140.0,39572346.66666666,39818733.333333336,39540263.333333336,39404866.66666666,39227520.0,35910063.333333336,36206845.0,35964098.333333336,35687158.333333336,35587435.0,1
2018-08-07,9.094123348576273,9.148471079555737,9.076008014135038,9.13035488128662,27961200,0,9.052456283569336,9.095934581756591,9.395726346969603,9.596763960520427,10.018578640619914,32115960.0,47704550.0,42745420.0,38819136.66666666,35882523.333333336,9.085063934326172,9.094122886657717,8.985427856445312,8.96731185913086,9.094122886657717,9.045209884643556,9.052456474304199,9.032529258728028,9.027094841003418,9.139412879943848,9.14031810760498,9.18017292022705,9.22727403640747,9.295208263397218,9.369420051574707,9.441651630401614,9.487608432769775,9.526859569549561,9.571098852157592,9.613564157485962,9.634824403127034,9.678860664367676,9.724381478627523,9.77828934987386,9.833396625518796,10.032993825276693,10.04846158027649,10.061545292536415,10.079566923777262,10.098932568232216,34129100.0,36854920.0,40904120.0,53618940.0,63293140.0,49638730.0,50908140.0,52468750.0,52467740.0,51697070.0,42408935.0,42492380.0,42478460.0,42062940.0,40683845.0,39090493.333333336,39572346.66666666,39818733.333333336,39540263.333333336,39404866.66666666,35747131.666666664,35910063.333333336,36206845.0,35964098.333333336,35687158.333333336,0
2018-08-08,9.10318088531494,9.148470514361847,9.094122786739996,9.10318088531494,22600900,0,9.079630088806152,9.053362464904783,9.356481456756592,9.557202212015788,10.003859408696492,27810800.0,40714870.0,42373960.0,38351576.66666666,35794153.333333336,9.13035488128662,9.085063934326172,9.094122886657717,8.985427856445312,8.96731185913086,9.052456283569336,9.045209884643556,9.052456474304199,9.032529258728028,9.027094841003418,9.095934581756591,9.14031810760498,9.18017292022705,9.22727403640747,9.295208263397218,9.395726346969603,9.441651630401614,9.487608432769775,9.526859569549561,9.571098852157592,9.596763960520427,9.634824403127034,9.678860664367676,9.724381478627523,9.77828934987386,10.018578640619914,10.032993825276693,10.04846158027649,10.061545292536415,10.079566923777262,32115960.0,34129100.0,36854920.0,40904120.0,53618940.0,47704550.0,49638730.0,50908140.0,52468750.0,52467740.0,42745420.0,42408935.0,42492380.0,42478460.0,42062940.0,38819136.66666666,39090493.333333336,39572346.66666666,39818733.333333336,39540263.333333336,35882523.333333336,35747131.666666664,35910063.333333336,36206845.0,35964098.333333336,0
2018-08-09,9.112239709421221,9.121296944889492,8.967312712166235,8.976370811462402,35682600,0,9.077818679809573,9.055173969268797,9.311789321899417,9.516390895843506,9.986431201299034,26883540.0,33893830.0,42806830.0,38632930.0,35939695.0,9.10318088531494,9.13035488128662,9.085063934326172,9.094122886657717,8.985427856445312,9.079630088806152,9.052456283569336,9.045209884643556,9.052456474304199,9.032529258728028,9.053362464904783,9.095934581756591,9.14031810760498,9.18017292022705,9.22727403640747,9.356481456756592,9.395726346969603,9.441651630401614,9.487608432769775,9.526859569549561,9.557202212015788,9.596763960520427,9.634824403127034,9.678860664367676,9.724381478627523,10.003859408696492,10.018578640619914,10.032993825276693,10.04846158027649,10.061545292536415,27810800.0,32115960.0,34129100.0,36854920.0,40904120.0,40714870.0,47704550.0,49638730.0,50908140.0,52468750.0,42373960.0,42745420.0,42408935.0,42492380.0,42478460.0,38351576.66666666,38819136.66666666,39090493.333333336,39572346.66666666,39818733.333333336,35794153.333333336,35882523.333333336,35747131.666666664,35910063.333333336,36206845.0,0
2018-08-10,8.976370006885086,8.976370006885086,8.804270454823158,8.822385787963867,39180500,0,9.023471260070801,9.0379638671875,9.262524271011351,9.47461519241333,9.963756895065307,29534620.0,33194770.0,42937780.0,38477733.333333336,36109758.333333336,8.976370811462402,9.10318088531494,9.13035488128662,9.085063934326172,9.094122886657717,9.077818679809573,9.079630088806152,9.052456283569336,9.045209884643556,9.052456474304199,9.055173969268797,9.053362464904783,9.095934581756591,9.14031810760498,9.18017292022705,9.311789321899417,9.356481456756592,9.395726346969603,9.441651630401614,9.487608432769775,9.516390895843506,9.557202212015788,9.596763960520427,9.634824403127034,9.678860664367676,9.986431201299034,10.003859408696492,10.018578640619914,10.032993825276693,10.04846158027649,26883540.0,27810800.0,32115960.0,34129100.0,36854920.0,33893830.0,40714870.0,47704550.0,49638730.0,50908140.0,42806830.0,42373960.0,42745420.0,42408935.0,42492380.0,38632930.0,38351576.66666666,38819136.66666666,39090493.333333336,39572346.66666666,35939695.0,35794153.333333336,35882523.333333336,35747131.666666664,35910063.333333336,1
2018-08-13,8.82238538578762,8.831443483858964,8.532533158126881,8.568764686584473,66586200,1,8.92021141052246,8.982710647583009,9.206384134292602,9.430638058980305,9.935962343215943,38402280.0,36265690.0,43959250.0,39206656.66666666,36873843.333333336,8.822385787963867,8.976370811462402,9.10318088531494,9.13035488128662,9.085063934326172,9.023471260070801,9.077818679809573,9.079630088806152,9.052456283569336,9.045209884643556,9.0379638671875,9.055173969268797,9.053362464904783,9.095934581756591,9.14031810760498,9.262524271011351,9.311789321899417,9.356481456756592,9.395726346969603,9.441651630401614,9.47461519241333,9.516390895843506,9.557202212015788,9.596763960520427,9.634824403127034,9.963756895065307,9.986431201299034,10.003859408696492,10.018578640619914,10.032993825276693,29534620.0,26883540.0,27810800.0,32115960.0,34129100.0,33194770.0,33893830.0,40714870.0,47704550.0,49638730.0,42937780.0,42806830.0,42373960.0,42745420.0,42408935.0,38477733.333333336,38632930.0,38351576.66666666,38819136.66666666,39090493.333333336,36109758.333333336,35939695.0,35794153.333333336,35882523.333333336,35747131.666666664,1
2018-08-14,8.614055734453647,8.713692238195348,8.55970800088586,8.604997634887695,37657400,0,8.815139961242675,8.933798122406008,9.151609086990355,9.386975479125976,9.910707012812297,40341520.0,36228740.0,43962905.0,39198810.0,37103238.333333336,8.568764686584473,8.822385787963867,8.976370811462402,9.10318088531494,9.13035488128662,8.92021141052246,9.023471260070801,9.077818679809573,9.079630088806152,9.052456283569336,8.982710647583009,9.0379638671875,9.055173969268797,9.053362464904783,9.095934581756591,9.206384134292602,9.262524271011351,9.311789321899417,9.356481456756592,9.395726346969603,9.430638058980305,9.47461519241333,9.516390895843506,9.557202212015788,9.596763960520427,9.935962343215943,9.963756895065307,9.986431201299034,10.003859408696492,10.018578640619914,38402280.0,29534620.0,26883540.0,27810800.0,32115960.0,36265690.0,33194770.0,33893830.0,40714870.0,47704550.0,43959250.0,42937780.0,42806830.0,42373960.0,42745420.0,39206656.66666666,38477733.333333336,38632930.0,38351576.66666666,38819136.66666666,36873843.333333336,36109758.333333336,35939695.0,35794153.333333336,35882523.333333336,1
2018-08-15,8.568763831420274,8.604995356261952,8.469127354062577,8.55970573425293,36298600,1,8.706444931030273,8.893037509918212,9.094122886657717,9.345078404744466,9.882017119725543,43081060.0,35445930.0,43956835.0,39857270.0,37191350.0,8.604997634887695,8.568764686584473,8.822385787963867,8.976370811462402,9.10318088531494,8.815139961242675,8.92021141052246,9.023471260070801,9.077818679809573,9.079630088806152,8.933798122406008,8.982710647583009,9.0379638671875,9.055173969268797,9.053362464904783,9.151609086990355,9.206384134292602,9.262524271011351,9.311789321899417,9.356481456756592,9.386975479125976,9.430638058980305,9.47461519241333,9.516390895843506,9.557202212015788,9.910707012812297,9.935962343215943,9.963756895065307,9.986431201299034,10.003859408696492,40341520.0,38402280.0,29534620.0,26883540.0,27810800.0,36228740.0,36265690.0,33194770.0,33893830.0,40714870.0,43962905.0,43959250.0,42937780.0,42806830.0,42373960.0,39198810.0,39206656.66666666,38477733.333333336,38632930.0,38351576.66666666,37103238.333333336,36873843.333333336,36109758.333333336,35939695.0,35794153.333333336,0
2018-08-16,8.604997534085081,8.695576801027666,8.59593943462524,8.614055633544924,28857700,1,8.633981895446777,8.855900287628174,9.041587162017825,9.303206475575765,9.854084157943726,41716080.0,34299810.0,43384280.0,39752243.333333336,37299630.0,8.55970573425293,8.604997634887695,8.568764686584473,8.822385787963867,8.976370811462402,8.706444931030273,8.815139961242675,8.92021141052246,9.023471260070801,9.077818679809573,8.893037509918212,8.933798122406008,8.982710647583009,9.0379638671875,9.055173969268797,9.094122886657717,9.151609086990355,9.206384134292602,9.262524271011351,9.311789321899417,9.345078404744466,9.386975479125976,9.430638058980305,9.47461519241333,9.516390895843506,9.882017119725543,9.910707012812297,9.935962343215943,9.963756895065307,9.986431201299034,43081060.0,40341520.0,38402280.0,29534620.0,26883540.0,35445930.0,36228740.0,36265690.0,33194770.0,33893830.0,43956835.0,43962905.0,43959250.0,42937780.0,42806830.0,39857270.0,39198810.0,39206656.66666666,38477733.333333336,38632930.0,37191350.0,37103238.333333336,36873843.333333336,36109758.333333336,35939695.0,0
2018-08-17,8.632171428289483,8.69557726405674,8.568766456350177,8.650287628173826,32742900,1,8.59956226348877,8.811516761779785,8.995844841003418,9.26224454243978,9.82794607480367,40428560.0,34981590.0,42944865.0,39988783.333333336,37452095.0,8.614055633544924,8.55970573425293,8.604997634887695,8.568764686584473,8.822385787963867,8.633981895446777,8.706444931030273,8.815139961242675,8.92021141052246,9.023471260070801,8.855900287628174,8.893037509918212,8.933798122406008,8.982710647583009,9.0379638671875,9.041587162017825,9.094122886657717,9.151609086990355,9.206384134292602,9.262524271011351,9.303206475575765,9.345078404744466,9.386975479125976,9.430638058980305,9.47461519241333,9.854084157943726,9.882017119725543,9.910707012812297,9.935962343215943,9.963756895065307,41716080.0,43081060.0,40341520.0,38402280.0,29534620.0,34299810.0,35445930.0,36228740.0,36265690.0,33194770.0,43384280.0,43956835.0,43962905.0,43959250.0,42937780.0,39752243.333333336,39857270.0,39198810.0,39206656.66666666,38477733.333333336,37299630.0,37191350.0,37103238.333333336,36873843.333333336,36109758.333333336,0
2018-08-20,8.659344619121338,8.822386078060108,8.659344619121338,8.80427074432373,25252500,1,8.646663475036622,8.78343744277954,8.96187777519226,9.222246901194255,9.801694679260256,32161820.0,35282050.0,42460390.0,40033306.66666666,37291698.333333336,8.650287628173826,8.614055633544924,8.55970573425293,8.604997634887695,8.568764686584473,8.59956226348877,8.633981895446777,8.706444931030273,8.815139961242675,8.92021141052246,8.811516761779785,8.855900287628174,8.893037509918212,8.933798122406008,8.982710647583009,8.995844841003418,9.041587162017825,9.094122886657717,9.151609086990355,9.206384134292602,9.26224454243978,9.303206475575765,9.345078404744466,9.386975479125976,9.430638058980305,9.82794607480367,9.854084157943726,9.882017119725543,9.910707012812297,9.935962343215943,40428560.0,41716080.0,43081060.0,40341520.0,38402280.0,34981590.0,34299810.0,35445930.0,36228740.0,36265690.0,42944865.0,43384280.0,43956835.0,43962905.0,43959250.0,39988783.333333336,39752243.333333336,39857270.0,39198810.0,39206656.66666666,37452095.0,37299630.0,37191350.0,37103238.333333336,36873843.333333336,0
2018-08-21,8.849560519286205,8.967312350070028,8.777096591670826,8.93108081817627,46413900,0,8.711880111694336,8.763510036468508,8.929722309112549,9.184987576802571,9.77919437090556,33913120.0,37127320.0,42415935.0,40872720.0,37742971.66666666,8.80427074432373,8.650287628173826,8.614055633544924,8.55970573425293,8.604997634887695,8.646663475036622,8.59956226348877,8.633981895446777,8.706444931030273,8.815139961242675,8.78343744277954,8.811516761779785,8.855900287628174,8.893037509918212,8.933798122406008,8.96187777519226,8.995844841003418,9.041587162017825,9.094122886657717,9.151609086990355,9.222246901194255,9.26224454243978,9.303206475575765,9.345078404744466,9.386975479125976,9.801694679260256,9.82794607480367,9.854084157943726,9.882017119725543,9.910707012812297,32161820.0,40428560.0,41716080.0,43081060.0,40341520.0,35282050.0,34981590.0,34299810.0,35445930.0,36228740.0,42460390.0,42944865.0,43384280.0,43956835.0,43962905.0,40033306.66666666,39988783.333333336,39752243.333333336,39857270.0,39198810.0,37291698.333333336,37452095.0,37299630.0,37191350.0,37103238.333333336,0
2018-08-22,8.867675048101127,8.894848478597034,8.768038560397619,8.777095794677733,30803700,0,8.755358123779297,8.730901527404786,8.892131996154783,9.147954813639323,9.755169757207234,32814140.0,37947600.0,39331235.0,40898506.66666666,37734295.0,8.93108081817627,8.80427074432373,8.650287628173826,8.614055633544924,8.55970573425293,8.711880111694336,8.646663475036622,8.59956226348877,8.633981895446777,8.706444931030273,8.763510036468508,8.78343744277954,8.811516761779785,8.855900287628174,8.893037509918212,8.929722309112549,8.96187777519226,8.995844841003418,9.041587162017825,9.094122886657717,9.184987576802571,9.222246901194255,9.26224454243978,9.303206475575765,9.345078404744466,9.77919437090556,9.801694679260256,9.82794607480367,9.854084157943726,9.882017119725543,33913120.0,32161820.0,40428560.0,41716080.0,43081060.0,37127320.0,35282050.0,34981590.0,34299810.0,35445930.0,42415935.0,42460390.0,42944865.0,43384280.0,43956835.0,40872720.0,40033306.66666666,39988783.333333336,39752243.333333336,39857270.0,37742971.66666666,37291698.333333336,37452095.0,37299630.0,37191350.0,1
2018-08-23,8.758981241911716,8.77709657591214,8.677460079340158,8.722749710083008,31511800,1,8.777096939086912,8.705539417266845,8.880356693267823,9.109706020355224,9.728601741790774,33344960.0,37530520.0,35712175.0,41048060.0,37833581.66666666,8.777095794677733,8.93108081817627,8.80427074432373,8.650287628173826,8.614055633544924,8.755358123779297,8.711880111694336,8.646663475036622,8.59956226348877,8.633981895446777,8.730901527404786,8.763510036468508,8.78343744277954,8.811516761779785,8.855900287628174,8.892131996154783,8.929722309112549,8.96187777519226,8.995844841003418,9.041587162017825,9.147954813639323,9.184987576802571,9.222246901194255,9.26224454243978,9.303206475575765,9.755169757207234,9.77919437090556,9.801694679260256,9.82794607480367,9.854084157943726,32814140.0,33913120.0,32161820.0,40428560.0,41716080.0,37947600.0,37127320.0,35282050.0,34981590.0,34299810.0,39331235.0,42415935.0,42460390.0,42944865.0,43384280.0,40898506.66666666,40872720.0,40033306.66666666,39988783.333333336,39752243.333333336,37734295.0,37742971.66666666,37291698.333333336,37452095.0,37299630.0,1
2018-08-24,8.740864454784461,8.786154082473935,8.70463292539844,8.768038749694824,18380000,1,8.800647163391114,8.700104713439941,8.86903429031372,9.075051085154216,9.702788543701171,30472380.0,35450470.0,34322620.0,40442010.0,37113861.66666666,8.722749710083008,8.777095794677733,8.93108081817627,8.80427074432373,8.650287628173826,8.777096939086912,8.755358123779297,8.711880111694336,8.646663475036622,8.59956226348877,8.705539417266845,8.730901527404786,8.763510036468508,8.78343744277954,8.811516761779785,8.880356693267823,8.892131996154783,8.929722309112549,8.96187777519226,8.995844841003418,9.109706020355224,9.147954813639323,9.184987576802571,9.222246901194255,9.26224454243978,9.728601741790774,9.755169757207234,9.77919437090556,9.801694679260256,9.82794607480367,33344960.0,32814140.0,33913120.0,32161820.0,40428560.0,37530520.0,37947600.0,37127320.0,35282050.0,34981590.0,35712175.0,39331235.0,42415935.0,42460390.0,42944865.0,41048060.0,40898506.66666666,40872720.0,40033306.66666666,39988783.333333336,37833581.66666666,37734295.0,37742971.66666666,37291698.333333336,37452095.0,1
2018-08-27,8.83144464765313,9.094123479543027,8.813328449123121,9.048833847045898,49769300,1,8.849559783935547,8.748111629486084,8.865411138534547,9.05362663269043,9.679273319244382,35375740.0,33768780.0,35017235.0,40562426.66666666,37353246.66666666,8.768038749694824,8.722749710083008,8.777095794677733,8.93108081817627,8.80427074432373,8.800647163391114,8.777096939086912,8.755358123779297,8.711880111694336,8.646663475036622,8.700104713439941,8.705539417266845,8.730901527404786,8.763510036468508,8.78343744277954,8.86903429031372,8.880356693267823,8.892131996154783,8.929722309112549,8.96187777519226,9.075051085154216,9.109706020355224,9.147954813639323,9.184987576802571,9.222246901194255,9.702788543701171,9.728601741790774,9.755169757207234,9.77919437090556,9.801694679260256,30472380.0,33344960.0,32814140.0,33913120.0,32161820.0,35450470.0,37530520.0,37947600.0,37127320.0,35282050.0,34322620.0,35712175.0,39331235.0,42415935.0,42460390.0,40442010.0,41048060.0,40898506.66666666,40872720.0,40033306.66666666,37113861.66666666,37833581.66666666,37734295.0,37742971.66666666,37291698.333333336,0
2018-08-28,9.130352889465831,9.139410986624329,9.012600217888416,9.06694793701172,33845500,0,8.876733207702637,8.794306659698487,8.864052391052246,9.032508277893069,9.655613390604655,32862060.0,33387590.0,34808165.0,40437800.0,37498316.66666666,9.048833847045898,8.768038749694824,8.722749710083008,8.777095794677733,8.93108081817627,8.849559783935547,8.800647163391114,8.777096939086912,8.755358123779297,8.711880111694336,8.748111629486084,8.700104713439941,8.705539417266845,8.730901527404786,8.763510036468508,8.865411138534547,8.86903429031372,8.880356693267823,8.892131996154783,8.929722309112549,9.05362663269043,9.075051085154216,9.109706020355224,9.147954813639323,9.184987576802571,9.679273319244382,9.702788543701171,9.728601741790774,9.755169757207234,9.77919437090556,35375740.0,30472380.0,33344960.0,32814140.0,33913120.0,33768780.0,35450470.0,37530520.0,37947600.0,37127320.0,35017235.0,34322620.0,35712175.0,39331235.0,42415935.0,40562426.66666666,40442010.0,41048060.0,40898506.66666666,40872720.0,37353246.66666666,37113861.66666666,37833581.66666666,37734295.0,37742971.66666666,1
2018-08-29,9.066949380305152,9.076007478905533,8.967312023356591,9.030717849731444,37336400,0,8.927457618713381,8.841407871246338,8.867222690582276,9.009884548187255,9.630009778340657,34168600.0,33491370.0,34468650.0,40468346.66666666,37603311.66666666,9.06694793701172,9.048833847045898,8.768038749694824,8.722749710083008,8.777095794677733,8.876733207702637,8.849559783935547,8.800647163391114,8.777096939086912,8.755358123779297,8.794306659698487,8.748111629486084,8.700104713439941,8.705539417266845,8.730901527404786,8.864052391052246,8.865411138534547,8.86903429031372,8.880356693267823,8.892131996154783,9.032508277893069,9.05362663269043,9.075051085154216,9.109706020355224,9.147954813639323,9.655613390604655,9.679273319244382,9.702788543701171,9.728601741790774,9.755169757207234,32862060.0,35375740.0,30472380.0,33344960.0,32814140.0,33387590.0,33768780.0,35450470.0,37530520.0,37947600.0,34808165.0,35017235.0,34322620.0,35712175.0,39331235.0,40437800.0,40562426.66666666,40442010.0,41048060.0,40898506.66666666,37498316.66666666,37353246.66666666,37113861.66666666,37833581.66666666,37734295.0,1
2018-08-30,8.940138974503315,8.976370506629682,8.758981313871468,8.786154747009277,48539300,0,8.940138626098634,8.858617782592773,8.857259035110475,8.98059736887614,9.598245890935262,37574100.0,35459530.0,34879670.0,40742696.66666666,37893791.66666666,9.030717849731444,9.06694793701172,9.048833847045898,8.768038749694824,8.722749710083008,8.927457618713381,8.876733207702637,8.849559783935547,8.800647163391114,8.777096939086912,8.841407871246338,8.794306659698487,8.748111629486084,8.700104713439941,8.705539417266845,8.867222690582276,8.864052391052246,8.865411138534547,8.86903429031372,8.880356693267823,9.009884548187255,9.032508277893069,9.05362663269043,9.075051085154216,9.109706020355224,9.630009778340657,9.655613390604655,9.679273319244382,9.702788543701171,9.728601741790774,34168600.0,32862060.0,35375740.0,30472380.0,33344960.0,33491370.0,33387590.0,33768780.0,35450470.0,37530520.0,34468650.0,34808165.0,35017235.0,34322620.0,35712175.0,40468346.66666666,40437800.0,40562426.66666666,40442010.0,41048060.0,37603311.66666666,37498316.66666666,37353246.66666666,37113861.66666666,37833581.66666666,1
2018-08-31,8.73180767278075,8.768039204044246,8.514417621371935,8.586880683898926,76424900,0,8.903907012939452,8.852277088165284,8.831896924972535,8.947988923390707,9.56226757367452,49183080.0,39827730.0,37404660.0,41905820.0,38378971.66666666,8.786154747009277,9.030717849731444,9.06694793701172,9.048833847045898,8.768038749694824,8.940138626098634,8.927457618713381,8.876733207702637,8.849559783935547,8.800647163391114,8.858617782592773,8.841407871246338,8.794306659698487,8.748111629486084,8.700104713439941,8.857259035110475,8.867222690582276,8.864052391052246,8.865411138534547,8.86903429031372,8.98059736887614,9.009884548187255,9.032508277893069,9.05362663269043,9.075051085154216,9.598245890935262,9.630009778340657,9.655613390604655,9.679273319244382,9.702788543701171,37574100.0,34168600.0,32862060.0,35375740.0,30472380.0,35459530.0,33491370.0,33387590.0,33768780.0,35450470.0,34879670.0,34468650.0,34808165.0,35017235.0,34322620.0,40742696.66666666,40468346.66666666,40437800.0,40562426.66666666,40442010.0,37893791.66666666,37603311.66666666,37498316.66666666,37353246.66666666,37113861.66666666,1
2018-09-04,8.632170505100888,8.677460136140189,8.47818627786398,8.577823638916017,54111100,1,8.809704971313476,8.829632377624511,8.806534910202027,8.917795976003012,9.525096178054811,50051440.0,42713590.0,38997820.0,42544790.0,38807958.333333336,8.586880683898926,8.786154747009277,9.030717849731444,9.06694793701172,9.048833847045898,8.903907012939452,8.940138626098634,8.927457618713381,8.876733207702637,8.849559783935547,8.852277088165284,8.858617782592773,8.841407871246338,8.794306659698487,8.748111629486084,8.831896924972535,8.857259035110475,8.867222690582276,8.864052391052246,8.865411138534547,8.947988923390707,8.98059736887614,9.009884548187255,9.032508277893069,9.05362663269043,9.56226757367452,9.598245890935262,9.630009778340657,9.655613390604655,9.679273319244382,49183080.0,37574100.0,34168600.0,32862060.0,35375740.0,39827730.0,35459530.0,33491370.0,33387590.0,33768780.0,37404660.0,34879670.0,34468650.0,34808165.0,35017235.0,41905820.0,40742696.66666666,40468346.66666666,40437800.0,40562426.66666666,38378971.66666666,37893791.66666666,37603311.66666666,37498316.66666666,37353246.66666666,1
2018-09-05,8.577823349049313,8.650286410732338,8.44195446052277,8.595938682556152,44561900,0,8.715503120422364,8.7961181640625,8.779814100265503,8.885187594095866,9.489268827438355,52194720.0,42528390.0,39827855.0,42453420.0,39044021.66666666,8.577823638916017,8.586880683898926,8.786154747009277,9.030717849731444,9.06694793701172,8.809704971313476,8.903907012939452,8.940138626098634,8.927457618713381,8.876733207702637,8.829632377624511,8.852277088165284,8.858617782592773,8.841407871246338,8.794306659698487,8.806534910202027,8.831896924972535,8.857259035110475,8.867222690582276,8.864052391052246,8.917795976003012,8.947988923390707,8.98059736887614,9.009884548187255,9.032508277893069,9.525096178054811,9.56226757367452,9.598245890935262,9.630009778340657,9.655613390604655,50051440.0,49183080.0,37574100.0,34168600.0,32862060.0,42713590.0,39827730.0,35459530.0,33491370.0,33387590.0,38997820.0,37404660.0,34879670.0,34468650.0,34808165.0,42544790.0,41905820.0,40742696.66666666,40468346.66666666,40437800.0,38807958.333333336,38378971.66666666,37893791.66666666,37603311.66666666,37498316.66666666,0
2018-09-06,8.586881367776806,8.650287200408584,8.5144182994787,8.541592597961426,29519100,0,8.61767807006836,8.772567844390869,8.751734685897826,8.852277278900146,9.451344712575276,50631260.0,42399930.0,40173765.0,40354133.333333336,38679416.66666666,8.595938682556152,8.577823638916017,8.586880683898926,8.786154747009277,9.030717849731444,8.715503120422364,8.809704971313476,8.903907012939452,8.940138626098634,8.927457618713381,8.7961181640625,8.829632377624511,8.852277088165284,8.858617782592773,8.841407871246338,8.779814100265503,8.806534910202027,8.831896924972535,8.857259035110475,8.867222690582276,8.885187594095866,8.917795976003012,8.947988923390707,8.98059736887614,9.009884548187255,9.489268827438355,9.525096178054811,9.56226757367452,9.598245890935262,9.630009778340657,52194720.0,50051440.0,49183080.0,37574100.0,34168600.0,42528390.0,42713590.0,39827730.0,35459530.0,33491370.0,39827855.0,38997820.0,37404660.0,34879670.0,34468650.0,42453420.0,42544790.0,41905820.0,40742696.66666666,40468346.66666666,39044021.66666666,38807958.333333336,38378971.66666666,37893791.66666666,37603311.66666666,1
2018-09-07,8.5234754973132,8.59593855794577,8.378549376048063,8.396665573120117,51229900,1,8.539780235290527,8.73995943069458,8.722749423980712,8.833557605743408,9.412344980239867,51169380.0,44371740.0,40951130.0,38598696.66666666,39059803.333333336,8.541592597961426,8.595938682556152,8.577823638916017,8.586880683898926,8.786154747009277,8.61767807006836,8.715503120422364,8.809704971313476,8.903907012939452,8.940138626098634,8.772567844390869,8.7961181640625,8.829632377624511,8.852277088165284,8.858617782592773,8.751734685897826,8.779814100265503,8.806534910202027,8.831896924972535,8.857259035110475,8.852277278900146,8.885187594095866,8.917795976003012,8.947988923390707,8.98059736887614,9.451344712575276,9.489268827438355,9.525096178054811,9.56226757367452,9.598245890935262,50631260.0,52194720.0,50051440.0,49183080.0,37574100.0,42399930.0,42528390.0,42713590.0,39827730.0,35459530.0,40173765.0,39827855.0,38997820.0,37404660.0,34879670.0,40354133.333333336,42453420.0,42544790.0,41905820.0,40742696.66666666,38679416.66666666,39044021.66666666,38807958.333333336,38378971.66666666,37893791.66666666,1
2018-09-10,8.432897638555321,8.595939103410664,8.4238395394445,8.496302604675293,30421700,0,8.521664619445799,8.712785816192628,8.706445264816285,8.816951465606689,9.376941188176472,41968740.0,45575910.0,40513190.0,38073716.66666666,38991448.333333336,8.396665573120117,8.541592597961426,8.595938682556152,8.577823638916017,8.586880683898926,8.539780235290527,8.61767807006836,8.715503120422364,8.809704971313476,8.903907012939452,8.73995943069458,8.772567844390869,8.7961181640625,8.829632377624511,8.852277088165284,8.722749423980712,8.751734685897826,8.779814100265503,8.806534910202027,8.831896924972535,8.833557605743408,8.852277278900146,8.885187594095866,8.917795976003012,8.947988923390707,9.412344980239867,9.451344712575276,9.489268827438355,9.525096178054811,9.56226757367452,51169380.0,50631260.0,52194720.0,50051440.0,49183080.0,44371740.0,42399930.0,42528390.0,42713590.0,39827730.0,40951130.0,40173765.0,39827855.0,38997820.0,37404660.0,38598696.66666666,40354133.333333336,42453420.0,42544790.0,41905820.0,39059803.333333336,38679416.66666666,39044021.66666666,38807958.333333336,38378971.66666666,0
2018-09-11,8.469129100060204,8.478186335267099,8.351376404091901,8.432897567749022,27158400,1,8.492679405212403,8.651192188262941,8.699651908874511,8.794004821777344,9.340629545847575,36578200.0,43314820.0,38541800.0,37783096.66666666,38505308.333333336,8.496302604675293,8.396665573120117,8.541592597961426,8.595938682556152,8.577823638916017,8.521664619445799,8.539780235290527,8.61767807006836,8.715503120422364,8.809704971313476,8.712785816192628,8.73995943069458,8.772567844390869,8.7961181640625,8.829632377624511,8.706445264816285,8.722749423980712,8.751734685897826,8.779814100265503,8.806534910202027,8.816951465606689,8.833557605743408,8.852277278900146,8.885187594095866,8.917795976003012,9.376941188176472,9.412344980239867,9.451344712575276,9.489268827438355,9.525096178054811,41968740.0,51169380.0,50631260.0,52194720.0,50051440.0,45575910.0,44371740.0,42399930.0,42528390.0,42713590.0,40513190.0,40951130.0,40173765.0,39827855.0,38997820.0,38073716.66666666,38598696.66666666,40354133.333333336,42453420.0,42544790.0,38991448.333333336,39059803.333333336,38679416.66666666,39044021.66666666,38807958.333333336,0
2018-09-12,8.432898128636928,8.53253463316272,8.405723829725227,8.460071563720701,25450000,1,8.465505981445313,8.590504550933838,8.692405605316162,8.772869777679443,9.303133201599119,32755820.0,42475270.0,37931430.0,37363866.66666666,38384366.66666666,8.432897567749022,8.496302604675293,8.396665573120117,8.541592597961426,8.595938682556152,8.492679405212403,8.521664619445799,8.539780235290527,8.61767807006836,8.715503120422364,8.651192188262941,8.712785816192628,8.73995943069458,8.772567844390869,8.7961181640625,8.699651908874511,8.706445264816285,8.722749423980712,8.751734685897826,8.779814100265503,8.794004821777344,8.816951465606689,8.833557605743408,8.852277278900146,8.885187594095866,9.340629545847575,9.376941188176472,9.412344980239867,9.451344712575276,9.489268827438355,36578200.0,41968740.0,51169380.0,50631260.0,52194720.0,43314820.0,45575910.0,44371740.0,42399930.0,42528390.0,38541800.0,40513190.0,40951130.0,40173765.0,39827855.0,37783096.66666666,38073716.66666666,38598696.66666666,40354133.333333336,42453420.0,38505308.333333336,38991448.333333336,39059803.333333336,38679416.66666666,39044021.66666666,1
2018-09-13,8.49630175054396,8.5234751813168,8.432896790798074,8.48724365234375,29315700,1,8.454636192321777,8.536157131195067,8.688782501220704,8.756867504119873,9.267578426996868,32715140.0,41673200.0,37582285.0,36870166.66666666,38205215.0,8.460071563720701,8.432897567749022,8.496302604675293,8.396665573120117,8.541592597961426,8.465505981445313,8.492679405212403,8.521664619445799,8.539780235290527,8.61767807006836,8.590504550933838,8.651192188262941,8.712785816192628,8.73995943069458,8.772567844390869,8.692405605316162,8.699651908874511,8.706445264816285,8.722749423980712,8.751734685897826,8.772869777679443,8.794004821777344,8.816951465606689,8.833557605743408,8.852277278900146,9.303133201599119,9.340629545847575,9.376941188176472,9.412344980239867,9.451344712575276,32755820.0,36578200.0,41968740.0,51169380.0,50631260.0,42475270.0,43314820.0,45575910.0,44371740.0,42399930.0,37931430.0,38541800.0,40513190.0,40951130.0,40173765.0,37363866.66666666,37783096.66666666,38073716.66666666,38598696.66666666,40354133.333333336,38384366.66666666,38505308.333333336,38991448.333333336,39059803.333333336,38679416.66666666,0
2018-09-14,8.496300781736911,8.586879161927268,8.478184587402229,8.55970573425293,30013300,1,8.48724422454834,8.513512229919433,8.686065006256104,8.74267676671346,9.233529122670491,28471820.0,39820600.0,37640065.0,36526646.66666666,38172690.0,8.48724365234375,8.460071563720701,8.432897567749022,8.496302604675293,8.396665573120117,8.454636192321777,8.465505981445313,8.492679405212403,8.521664619445799,8.539780235290527,8.536157131195067,8.590504550933838,8.651192188262941,8.712785816192628,8.73995943069458,8.688782501220704,8.692405605316162,8.699651908874511,8.706445264816285,8.722749423980712,8.756867504119873,8.772869777679443,8.794004821777344,8.816951465606689,8.833557605743408,9.267578426996868,9.303133201599119,9.340629545847575,9.376941188176472,9.412344980239867,32715140.0,32755820.0,36578200.0,41968740.0,51169380.0,41673200.0,42475270.0,43314820.0,45575910.0,44371740.0,37582285.0,37931430.0,38541800.0,40513190.0,40951130.0,36870166.66666666,37363866.66666666,37783096.66666666,38073716.66666666,38598696.66666666,38205215.0,38384366.66666666,38505308.333333336,38991448.333333336,39059803.333333336,0
2018-09-17,8.550650256465829,8.69557726405674,8.541593020351613,8.650287628173826,29544400,1,8.518041229248048,8.519852924346925,8.686065006256104,8.727882258097331,9.203371461232503,28296360.0,35132550.0,37480140.0,36647290.0,38109818.333333336,8.55970573425293,8.48724365234375,8.460071563720701,8.432897567749022,8.496302604675293,8.48724422454834,8.454636192321777,8.465505981445313,8.492679405212403,8.521664619445799,8.513512229919433,8.536157131195067,8.590504550933838,8.651192188262941,8.712785816192628,8.686065006256104,8.688782501220704,8.692405605316162,8.699651908874511,8.706445264816285,8.74267676671346,8.756867504119873,8.772869777679443,8.794004821777344,8.816951465606689,9.233529122670491,9.267578426996868,9.303133201599119,9.340629545847575,9.376941188176472,28471820.0,32715140.0,32755820.0,36578200.0,41968740.0,39820600.0,41673200.0,42475270.0,43314820.0,45575910.0,37640065.0,37582285.0,37931430.0,38541800.0,40513190.0,36526646.66666666,36870166.66666666,37363866.66666666,37783096.66666666,38073716.66666666,38172690.0,38205215.0,38384366.66666666,38505308.333333336,38991448.333333336,0
2018-09-18,8.641228186481916,8.70463314857614,8.586880459095568,8.677459716796875,57055400,1,8.566953659057617,8.52981653213501,8.679724454879759,8.714295450846354,9.174559926986694,34275760.0,35426980.0,39070285.0,37807540.0,38449016.66666666,8.650287628173826,8.55970573425293,8.48724365234375,8.460071563720701,8.432897567749022,8.518041229248048,8.48724422454834,8.454636192321777,8.465505981445313,8.492679405212403,8.519852924346925,8.513512229919433,8.536157131195067,8.590504550933838,8.651192188262941,8.686065006256104,8.686065006256104,8.688782501220704,8.692405605316162,8.699651908874511,8.727882258097331,8.74267676671346,8.756867504119873,8.772869777679443,8.794004821777344,9.203371461232503,9.233529122670491,9.267578426996868,9.303133201599119,9.340629545847575,28296360.0,28471820.0,32715140.0,32755820.0,36578200.0,35132550.0,39820600.0,41673200.0,42475270.0,43314820.0,37480140.0,37640065.0,37582285.0,37931430.0,38541800.0,36647290.0,36526646.66666666,36870166.66666666,37363866.66666666,37783096.66666666,38109818.333333336,38172690.0,38205215.0,38384366.66666666,38505308.333333336,1
2018-09-19,8.704633555597077,8.903907413561129,8.704633555597077,8.858617782592773,40111500,1,8.64666290283203,8.556084442138673,8.676101303100586,8.705237547556559,9.151000754038494,37208060.0,34981940.0,38755165.0,38212550.0,38515843.333333336,8.677459716796875,8.650287628173826,8.55970573425293,8.48724365234375,8.460071563720701,8.566953659057617,8.518041229248048,8.48724422454834,8.454636192321777,8.465505981445313,8.52981653213501,8.519852924346925,8.513512229919433,8.536157131195067,8.590504550933838,8.679724454879759,8.686065006256104,8.686065006256104,8.688782501220704,8.692405605316162,8.714295450846354,8.727882258097331,8.74267676671346,8.756867504119873,8.772869777679443,9.174559926986694,9.203371461232503,9.233529122670491,9.267578426996868,9.303133201599119,34275760.0,28296360.0,28471820.0,32715140.0,32755820.0,35426980.0,35132550.0,39820600.0,41673200.0,42475270.0,39070285.0,37480140.0,37640065.0,37582285.0,37931430.0,37807540.0,36647290.0,36526646.66666666,36870166.66666666,37363866.66666666,38449016.66666666,38109818.333333336,38172690.0,38205215.0,38384366.66666666,1
2018-09-20,8.903907112041628,8.994486370910987,8.795212519695092,8.885791778564453,46314400,1,8.726372528076173,8.590504360198974,8.681536102294922,8.69799124399821,9.127596728007,40607800.0,36661470.0,39530700.0,39003000.0,38677288.333333336,8.858617782592773,8.677459716796875,8.650287628173826,8.55970573425293,8.48724365234375,8.64666290283203,8.566953659057617,8.518041229248048,8.48724422454834,8.454636192321777,8.556084442138673,8.52981653213501,8.519852924346925,8.513512229919433,8.536157131195067,8.676101303100586,8.679724454879759,8.686065006256104,8.686065006256104,8.688782501220704,8.705237547556559,8.714295450846354,8.727882258097331,8.74267676671346,8.756867504119873,9.151000754038494,9.174559926986694,9.203371461232503,9.233529122670491,9.267578426996868,37208060.0,34275760.0,28296360.0,28471820.0,32715140.0,34981940.0,35426980.0,35132550.0,39820600.0,41673200.0,38755165.0,39070285.0,37480140.0,37640065.0,37582285.0,38212550.0,37807540.0,36647290.0,36526646.66666666,36870166.66666666,38515843.333333336,38449016.66666666,38109818.333333336,38172690.0,38205215.0,1
2018-09-21,8.912965674069936,9.003544073820539,8.85861794315727,8.92202377319336,74488600,0,8.798836135864258,8.643040180206299,8.691499805450439,8.696179676055909,9.106285285949706,49502860.0,38987340.0,41679540.0,40296533.333333336,39464731.66666666,8.885791778564453,8.858617782592773,8.677459716796875,8.650287628173826,8.55970573425293,8.726372528076173,8.64666290283203,8.566953659057617,8.518041229248048,8.48724422454834,8.590504360198974,8.556084442138673,8.52981653213501,8.519852924346925,8.513512229919433,8.681536102294922,8.676101303100586,8.679724454879759,8.686065006256104,8.686065006256104,8.69799124399821,8.705237547556559,8.714295450846354,8.727882258097331,8.74267676671346,9.127596728007,9.151000754038494,9.174559926986694,9.203371461232503,9.233529122670491,40607800.0,37208060.0,34275760.0,28296360.0,28471820.0,36661470.0,34981940.0,35426980.0,35132550.0,39820600.0,39530700.0,38755165.0,39070285.0,37480140.0,37640065.0,39003000.0,38212550.0,37807540.0,36647290.0,36526646.66666666,38677288.333333336,38515843.333333336,38449016.66666666,38109818.333333336,38172690.0,0
2018-09-24,8.858618239083142,8.922024071237331,8.623113700802138,8.686518669128418,43170800,0,8.806082344055175,8.662061786651611,8.687423801422119,8.691650772094727,9.083132982254027,52228140.0,40262250.0,42919080.0,40429543.333333336,39453638.333333336,8.92202377319336,8.885791778564453,8.858617782592773,8.677459716796875,8.650287628173826,8.798836135864258,8.726372528076173,8.64666290283203,8.566953659057617,8.518041229248048,8.643040180206299,8.590504360198974,8.556084442138673,8.52981653213501,8.519852924346925,8.691499805450439,8.681536102294922,8.676101303100586,8.679724454879759,8.686065006256104,8.696179676055909,8.69799124399821,8.705237547556559,8.714295450846354,8.727882258097331,9.106285285949706,9.127596728007,9.151000754038494,9.174559926986694,9.203371461232503,49502860.0,40607800.0,37208060.0,34275760.0,28296360.0,38987340.0,36661470.0,34981940.0,35426980.0,35132550.0,41679540.0,39530700.0,38755165.0,39070285.0,37480140.0,40296533.333333336,39003000.0,38212550.0,37807540.0,36647290.0,39464731.66666666,38677288.333333336,38515843.333333336,38449016.66666666,38109818.333333336,1
2018-09-25,8.632169566181725,8.659343860146281,8.487243453681831,8.505359649658201,44406100,0,8.771662330627441,8.66930799484253,8.660250091552735,8.68953727086385,9.060087664922078,49698280.0,41987020.0,42650920.0,39690206.66666666,39448431.66666666,8.686518669128418,8.92202377319336,8.885791778564453,8.858617782592773,8.677459716796875,8.806082344055175,8.798836135864258,8.726372528076173,8.64666290283203,8.566953659057617,8.662061786651611,8.643040180206299,8.590504360198974,8.556084442138673,8.52981653213501,8.687423801422119,8.691499805450439,8.681536102294922,8.676101303100586,8.679724454879759,8.691650772094727,8.696179676055909,8.69799124399821,8.705237547556559,8.714295450846354,9.083132982254027,9.106285285949706,9.127596728007,9.151000754038494,9.174559926986694,52228140.0,49502860.0,40607800.0,37208060.0,34275760.0,40262250.0,38987340.0,36661470.0,34981940.0,35426980.0,42919080.0,41679540.0,39530700.0,38755165.0,39070285.0,40429543.333333336,40296533.333333336,39003000.0,38212550.0,37807540.0,39453638.333333336,39464731.66666666,38677288.333333336,38515843.333333336,38449016.66666666,1
2018-09-26,8.496302065532943,8.5234754973132,8.396665573120117,8.396665573120117,58597500,0,8.67927188873291,8.66296739578247,8.626735973358155,8.682592868804933,9.034784173965454,53395480.0,45301770.0,43888520.0,40388210.0,39793510.0,8.505359649658201,8.686518669128418,8.92202377319336,8.885791778564453,8.858617782592773,8.771662330627441,8.806082344055175,8.798836135864258,8.726372528076173,8.64666290283203,8.66930799484253,8.662061786651611,8.643040180206299,8.590504360198974,8.556084442138673,8.660250091552735,8.687423801422119,8.691499805450439,8.681536102294922,8.676101303100586,8.68953727086385,8.691650772094727,8.696179676055909,8.69799124399821,8.705237547556559,9.060087664922078,9.083132982254027,9.106285285949706,9.127596728007,9.151000754038494,49698280.0,52228140.0,49502860.0,40607800.0,37208060.0,41987020.0,40262250.0,38987340.0,36661470.0,34981940.0,42650920.0,42919080.0,41679540.0,39530700.0,38755165.0,39690206.66666666,40429543.333333336,40296533.333333336,39003000.0,38212550.0,39448431.66666666,39453638.333333336,39464731.66666666,38677288.333333336,38515843.333333336,0
2018-09-27,8.423839407445511,8.451012840524289,8.333260145412433,8.360433578491211,57272200,1,8.574200248718261,8.650286388397216,8.593221759796142,8.675950463612875,9.010514434178669,55587040.0,48097420.0,44885310.0,41087330.0,40472300.0,8.396665573120117,8.505359649658201,8.686518669128418,8.92202377319336,8.885791778564453,8.67927188873291,8.771662330627441,8.806082344055175,8.798836135864258,8.726372528076173,8.66296739578247,8.66930799484253,8.662061786651611,8.643040180206299,8.590504360198974,8.626735973358155,8.660250091552735,8.687423801422119,8.691499805450439,8.681536102294922,8.682592868804933,8.68953727086385,8.691650772094727,8.696179676055909,8.69799124399821,9.034784173965454,9.060087664922078,9.083132982254027,9.106285285949706,9.127596728007,53395480.0,49698280.0,52228140.0,49502860.0,40607800.0,45301770.0,41987020.0,40262250.0,38987340.0,36661470.0,43888520.0,42650920.0,42919080.0,41679540.0,39530700.0,40388210.0,39690206.66666666,40429543.333333336,40296533.333333336,39003000.0,39793510.0,39448431.66666666,39453638.333333336,39464731.66666666,38677288.333333336,0
2018-09-28,8.35137614337755,8.405723008233782,8.233623451085265,8.378549575805664,30987200,1,8.465505409240723,8.63217077255249,8.572841501235963,8.668100261688233,8.985653368631999,46886760.0,48194810.0,44007705.0,41158313.333333336,40455278.333333336,8.360433578491211,8.396665573120117,8.505359649658201,8.686518669128418,8.92202377319336,8.574200248718261,8.67927188873291,8.771662330627441,8.806082344055175,8.798836135864258,8.650286388397216,8.66296739578247,8.66930799484253,8.662061786651611,8.643040180206299,8.593221759796142,8.626735973358155,8.660250091552735,8.687423801422119,8.691499805450439,8.675950463612875,8.682592868804933,8.68953727086385,8.691650772094727,8.696179676055909,9.010514434178669,9.034784173965454,9.060087664922078,9.083132982254027,9.106285285949706,55587040.0,53395480.0,49698280.0,52228140.0,49502860.0,48097420.0,45301770.0,41987020.0,40262250.0,38987340.0,44885310.0,43888520.0,42650920.0,42919080.0,41679540.0,41087330.0,40388210.0,39690206.66666666,40429543.333333336,40296533.333333336,40472300.0,39793510.0,39448431.66666666,39453638.333333336,39464731.66666666,0
2018-10-01,8.541591972213437,8.550649207216242,8.423839278898473,8.441954612731934,44864700,0,8.416592597961426,8.611337471008301,8.565595197677613,8.661155827840169,8.961700185139973,47225540.0,49726840.0,42429695.0,41562373.333333336,40775578.333333336,8.378549575805664,8.360433578491211,8.396665573120117,8.505359649658201,8.686518669128418,8.465505409240723,8.574200248718261,8.67927188873291,8.771662330627441,8.806082344055175,8.63217077255249,8.650286388397216,8.66296739578247,8.66930799484253,8.662061786651611,8.572841501235963,8.593221759796142,8.626735973358155,8.660250091552735,8.687423801422119,8.668100261688233,8.675950463612875,8.682592868804933,8.68953727086385,8.691650772094727,8.985653368631999,9.010514434178669,9.034784173965454,9.060087664922078,9.083132982254027,46886760.0,55587040.0,53395480.0,49698280.0,52228140.0,48194810.0,48097420.0,45301770.0,41987020.0,40262250.0,44007705.0,44885310.0,43888520.0,42650920.0,42919080.0,41158313.333333336,41087330.0,40388210.0,39690206.66666666,40429543.333333336,40455278.333333336,40472300.0,39793510.0,39448431.66666666,39453638.333333336,0
2018-10-02,8.396666368121513,8.460071336221276,8.315145201234445,8.333260536193848,41806400,0,8.382172775268554,8.576917552947997,8.553367042541504,8.645455487569173,8.933851194381713,46705600.0,48201940.0,41814460.0,42114170.0,41073738.333333336,8.441954612731934,8.378549575805664,8.360433578491211,8.396665573120117,8.505359649658201,8.416592597961426,8.465505409240723,8.574200248718261,8.67927188873291,8.771662330627441,8.611337471008301,8.63217077255249,8.650286388397216,8.66296739578247,8.66930799484253,8.565595197677613,8.572841501235963,8.593221759796142,8.626735973358155,8.660250091552735,8.661155827840169,8.668100261688233,8.675950463612875,8.682592868804933,8.68953727086385,8.961700185139973,8.985653368631999,9.010514434178669,9.034784173965454,9.060087664922078,47225540.0,46886760.0,55587040.0,53395480.0,49698280.0,49726840.0,48194810.0,48097420.0,45301770.0,41987020.0,42429695.0,44007705.0,44885310.0,43888520.0,42650920.0,41562373.333333336,41158313.333333336,41087330.0,40388210.0,39690206.66666666,40775578.333333336,40455278.333333336,40472300.0,39793510.0,39448431.66666666,1
2018-10-03,8.396665329941559,8.43289685920853,8.269854545593263,8.269854545593263,47023100,1,8.356810569763184,8.518041229248048,8.537062835693359,8.623414611816406,8.904201094309489,44390720.0,48893100.0,41937520.0,42134476.66666666,41503598.333333336,8.333260536193848,8.441954612731934,8.378549575805664,8.360433578491211,8.396665573120117,8.382172775268554,8.416592597961426,8.465505409240723,8.574200248718261,8.67927188873291,8.576917552947997,8.611337471008301,8.63217077255249,8.650286388397216,8.66296739578247,8.553367042541504,8.565595197677613,8.572841501235963,8.593221759796142,8.626735973358155,8.645455487569173,8.661155827840169,8.668100261688233,8.675950463612875,8.682592868804933,8.933851194381713,8.961700185139973,8.985653368631999,9.010514434178669,9.034784173965454,46705600.0,47225540.0,46886760.0,55587040.0,53395480.0,48201940.0,49726840.0,48194810.0,48097420.0,45301770.0,41814460.0,42429695.0,44007705.0,44885310.0,43888520.0,42114170.0,41562373.333333336,41158313.333333336,41087330.0,40388210.0,41073738.333333336,40775578.333333336,40455278.333333336,40472300.0,39793510.0,1
2018-10-04,8.269855208735496,8.351376372080141,8.233623676563196,8.287970542907715,38889600,0,8.342317962646485,8.458259105682371,8.524381732940673,8.607110436757406,8.877532625198365,40714200.0,48150620.0,42406045.0,42404006.66666666,41651256.66666666,8.269854545593263,8.333260536193848,8.441954612731934,8.378549575805664,8.360433578491211,8.356810569763184,8.382172775268554,8.416592597961426,8.465505409240723,8.574200248718261,8.518041229248048,8.576917552947997,8.611337471008301,8.63217077255249,8.650286388397216,8.537062835693359,8.553367042541504,8.565595197677613,8.572841501235963,8.593221759796142,8.623414611816406,8.645455487569173,8.661155827840169,8.668100261688233,8.675950463612875,8.904201094309489,8.933851194381713,8.961700185139973,8.985653368631999,9.010514434178669,44390720.0,46705600.0,47225540.0,46886760.0,55587040.0,48893100.0,48201940.0,49726840.0,48194810.0,48097420.0,41937520.0,41814460.0,42429695.0,44007705.0,44885310.0,42134476.66666666,42114170.0,41562373.333333336,41158313.333333336,41087330.0,41503598.333333336,41073738.333333336,40775578.333333336,40455278.333333336,40472300.0,0
2018-10-05,8.287969978256996,8.35137580310965,8.242681213997995,8.260796546936035,36952200,1,8.31876735687256,8.392136383056641,8.51758828163147,8.59171199798584,8.850709009170533,41907200.0,44396980.0,41692160.0,42585353.333333336,41816706.66666666,8.287970542907715,8.269854545593263,8.333260536193848,8.441954612731934,8.378549575805664,8.342317962646485,8.356810569763184,8.382172775268554,8.416592597961426,8.465505409240723,8.458259105682371,8.518041229248048,8.576917552947997,8.611337471008301,8.63217077255249,8.524381732940673,8.537062835693359,8.553367042541504,8.565595197677613,8.572841501235963,8.607110436757406,8.623414611816406,8.645455487569173,8.661155827840169,8.668100261688233,8.877532625198365,8.904201094309489,8.933851194381713,8.961700185139973,8.985653368631999,40714200.0,44390720.0,46705600.0,47225540.0,46886760.0,48150620.0,48893100.0,48201940.0,49726840.0,48194810.0,42406045.0,41937520.0,41814460.0,42429695.0,44007705.0,42404006.66666666,42134476.66666666,42114170.0,41562373.333333336,41158313.333333336,41651256.66666666,41503598.333333336,41073738.333333336,40775578.333333336,40455278.333333336,1
2018-10-08,8.242681451471986,8.405722907922835,8.233623352828099,8.387607574462889,43657700,0,8.30789794921875,8.362245273590087,8.51215353012085,8.579030958811442,8.82704102198283,41665800.0,44445670.0,42353960.0,43427943.333333336,41934976.66666666,8.260796546936035,8.287970542907715,8.269854545593263,8.333260536193848,8.441954612731934,8.31876735687256,8.342317962646485,8.356810569763184,8.382172775268554,8.416592597961426,8.392136383056641,8.458259105682371,8.518041229248048,8.576917552947997,8.611337471008301,8.51758828163147,8.524381732940673,8.537062835693359,8.553367042541504,8.565595197677613,8.59171199798584,8.607110436757406,8.623414611816406,8.645455487569173,8.661155827840169,8.850709009170533,8.877532625198365,8.904201094309489,8.933851194381713,8.961700185139973,41907200.0,40714200.0,44390720.0,46705600.0,47225540.0,44396980.0,48150620.0,48893100.0,48201940.0,49726840.0,41692160.0,42406045.0,41937520.0,41814460.0,42429695.0,42585353.333333336,42404006.66666666,42134476.66666666,42114170.0,41562373.333333336,41816706.66666666,41651256.66666666,41503598.333333336,41073738.333333336,40775578.333333336,1
2018-10-09,8.360433189649598,8.4328971142025,8.106812477111816,8.106812477111816,58356900,0,8.262608337402344,8.322390556335451,8.49584927558899,8.547630246480306,8.800628439585369,44975900.0,45840750.0,43913885.0,43714196.66666666,42138311.66666666,8.387607574462889,8.260796546936035,8.287970542907715,8.269854545593263,8.333260536193848,8.30789794921875,8.31876735687256,8.342317962646485,8.356810569763184,8.382172775268554,8.362245273590087,8.392136383056641,8.458259105682371,8.518041229248048,8.576917552947997,8.51215353012085,8.51758828163147,8.524381732940673,8.537062835693359,8.553367042541504,8.579030958811442,8.59171199798584,8.607110436757406,8.623414611816406,8.645455487569173,8.82704102198283,8.850709009170533,8.877532625198365,8.904201094309489,8.933851194381713,41665800.0,41907200.0,40714200.0,44390720.0,46705600.0,44445670.0,44396980.0,48150620.0,48893100.0,48201940.0,42353960.0,41692160.0,42406045.0,41937520.0,41814460.0,43427943.333333336,42585353.333333336,42404006.66666666,42134476.66666666,42114170.0,41934976.66666666,41816706.66666666,41651256.66666666,41503598.333333336,41073738.333333336,0
2018-10-10,8.10681213287734,8.133985563538443,7.980002213907013,7.9890594482421875,54104100,0,8.20644931793213,8.281629943847657,8.472298669815064,8.511700630187987,8.772104454040527,46392100.0,45391410.0,45346590.0,44389483.333333336,42413641.66666666,8.106812477111816,8.387607574462889,8.260796546936035,8.287970542907715,8.269854545593263,8.262608337402344,8.30789794921875,8.31876735687256,8.342317962646485,8.356810569763184,8.322390556335451,8.362245273590087,8.392136383056641,8.458259105682371,8.518041229248048,8.49584927558899,8.51215353012085,8.51758828163147,8.524381732940673,8.537062835693359,8.547630246480306,8.579030958811442,8.59171199798584,8.607110436757406,8.623414611816406,8.800628439585369,8.82704102198283,8.850709009170533,8.877532625198365,8.904201094309489,44975900.0,41665800.0,41907200.0,40714200.0,44390720.0,45840750.0,44445670.0,44396980.0,48150620.0,48893100.0,43913885.0,42353960.0,41692160.0,42406045.0,41937520.0,43714196.66666666,43427943.333333336,42585353.333333336,42404006.66666666,42134476.66666666,42138311.66666666,41934976.66666666,41816706.66666666,41651256.66666666,41503598.333333336,1
2018-10-11,7.989060115187732,8.143044341501913,7.9347132493285235,7.9800028800964355,66170800,0,8.144855785369874,8.243586874008178,8.446936631202698,8.476676797866821,8.743280673027039,51848340.0,46281270.0,47189345.0,45350630.0,42909488.333333336,7.9890594482421875,8.106812477111816,8.387607574462889,8.260796546936035,8.287970542907715,8.20644931793213,8.262608337402344,8.30789794921875,8.31876735687256,8.342317962646485,8.281629943847657,8.322390556335451,8.362245273590087,8.392136383056641,8.458259105682371,8.472298669815064,8.49584927558899,8.51215353012085,8.51758828163147,8.524381732940673,8.511700630187987,8.547630246480306,8.579030958811442,8.59171199798584,8.607110436757406,8.772104454040527,8.800628439585369,8.82704102198283,8.850709009170533,8.877532625198365,46392100.0,44975900.0,41665800.0,41907200.0,40714200.0,45391410.0,45840750.0,44445670.0,44396980.0,48150620.0,45346590.0,43913885.0,42353960.0,41692160.0,42406045.0,44389483.333333336,43714196.66666666,43427943.333333336,42585353.333333336,42404006.66666666,42413641.66666666,42138311.66666666,41934976.66666666,41816706.66666666,41651256.66666666,1
2018-10-12,8.106812971757913,8.106812971757913,7.744497646025442,7.826018810272218,59308500,1,8.05790023803711,8.188333797454835,8.410252285003661,8.444672266642254,8.712634817759197,56319600.0,49113400.0,48654105.0,45709603.33333334,43226150.0,7.9800028800964355,7.9890594482421875,8.106812477111816,8.387607574462889,8.260796546936035,8.144855785369874,8.20644931793213,8.262608337402344,8.30789794921875,8.31876735687256,8.243586874008178,8.281629943847657,8.322390556335451,8.362245273590087,8.392136383056641,8.446936631202698,8.472298669815064,8.49584927558899,8.51215353012085,8.51758828163147,8.476676797866821,8.511700630187987,8.547630246480306,8.579030958811442,8.59171199798584,8.743280673027039,8.772104454040527,8.800628439585369,8.82704102198283,8.850709009170533,51848340.0,46392100.0,44975900.0,41665800.0,41907200.0,46281270.0,45391410.0,45840750.0,44445670.0,44396980.0,47189345.0,45346590.0,43913885.0,42353960.0,41692160.0,45350630.0,44389483.333333336,43714196.66666666,43427943.333333336,42585353.333333336,42909488.333333336,42413641.66666666,42138311.66666666,41934976.66666666,41816706.66666666,1
2018-10-15,7.853192086711857,8.016234411945193,7.844133987792702,7.9800028800964355,40183200,0,7.976379299163819,8.142138624191285,8.376738047599792,8.424443006515503,8.686215964953105,55624700.0,48645250.0,49186045.0,44501546.66666666,43203683.333333336,7.826018810272218,7.9800028800964355,7.9890594482421875,8.106812477111816,8.387607574462889,8.05790023803711,8.144855785369874,8.20644931793213,8.262608337402344,8.30789794921875,8.188333797454835,8.243586874008178,8.281629943847657,8.322390556335451,8.362245273590087,8.410252285003661,8.446936631202698,8.472298669815064,8.49584927558899,8.51215353012085,8.444672266642254,8.476676797866821,8.511700630187987,8.547630246480306,8.579030958811442,8.712634817759197,8.743280673027039,8.772104454040527,8.800628439585369,8.82704102198283,56319600.0,51848340.0,46392100.0,44975900.0,41665800.0,49113400.0,46281270.0,45391410.0,45840750.0,44445670.0,48654105.0,47189345.0,45346590.0,43913885.0,42353960.0,45709603.33333334,45350630.0,44389483.333333336,43714196.66666666,43427943.333333336,43226150.0,42909488.333333336,42413641.66666666,42138311.66666666,41934976.66666666,0
2018-10-16,8.034349366384939,8.052465563367376,7.907538578991345,7.970944404602051,36772000,0,7.949205684661865,8.105907011032105,8.341412281990051,8.404213698705037,8.661004837354023,51307720.0,48141810.0,48171875.0,43923576.66666666,43234183.333333336,7.9800028800964355,7.826018810272218,7.9800028800964355,7.9890594482421875,8.106812477111816,7.976379299163819,8.05790023803711,8.144855785369874,8.20644931793213,8.262608337402344,8.142138624191285,8.188333797454835,8.243586874008178,8.281629943847657,8.322390556335451,8.376738047599792,8.410252285003661,8.446936631202698,8.472298669815064,8.49584927558899,8.424443006515503,8.444672266642254,8.476676797866821,8.511700630187987,8.547630246480306,8.686215964953105,8.712634817759197,8.743280673027039,8.772104454040527,8.800628439585369,55624700.0,56319600.0,51848340.0,46392100.0,44975900.0,48645250.0,49113400.0,46281270.0,45391410.0,45840750.0,49186045.0,48654105.0,47189345.0,45346590.0,43913885.0,44501546.66666666,45709603.33333334,45350630.0,44389483.333333336,43714196.66666666,43203683.333333336,43226150.0,42909488.333333336,42413641.66666666,42138311.66666666,1
2018-10-17,7.970945375032718,8.025292244940902,7.8260192368403265,7.934713840484619,48795100,0,7.938336563110353,8.07239294052124,8.295217084884644,8.382172870635987,8.633680232365926,50245920.0,48319010.0,48606055.0,44064683.333333336,43259051.66666666,7.970944404602051,7.9800028800964355,7.826018810272218,7.9800028800964355,7.9890594482421875,7.949205684661865,7.976379299163819,8.05790023803711,8.144855785369874,8.20644931793213,8.105907011032105,8.142138624191285,8.188333797454835,8.243586874008178,8.281629943847657,8.341412281990051,8.376738047599792,8.410252285003661,8.446936631202698,8.472298669815064,8.404213698705037,8.424443006515503,8.444672266642254,8.476676797866821,8.511700630187987,8.661004837354023,8.686215964953105,8.712634817759197,8.743280673027039,8.772104454040527,51307720.0,55624700.0,56319600.0,51848340.0,46392100.0,48141810.0,48645250.0,49113400.0,46281270.0,45391410.0,48171875.0,49186045.0,48654105.0,47189345.0,45346590.0,43923576.66666666,44501546.66666666,45709603.33333334,45350630.0,44389483.333333336,43234183.333333336,43203683.333333336,43226150.0,42909488.333333336,42413641.66666666,0
2018-10-18,7.916597848216739,7.934714047878263,7.699208635246142,7.708266735076902,59669200,0,7.883989334106445,8.01442255973816,8.236340832710265,8.354395341873168,8.603336310386657,48945600.0,50396970.0,49273795.0,45069686.66666666,42711910.0,7.934713840484619,7.970944404602051,7.9800028800964355,7.826018810272218,7.9800028800964355,7.938336563110353,7.949205684661865,7.976379299163819,8.05790023803711,8.144855785369874,8.07239294052124,8.105907011032105,8.142138624191285,8.188333797454835,8.243586874008178,8.295217084884644,8.341412281990051,8.376738047599792,8.410252285003661,8.446936631202698,8.382172870635987,8.404213698705037,8.424443006515503,8.444672266642254,8.476676797866821,8.633680232365926,8.661004837354023,8.686215964953105,8.712634817759197,8.743280673027039,50245920.0,51307720.0,55624700.0,56319600.0,51848340.0,48319010.0,48141810.0,48645250.0,49113400.0,46281270.0,48606055.0,48171875.0,49186045.0,48654105.0,47189345.0,44064683.333333336,43923576.66666666,44501546.66666666,45709603.33333334,45350630.0,43259051.66666666,43234183.333333336,43203683.333333336,43226150.0,42909488.333333336,0
2018-10-19,7.53616545915643,7.726381215400901,7.418412765878628,7.699207782745361,59831100,1,7.858627128601074,7.958263683319093,8.175200033187867,8.331146748860677,8.582352177302043,49050120.0,52684860.0,48540920.0,45356393.33333334,41977545.0,7.708266735076902,7.934713840484619,7.970944404602051,7.9800028800964355,7.826018810272218,7.883989334106445,7.938336563110353,7.949205684661865,7.976379299163819,8.05790023803711,8.01442255973816,8.07239294052124,8.105907011032105,8.142138624191285,8.188333797454835,8.236340832710265,8.295217084884644,8.341412281990051,8.376738047599792,8.410252285003661,8.354395341873168,8.382172870635987,8.404213698705037,8.424443006515503,8.444672266642254,8.603336310386657,8.633680232365926,8.661004837354023,8.686215964953105,8.712634817759197,48945600.0,50245920.0,51307720.0,55624700.0,56319600.0,50396970.0,48319010.0,48141810.0,48645250.0,49113400.0,49273795.0,48606055.0,48171875.0,49186045.0,48654105.0,45069686.66666666,44064683.333333336,43923576.66666666,44501546.66666666,45709603.33333334,42711910.0,43259051.66666666,43234183.333333336,43203683.333333336,43226150.0,0
2018-10-22,7.7268693298950835,7.791413302168688,7.6254429621300375,7.754530906677246,39803500,1,7.813532733917238,7.894956016540528,8.128600645065308,8.306421025594075,8.561686245600383,48974180.0,52299440.0,48372555.0,45669120.0,41871418.333333336,7.699207782745361,7.708266735076902,7.934713840484619,7.970944404602051,7.9800028800964355,7.858627128601074,7.883989334106445,7.938336563110353,7.949205684661865,7.976379299163819,7.958263683319093,8.01442255973816,8.07239294052124,8.105907011032105,8.142138624191285,8.175200033187867,8.236340832710265,8.295217084884644,8.341412281990051,8.376738047599792,8.331146748860677,8.354395341873168,8.382172870635987,8.404213698705037,8.424443006515503,8.582352177302043,8.603336310386657,8.633680232365926,8.661004837354023,8.686215964953105,49050120.0,48945600.0,50245920.0,51307720.0,55624700.0,52684860.0,50396970.0,48319010.0,48141810.0,48645250.0,48540920.0,49273795.0,48606055.0,48171875.0,49186045.0,45356393.33333334,45069686.66666666,44064683.333333336,43923576.66666666,44501546.66666666,41977545.0,42711910.0,43259051.66666666,43234183.333333336,43203683.333333336,0
2018-10-23,7.6531055181327625,7.966606359595509,7.588560658254923,7.92050313949585,55443300,0,7.803444480895996,7.876325082778932,8.09935781955719,8.28934121131897,8.541673016548156,52708440.0,52008080.0,48924415.0,46611950.0,42197523.333333336,7.754530906677246,7.699207782745361,7.708266735076902,7.934713840484619,7.970944404602051,7.813532733917238,7.858627128601074,7.883989334106445,7.938336563110353,7.949205684661865,7.894956016540528,7.958263683319093,8.01442255973816,8.07239294052124,8.105907011032105,8.128600645065308,8.175200033187867,8.236340832710265,8.295217084884644,8.341412281990051,8.306421025594075,8.331146748860677,8.354395341873168,8.382172870635987,8.404213698705037,8.561686245600383,8.582352177302043,8.603336310386657,8.633680232365926,8.661004837354023,48974180.0,49050120.0,48945600.0,50245920.0,51307720.0,52299440.0,52684860.0,50396970.0,48319010.0,48141810.0,48372555.0,48540920.0,49273795.0,48606055.0,48171875.0,45669120.0,45356393.33333334,45069686.66666666,44064683.333333336,43923576.66666666,41871418.333333336,41977545.0,42711910.0,43259051.66666666,43234183.333333336,0
2018-10-24,7.8375167534222685,7.929723184612574,7.5332367615782365,7.542457580566406,58895100,1,7.7249932289123535,7.831664896011352,8.056647419929504,8.258754078547161,8.515811928113301,54728440.0,52487180.0,48939295.0,47726786.66666666,42545326.66666666,7.92050313949585,7.754530906677246,7.699207782745361,7.708266735076902,7.934713840484619,7.803444480895996,7.813532733917238,7.858627128601074,7.883989334106445,7.938336563110353,7.876325082778932,7.894956016540528,7.958263683319093,8.01442255973816,8.07239294052124,8.09935781955719,8.128600645065308,8.175200033187867,8.236340832710265,8.295217084884644,8.28934121131897,8.306421025594075,8.331146748860677,8.354395341873168,8.382172870635987,8.541673016548156,8.561686245600383,8.582352177302043,8.603336310386657,8.633680232365926,52708440.0,48974180.0,49050120.0,48945600.0,50245920.0,52008080.0,52299440.0,52684860.0,50396970.0,48319010.0,48924415.0,48372555.0,48540920.0,49273795.0,48606055.0,46611950.0,45669120.0,45356393.33333334,45069686.66666666,44064683.333333336,42197523.333333336,41871418.333333336,41977545.0,42711910.0,43259051.66666666,0
2018-10-25,7.85595961373508,8.298548441882831,7.800635570543692,8.289327621459961,90399200,0,7.841205406188965,7.862597370147705,8.053092122077942,8.2521568775177,8.504512190818787,60874440.0,54910020.0,50595645.0,49762903.33333334,43316535.0,7.542457580566406,7.92050313949585,7.754530906677246,7.699207782745361,7.708266735076902,7.7249932289123535,7.803444480895996,7.813532733917238,7.858627128601074,7.883989334106445,7.831664896011352,7.876325082778932,7.894956016540528,7.958263683319093,8.01442255973816,8.056647419929504,8.09935781955719,8.128600645065308,8.175200033187867,8.236340832710265,8.258754078547161,8.28934121131897,8.306421025594075,8.331146748860677,8.354395341873168,8.515811928113301,8.541673016548156,8.561686245600383,8.582352177302043,8.603336310386657,54728440.0,52708440.0,48974180.0,49050120.0,48945600.0,52487180.0,52008080.0,52299440.0,52684860.0,50396970.0,48939295.0,48924415.0,48372555.0,48540920.0,49273795.0,47726786.66666666,46611950.0,45669120.0,45356393.33333334,45069686.66666666,42545326.66666666,42197523.333333336,41871418.333333336,41977545.0,42711910.0,0
2018-10-26,8.2616648320157,8.35387126407588,8.169458399955523,8.280105590820312,100639800,1,7.957384967803955,7.908006048202513,8.048169922828674,8.242836872736612,8.492756819725036,69036180.0,59043150.0,54078275.0,52117120.0,44321883.333333336,8.289327621459961,7.542457580566406,7.92050313949585,7.754530906677246,7.699207782745361,7.841205406188965,7.7249932289123535,7.803444480895996,7.813532733917238,7.858627128601074,7.862597370147705,7.831664896011352,7.876325082778932,7.894956016540528,7.958263683319093,8.053092122077942,8.056647419929504,8.09935781955719,8.128600645065308,8.175200033187867,8.2521568775177,8.258754078547161,8.28934121131897,8.306421025594075,8.331146748860677,8.504512190818787,8.515811928113301,8.541673016548156,8.561686245600383,8.582352177302043,60874440.0,54728440.0,52708440.0,48974180.0,49050120.0,54910020.0,52487180.0,52008080.0,52299440.0,52684860.0,50595645.0,48939295.0,48924415.0,48372555.0,48540920.0,49762903.33333334,47726786.66666666,46611950.0,45669120.0,45356393.33333334,43316535.0,42545326.66666666,42197523.333333336,41871418.333333336,41977545.0,0
2018-10-29,8.630489346910776,8.842563802311522,8.455298170141255,8.556724548339844,92275100,1,8.117823696136474,7.965678215026855,8.05390841960907,8.239718103408814,8.483800180753072,79530500.0,64252340.0,56448795.0,54208143.33333334,45427716.66666666,8.280105590820312,8.289327621459961,7.542457580566406,7.92050313949585,7.754530906677246,7.957384967803955,7.841205406188965,7.7249932289123535,7.803444480895996,7.813532733917238,7.908006048202513,7.862597370147705,7.831664896011352,7.876325082778932,7.894956016540528,8.048169922828674,8.053092122077942,8.056647419929504,8.09935781955719,8.128600645065308,8.242836872736612,8.2521568775177,8.258754078547161,8.28934121131897,8.306421025594075,8.492756819725036,8.504512190818787,8.515811928113301,8.541673016548156,8.561686245600383,69036180.0,60874440.0,54728440.0,52708440.0,48974180.0,59043150.0,54910020.0,52487180.0,52008080.0,52299440.0,54078275.0,50595645.0,48939295.0,48924415.0,48372555.0,52117120.0,49762903.33333334,47726786.66666666,46611950.0,45669120.0,44321883.333333336,43316535.0,42545326.66666666,42197523.333333336,41871418.333333336,1
2018-10-30,8.584386580046889,8.81490178394417,8.547504182597155,8.722695350646973,58062000,1,8.278262138366701,8.040853309631348,8.073380160331727,8.241225957870482,8.477760704358419,80054240.0,66381340.0,57261575.0,54241696.66666666,46024618.33333334,8.556724548339844,8.280105590820312,8.289327621459961,7.542457580566406,7.92050313949585,8.117823696136474,7.957384967803955,7.841205406188965,7.7249932289123535,7.803444480895996,7.965678215026855,7.908006048202513,7.862597370147705,7.831664896011352,7.876325082778932,8.05390841960907,8.048169922828674,8.053092122077942,8.056647419929504,8.09935781955719,8.239718103408814,8.242836872736612,8.2521568775177,8.258754078547161,8.28934121131897,8.483800180753072,8.492756819725036,8.504512190818787,8.515811928113301,8.541673016548156,79530500.0,69036180.0,60874440.0,54728440.0,52708440.0,64252340.0,59043150.0,54910020.0,52487180.0,52008080.0,56448795.0,54078275.0,50595645.0,48939295.0,48924415.0,54208143.33333334,52117120.0,49762903.33333334,47726786.66666666,46611950.0,45427716.66666666,44321883.333333336,43316535.0,42545326.66666666,42197523.333333336,1
2018-10-31,8.870225206272586,8.916328424302826,8.695034032972563,8.805681228637695,68507100,0,8.530906867980956,8.127950048446655,8.100171494483948,8.23946140607198,8.47234947681427,81976640.0,68352540.0,58335775.0,55188216.66666666,46700383.33333334,8.722695350646973,8.556724548339844,8.280105590820312,8.289327621459961,7.542457580566406,8.278262138366701,8.117823696136474,7.957384967803955,7.841205406188965,7.7249932289123535,8.040853309631348,7.965678215026855,7.908006048202513,7.862597370147705,7.831664896011352,8.073380160331727,8.05390841960907,8.048169922828674,8.053092122077942,8.056647419929504,8.241225957870482,8.239718103408814,8.242836872736612,8.2521568775177,8.258754078547161,8.477760704358419,8.483800180753072,8.492756819725036,8.504512190818787,8.515811928113301,80054240.0,79530500.0,69036180.0,60874440.0,54728440.0,66381340.0,64252340.0,59043150.0,54910020.0,52487180.0,57261575.0,56448795.0,54078275.0,50595645.0,48939295.0,54241696.66666666,54208143.33333334,52117120.0,49762903.33333334,47726786.66666666,46024618.33333334,45427716.66666666,44321883.333333336,43316535.0,42545326.66666666,1
2018-11-01,8.79645986826177,8.805680687169973,8.538283094251943,8.565944671630861,59794400,1,8.586230278015138,8.213717842102051,8.114070200920105,8.228799835840862,8.463395539919535,75855680.0,68365060.0,59381015.0,55637550.0,47320275.0,8.805681228637695,8.722695350646973,8.556724548339844,8.280105590820312,8.289327621459961,8.530906867980956,8.278262138366701,8.117823696136474,7.957384967803955,7.841205406188965,8.127950048446655,8.040853309631348,7.965678215026855,7.908006048202513,7.862597370147705,8.100171494483948,8.073380160331727,8.05390841960907,8.048169922828674,8.053092122077942,8.23946140607198,8.241225957870482,8.239718103408814,8.242836872736612,8.2521568775177,8.47234947681427,8.477760704358419,8.483800180753072,8.492756819725036,8.504512190818787,81976640.0,80054240.0,79530500.0,69036180.0,60874440.0,68352540.0,66381340.0,64252340.0,59043150.0,54910020.0,58335775.0,57261575.0,56448795.0,54078275.0,50595645.0,55188216.66666666,54241696.66666666,54208143.33333334,52117120.0,49762903.33333334,46700383.33333334,46024618.33333334,45427716.66666666,44321883.333333336,43316535.0,0
2018-11-02,8.630488911236919,8.713474525276474,8.53828335735074,8.648930549621582,48499200,1,8.65999526977539,8.308690118789674,8.133476901054383,8.219696728388469,8.457938202222188,65427560.0,67231870.0,59958365.0,54771236.66666666,47533885.0,8.565944671630861,8.805681228637695,8.722695350646973,8.556724548339844,8.280105590820312,8.586230278015138,8.530906867980956,8.278262138366701,8.117823696136474,7.957384967803955,8.213717842102051,8.127950048446655,8.040853309631348,7.965678215026855,7.908006048202513,8.114070200920105,8.100171494483948,8.073380160331727,8.05390841960907,8.048169922828674,8.228799835840862,8.23946140607198,8.241225957870482,8.239718103408814,8.242836872736612,8.463395539919535,8.47234947681427,8.477760704358419,8.483800180753072,8.492756819725036,75855680.0,81976640.0,80054240.0,79530500.0,69036180.0,68365060.0,68352540.0,66381340.0,64252340.0,59043150.0,59381015.0,58335775.0,57261575.0,56448795.0,54078275.0,55637550.0,55188216.66666666,54241696.66666666,54208143.33333334,52117120.0,47320275.0,46700383.33333334,46024618.33333334,45427716.66666666,44321883.333333336,0
2018-11-05,8.648930308067703,8.824121471100565,8.621268730608977,8.787239074707031,41274300,1,8.706098175048828,8.411960935592651,8.15345847606659,8.22305407524109,8.457352423667908,55227400.0,67378950.0,59839195.0,54708020.0,47568781.66666666,8.648930549621582,8.565944671630861,8.805681228637695,8.722695350646973,8.556724548339844,8.65999526977539,8.586230278015138,8.530906867980956,8.278262138366701,8.117823696136474,8.308690118789674,8.213717842102051,8.127950048446655,8.040853309631348,7.965678215026855,8.133476901054383,8.114070200920105,8.100171494483948,8.073380160331727,8.05390841960907,8.219696728388469,8.228799835840862,8.23946140607198,8.241225957870482,8.239718103408814,8.457938202222188,8.463395539919535,8.47234947681427,8.477760704358419,8.483800180753072,65427560.0,75855680.0,81976640.0,80054240.0,79530500.0,67231870.0,68365060.0,68352540.0,66381340.0,64252340.0,59958365.0,59381015.0,58335775.0,57261575.0,56448795.0,54771236.66666666,55637550.0,55188216.66666666,54241696.66666666,54208143.33333334,47533885.0,47320275.0,46700383.33333334,46024618.33333334,45427716.66666666,0
2018-11-06,8.722696302398576,8.824122686615764,8.676593080719558,8.79646110534668,40928600,1,8.72085132598877,8.499556732177734,8.187940907478332,8.232757457097371,8.461147363980611,51800720.0,65927480.0,58967780.0,54592103.33333334,47141155.0,8.787239074707031,8.648930549621582,8.565944671630861,8.805681228637695,8.722695350646973,8.706098175048828,8.65999526977539,8.586230278015138,8.530906867980956,8.278262138366701,8.411960935592651,8.308690118789674,8.213717842102051,8.127950048446655,8.040853309631348,8.15345847606659,8.133476901054383,8.114070200920105,8.100171494483948,8.073380160331727,8.22305407524109,8.219696728388469,8.228799835840862,8.23946140607198,8.241225957870482,8.457352423667908,8.457938202222188,8.463395539919535,8.47234947681427,8.477760704358419,55227400.0,65427560.0,75855680.0,81976640.0,80054240.0,67378950.0,67231870.0,68365060.0,68352540.0,66381340.0,59839195.0,59958365.0,59381015.0,58335775.0,57261575.0,54708020.0,54771236.66666666,55637550.0,55188216.66666666,54241696.66666666,47568781.66666666,47533885.0,47320275.0,46700383.33333334,46024618.33333334,0
2018-11-07,8.851784706115723,8.851784706115723,8.713475047971112,8.851784706115723,37347400,0,8.730072021484375,8.630489444732666,8.231077170372009,8.247928094863891,8.465260481834411,45568780.0,63772710.0,58129945.0,53883766.66666666,47135988.33333334,8.79646110534668,8.787239074707031,8.648930549621582,8.565944671630861,8.805681228637695,8.72085132598877,8.706098175048828,8.65999526977539,8.586230278015138,8.530906867980956,8.499556732177734,8.411960935592651,8.308690118789674,8.213717842102051,8.127950048446655,8.187940907478332,8.15345847606659,8.133476901054383,8.114070200920105,8.100171494483948,8.232757457097371,8.22305407524109,8.219696728388469,8.228799835840862,8.23946140607198,8.461147363980611,8.457352423667908,8.457938202222188,8.463395539919535,8.47234947681427,51800720.0,55227400.0,65427560.0,75855680.0,81976640.0,65927480.0,67378950.0,67231870.0,68365060.0,68352540.0,58967780.0,59839195.0,59958365.0,59381015.0,58335775.0,54592103.33333334,54708020.0,54771236.66666666,55637550.0,55188216.66666666,47141155.0,47568781.66666666,47533885.0,47320275.0,46700383.33333334,1
2018-11-08,8.833342542996181,8.897886518696794,8.704253712249246,8.722695350646973,55810100,0,8.761422157287598,8.673826217651367,8.268211793899535,8.260003487269081,8.46797697544098,44771920.0,60313800.0,57611910.0,53835030.0,47461180.0,8.851784706115723,8.79646110534668,8.787239074707031,8.648930549621582,8.565944671630861,8.730072021484375,8.72085132598877,8.706098175048828,8.65999526977539,8.586230278015138,8.630489444732666,8.499556732177734,8.411960935592651,8.308690118789674,8.213717842102051,8.231077170372009,8.187940907478332,8.15345847606659,8.133476901054383,8.114070200920105,8.247928094863891,8.232757457097371,8.22305407524109,8.219696728388469,8.228799835840862,8.465260481834411,8.461147363980611,8.457352423667908,8.457938202222188,8.463395539919535,45568780.0,51800720.0,55227400.0,65427560.0,75855680.0,63772710.0,65927480.0,67378950.0,67231870.0,68365060.0,58129945.0,58967780.0,59839195.0,59958365.0,59381015.0,53883766.66666666,54592103.33333334,54708020.0,54771236.66666666,55637550.0,47135988.33333334,47141155.0,47568781.66666666,47533885.0,47320275.0,0
2018-11-09,8.648930549621582,9.036196162242376,8.547504176543075,8.648930549621582,52203600,1,8.761422157287598,8.710708713531494,8.309357380867004,8.26901618639628,8.468558224042258,45512800.0,55470180.0,57256665.0,54542243.33333334,47850278.33333334,8.722695350646973,8.851784706115723,8.79646110534668,8.787239074707031,8.648930549621582,8.761422157287598,8.730072021484375,8.72085132598877,8.706098175048828,8.65999526977539,8.673826217651367,8.630489444732666,8.499556732177734,8.411960935592651,8.308690118789674,8.268211793899535,8.231077170372009,8.187940907478332,8.15345847606659,8.133476901054383,8.260003487269081,8.247928094863891,8.232757457097371,8.22305407524109,8.219696728388469,8.46797697544098,8.465260481834411,8.461147363980611,8.457352423667908,8.457938202222188,44771920.0,45568780.0,51800720.0,55227400.0,65427560.0,60313800.0,63772710.0,65927480.0,67378950.0,67231870.0,57611910.0,58129945.0,58967780.0,59839195.0,59958365.0,53835030.0,53883766.66666666,54592103.33333334,54708020.0,54771236.66666666,47461180.0,47135988.33333334,47141155.0,47568781.66666666,47533885.0,0
2018-11-12,8.648930303996286,8.833342285877144,8.63970948506582,8.750356674194336,36317200,1,8.754045677185058,8.730071926116944,8.347875070571899,8.279296255111694,8.470226041475932,44521380.0,49874390.0,57063365.0,54257326.66666666,47909850.0,8.648930549621582,8.722695350646973,8.851784706115723,8.79646110534668,8.787239074707031,8.761422157287598,8.761422157287598,8.730072021484375,8.72085132598877,8.706098175048828,8.710708713531494,8.673826217651367,8.630489444732666,8.499556732177734,8.411960935592651,8.309357380867004,8.268211793899535,8.231077170372009,8.187940907478332,8.15345847606659,8.26901618639628,8.260003487269081,8.247928094863891,8.232757457097371,8.22305407524109,8.468558224042258,8.46797697544098,8.465260481834411,8.461147363980611,8.457352423667908,45512800.0,44771920.0,45568780.0,51800720.0,55227400.0,55470180.0,60313800.0,63772710.0,65927480.0,67378950.0,57256665.0,57611910.0,58129945.0,58967780.0,59839195.0,54542243.33333334,53835030.0,53883766.66666666,54592103.33333334,54708020.0,47850278.33333334,47461180.0,47135988.33333334,47141155.0,47568781.66666666,1
2018-11-13,8.787240285141714,8.916329129973803,8.731917122603543,8.79646110534668,33098000,0,8.754045677185058,8.737448501586915,8.389150905609133,8.294736274083455,8.470095880826314,42955260.0,47377990.0,56879665.0,53967046.66666666,48040608.33333334,8.750356674194336,8.648930549621582,8.722695350646973,8.851784706115723,8.79646110534668,8.754045677185058,8.761422157287598,8.761422157287598,8.730072021484375,8.72085132598877,8.730071926116944,8.710708713531494,8.673826217651367,8.630489444732666,8.499556732177734,8.347875070571899,8.309357380867004,8.268211793899535,8.231077170372009,8.187940907478332,8.279296255111694,8.26901618639628,8.260003487269081,8.247928094863891,8.232757457097371,8.470226041475932,8.468558224042258,8.46797697544098,8.465260481834411,8.461147363980611,44521380.0,45512800.0,44771920.0,45568780.0,51800720.0,49874390.0,55470180.0,60313800.0,63772710.0,65927480.0,57063365.0,57256665.0,57611910.0,58129945.0,58967780.0,54257326.66666666,54542243.33333334,53835030.0,53883766.66666666,54592103.33333334,47909850.0,47850278.33333334,47461180.0,47135988.33333334,47141155.0,1
2018-11-14,8.879446728499753,8.916329129973803,8.69503472112949,8.79646110534668,46677600,0,8.74298095703125,8.736526489257812,8.432238268852235,8.312289826075236,8.46785221894582,44821300.0,45195040.0,56773790.0,53955530.0,48045003.33333334,8.79646110534668,8.750356674194336,8.648930549621582,8.722695350646973,8.851784706115723,8.754045677185058,8.754045677185058,8.761422157287598,8.761422157287598,8.730072021484375,8.737448501586915,8.730071926116944,8.710708713531494,8.673826217651367,8.630489444732666,8.389150905609133,8.347875070571899,8.309357380867004,8.268211793899535,8.231077170372009,8.294736274083455,8.279296255111694,8.26901618639628,8.260003487269081,8.247928094863891,8.470095880826314,8.470226041475932,8.468558224042258,8.46797697544098,8.465260481834411,42955260.0,44521380.0,45512800.0,44771920.0,45568780.0,47377990.0,49874390.0,55470180.0,60313800.0,63772710.0,56879665.0,57063365.0,57256665.0,57611910.0,58129945.0,53967046.66666666,54257326.66666666,54542243.33333334,53835030.0,53883766.66666666,48040608.33333334,47909850.0,47850278.33333334,47461180.0,47135988.33333334,1
2018-11-15,8.759578971758847,8.78724055387388,8.409195707366992,8.58438777923584,57170100,0,8.715319442749024,8.738370800018311,8.476044321060181,8.322170400619507,8.464640418688456,45093300.0,44932610.0,56648835.0,54564880.0,48484443.33333334,8.79646110534668,8.79646110534668,8.750356674194336,8.648930549621582,8.722695350646973,8.74298095703125,8.754045677185058,8.754045677185058,8.761422157287598,8.761422157287598,8.736526489257812,8.737448501586915,8.730071926116944,8.710708713531494,8.673826217651367,8.432238268852235,8.389150905609133,8.347875070571899,8.309357380867004,8.268211793899535,8.312289826075236,8.294736274083455,8.279296255111694,8.26901618639628,8.260003487269081,8.46785221894582,8.470095880826314,8.470226041475932,8.468558224042258,8.46797697544098,44821300.0,42955260.0,44521380.0,45512800.0,44771920.0,45195040.0,47377990.0,49874390.0,55470180.0,60313800.0,56773790.0,56879665.0,57063365.0,57256665.0,57611910.0,53955530.0,53967046.66666666,54257326.66666666,54542243.33333334,53835030.0,48045003.33333334,48040608.33333334,47909850.0,47850278.33333334,47461180.0,1
2018-11-16,8.556723826724856,8.584386283365415,8.280105415739067,8.344650268554688,54582500,1,8.654463386535644,8.707942771911622,8.508316445350648,8.324965524673463,8.458338761329651,45569080.0,45540940.0,56386405.0,55152556.66666666,48868955.0,8.58438777923584,8.79646110534668,8.79646110534668,8.750356674194336,8.648930549621582,8.715319442749024,8.74298095703125,8.754045677185058,8.754045677185058,8.761422157287598,8.738370800018311,8.736526489257812,8.737448501586915,8.730071926116944,8.710708713531494,8.476044321060181,8.432238268852235,8.389150905609133,8.347875070571899,8.309357380867004,8.322170400619507,8.312289826075236,8.294736274083455,8.279296255111694,8.26901618639628,8.464640418688456,8.46785221894582,8.470095880826314,8.470226041475932,8.468558224042258,45093300.0,44821300.0,42955260.0,44521380.0,45512800.0,44932610.0,45195040.0,47377990.0,49874390.0,55470180.0,56648835.0,56773790.0,56879665.0,57063365.0,57256665.0,54564880.0,53955530.0,53967046.66666666,54257326.66666666,54542243.33333334,48484443.33333334,48045003.33333334,48040608.33333334,47909850.0,47850278.33333334,0
2018-11-19,8.316988712408724,8.630488641021067,8.261664678332611,8.529062271118164,56292500,0,8.61020450592041,8.682125091552733,8.547043013572694,8.329680681228638,8.454355820020039,49564140.0,47042760.0,57210855.0,55573716.66666666,49500830.0,8.344650268554688,8.58438777923584,8.79646110534668,8.79646110534668,8.750356674194336,8.654463386535644,8.715319442749024,8.74298095703125,8.754045677185058,8.754045677185058,8.707942771911622,8.738370800018311,8.736526489257812,8.737448501586915,8.730071926116944,8.508316445350648,8.476044321060181,8.432238268852235,8.389150905609133,8.347875070571899,8.324965524673463,8.322170400619507,8.312289826075236,8.294736274083455,8.279296255111694,8.458338761329651,8.464640418688456,8.46785221894582,8.470095880826314,8.470226041475932,45569080.0,45093300.0,44821300.0,42955260.0,44521380.0,45540940.0,44932610.0,45195040.0,47377990.0,49874390.0,56386405.0,56648835.0,56773790.0,56879665.0,57063365.0,55152556.66666666,54564880.0,53955530.0,53967046.66666666,54257326.66666666,48868955.0,48484443.33333334,48045003.33333334,48040608.33333334,47909850.0,0
2018-11-20,8.390754700719322,8.501401905294276,8.307769077451649,8.353872299194336,35159900,1,8.52168674468994,8.6378662109375,8.568711471557616,8.337916008631389,8.442773127555848,49976520.0,46465890.0,56196685.0,54800483.33333334,49257340.0,8.529062271118164,8.344650268554688,8.58438777923584,8.79646110534668,8.79646110534668,8.61020450592041,8.654463386535644,8.715319442749024,8.74298095703125,8.754045677185058,8.682125091552733,8.707942771911622,8.738370800018311,8.736526489257812,8.737448501586915,8.547043013572694,8.508316445350648,8.476044321060181,8.432238268852235,8.389150905609133,8.329680681228638,8.324965524673463,8.322170400619507,8.312289826075236,8.294736274083455,8.454355820020039,8.458338761329651,8.464640418688456,8.46785221894582,8.470095880826314,49564140.0,45569080.0,45093300.0,44821300.0,42955260.0,47042760.0,45540940.0,44932610.0,45195040.0,47377990.0,57210855.0,56386405.0,56648835.0,56773790.0,56879665.0,55573716.66666666,55152556.66666666,54564880.0,53955530.0,53967046.66666666,49500830.0,48868955.0,48484443.33333334,48045003.33333334,48040608.33333334,0
2018-11-21,8.344650711795401,8.482959484961961,8.280105855551371,8.39997386932373,25882700,1,8.442389297485352,8.592685127258301,8.611587285995482,8.351613156000774,8.431656893094381,45817540.0,45319420.0,54546065.0,53859770.0,49124626.66666666,8.353872299194336,8.529062271118164,8.344650268554688,8.58438777923584,8.79646110534668,8.52168674468994,8.61020450592041,8.654463386535644,8.715319442749024,8.74298095703125,8.6378662109375,8.682125091552733,8.707942771911622,8.738370800018311,8.736526489257812,8.568711471557616,8.547043013572694,8.508316445350648,8.476044321060181,8.432238268852235,8.337916008631389,8.329680681228638,8.324965524673463,8.322170400619507,8.312289826075236,8.442773127555848,8.454355820020039,8.458338761329651,8.464640418688456,8.46785221894582,49976520.0,49564140.0,45569080.0,45093300.0,44821300.0,46465890.0,47042760.0,45540940.0,44932610.0,45195040.0,56196685.0,57210855.0,56386405.0,56648835.0,56773790.0,54800483.33333334,55573716.66666666,55152556.66666666,54564880.0,53955530.0,49257340.0,49500830.0,48868955.0,48484443.33333334,48045003.33333334,1
2018-11-23,8.363091035587633,8.5014006808959,8.326208639374567,8.418415069580076,13520800,1,8.4091947555542,8.562257099151612,8.61804165840149,8.366226895650227,8.421451846758522,37087680.0,41090490.0,50702145.0,52104770.0,48727700.0,8.39997386932373,8.353872299194336,8.529062271118164,8.344650268554688,8.58438777923584,8.442389297485352,8.52168674468994,8.61020450592041,8.654463386535644,8.715319442749024,8.592685127258301,8.6378662109375,8.682125091552733,8.707942771911622,8.738370800018311,8.611587285995482,8.568711471557616,8.547043013572694,8.508316445350648,8.476044321060181,8.351613156000774,8.337916008631389,8.329680681228638,8.324965524673463,8.322170400619507,8.431656893094381,8.442773127555848,8.454355820020039,8.458338761329651,8.464640418688456,45817540.0,49976520.0,49564140.0,45569080.0,45093300.0,45319420.0,46465890.0,47042760.0,45540940.0,44932610.0,54546065.0,56196685.0,57210855.0,56386405.0,56648835.0,53859770.0,54800483.33333334,55573716.66666666,55152556.66666666,54564880.0,49124626.66666666,49257340.0,49500830.0,48868955.0,48484443.33333334,0
2018-11-26,8.510620396584669,8.787238800579608,8.455297243393083,8.667370796203612,46304400,0,8.473738861083984,8.564101123809815,8.637404918670653,8.394271961847942,8.419472114245098,35432060.0,40500570.0,47985375.0,51671300.0,48690451.66666666,8.418415069580076,8.39997386932373,8.353872299194336,8.529062271118164,8.344650268554688,8.4091947555542,8.442389297485352,8.52168674468994,8.61020450592041,8.654463386535644,8.562257099151612,8.592685127258301,8.6378662109375,8.682125091552733,8.707942771911622,8.61804165840149,8.611587285995482,8.568711471557616,8.547043013572694,8.508316445350648,8.366226895650227,8.351613156000774,8.337916008631389,8.329680681228638,8.324965524673463,8.421451846758522,8.431656893094381,8.442773127555848,8.454355820020039,8.458338761329651,37087680.0,45817540.0,49976520.0,49564140.0,45569080.0,41090490.0,45319420.0,46465890.0,47042760.0,45540940.0,50702145.0,54546065.0,56196685.0,57210855.0,56386405.0,52104770.0,53859770.0,54800483.33333334,55573716.66666666,55152556.66666666,48727700.0,49124626.66666666,49257340.0,49500830.0,48868955.0,1
2018-11-27,8.639710166568582,8.69503420516966,8.529062968712187,8.556724548339844,34283200,1,8.47927131652832,8.544737911224365,8.637404918670653,8.413496017456055,8.418969511985779,31030200.0,40297170.0,45085780.0,51474633.33333334,47988090.0,8.667370796203612,8.418415069580076,8.39997386932373,8.353872299194336,8.529062271118164,8.473738861083984,8.4091947555542,8.442389297485352,8.52168674468994,8.61020450592041,8.564101123809815,8.562257099151612,8.592685127258301,8.6378662109375,8.682125091552733,8.637404918670653,8.61804165840149,8.611587285995482,8.568711471557616,8.547043013572694,8.394271961847942,8.366226895650227,8.351613156000774,8.337916008631389,8.329680681228638,8.419472114245098,8.421451846758522,8.431656893094381,8.442773127555848,8.454355820020039,35432060.0,37087680.0,45817540.0,49976520.0,49564140.0,40500570.0,41090490.0,45319420.0,46465890.0,47042760.0,47985375.0,50702145.0,54546065.0,56196685.0,57210855.0,51671300.0,52104770.0,53859770.0,54800483.33333334,55573716.66666666,48690451.66666666,48727700.0,49124626.66666666,49257340.0,49500830.0,1
2018-11-28,8.547504865134089,8.704254407302972,8.455298424474003,8.676592826843263,33199500,0,8.543815422058106,8.532751083374022,8.635099792480469,8.437017631530761,8.4206156651179,30638120.0,40307320.0,43842655.0,51355550.0,47639563.33333334,8.556724548339844,8.667370796203612,8.418415069580076,8.39997386932373,8.353872299194336,8.47927131652832,8.473738861083984,8.4091947555542,8.442389297485352,8.52168674468994,8.544737911224365,8.564101123809815,8.562257099151612,8.592685127258301,8.6378662109375,8.637404918670653,8.637404918670653,8.61804165840149,8.611587285995482,8.568711471557616,8.413496017456055,8.394271961847942,8.366226895650227,8.351613156000774,8.337916008631389,8.418969511985779,8.419472114245098,8.421451846758522,8.431656893094381,8.442773127555848,31030200.0,35432060.0,37087680.0,45817540.0,49976520.0,40297170.0,40500570.0,41090490.0,45319420.0,46465890.0,45085780.0,47985375.0,50702145.0,54546065.0,56196685.0,51474633.33333334,51671300.0,52104770.0,53859770.0,54800483.33333334,47988090.0,48690451.66666666,48727700.0,49124626.66666666,49257340.0,0
2018-11-29,8.639710426330566,8.704254407184273,8.538284045082483,8.639710426330566,29207600,1,8.591762733459472,8.517076015472412,8.626801252365112,8.460517517725627,8.421345194180809,31303100.0,38560320.0,41877680.0,50702633.33333334,47383658.33333334,8.676592826843263,8.556724548339844,8.667370796203612,8.418415069580076,8.39997386932373,8.543815422058106,8.47927131652832,8.473738861083984,8.4091947555542,8.442389297485352,8.532751083374022,8.544737911224365,8.564101123809815,8.562257099151612,8.592685127258301,8.635099792480469,8.637404918670653,8.637404918670653,8.61804165840149,8.611587285995482,8.437017631530761,8.413496017456055,8.394271961847942,8.366226895650227,8.351613156000774,8.4206156651179,8.418969511985779,8.419472114245098,8.421451846758522,8.431656893094381,30638120.0,31030200.0,35432060.0,37087680.0,45817540.0,40307320.0,40297170.0,40500570.0,41090490.0,45319420.0,43842655.0,45085780.0,47985375.0,50702145.0,54546065.0,51355550.0,51474633.33333334,51671300.0,52104770.0,53859770.0,47639563.33333334,47988090.0,48690451.66666666,48727700.0,49124626.66666666,1
2018-11-30,8.639710426448385,8.741136807697847,8.630489606513219,8.676592826843263,36269500,1,8.643398284912111,8.526296520233155,8.632333660125733,8.492795054117838,8.423595197995503,35852840.0,36470260.0,40701435.0,49922643.33333334,47496165.0,8.639710426330566,8.676592826843263,8.556724548339844,8.667370796203612,8.418415069580076,8.591762733459472,8.543815422058106,8.47927131652832,8.473738861083984,8.4091947555542,8.517076015472412,8.532751083374022,8.544737911224365,8.564101123809815,8.562257099151612,8.626801252365112,8.635099792480469,8.637404918670653,8.637404918670653,8.61804165840149,8.460517517725627,8.437017631530761,8.413496017456055,8.394271961847942,8.366226895650227,8.421345194180809,8.4206156651179,8.418969511985779,8.419472114245098,8.421451846758522,31303100.0,30638120.0,31030200.0,35432060.0,37087680.0,38560320.0,40307320.0,40297170.0,40500570.0,41090490.0,41877680.0,43842655.0,45085780.0,47985375.0,50702145.0,50702633.33333334,51355550.0,51474633.33333334,51671300.0,52104770.0,47383658.33333334,47639563.33333334,47988090.0,48690451.66666666,48727700.0,1
2018-12-03,8.953211085278486,9.082299923677636,8.851784706115723,8.851784706115723,64668600,0,8.680281066894532,8.577009963989259,8.64247636795044,8.531214284896851,8.431180516878761,39525680.0,37478870.0,41509905.0,50083893.33333334,47720143.33333334,8.676592826843263,8.639710426330566,8.676592826843263,8.556724548339844,8.667370796203612,8.643398284912111,8.591762733459472,8.543815422058106,8.47927131652832,8.473738861083984,8.526296520233155,8.517076015472412,8.532751083374022,8.544737911224365,8.564101123809815,8.632333660125733,8.626801252365112,8.635099792480469,8.637404918670653,8.637404918670653,8.492795054117838,8.460517517725627,8.437017631530761,8.413496017456055,8.394271961847942,8.423595197995503,8.421345194180809,8.4206156651179,8.418969511985779,8.419472114245098,35852840.0,31303100.0,30638120.0,31030200.0,35432060.0,36470260.0,38560320.0,40307320.0,40297170.0,40500570.0,40701435.0,41877680.0,43842655.0,45085780.0,47985375.0,49922643.33333334,50702633.33333334,51355550.0,51474633.33333334,51671300.0,47496165.0,47383658.33333334,47639563.33333334,47988090.0,48690451.66666666,1
2018-12-04,8.805679950328269,8.851783161665765,8.464517593383789,8.464517593383789,57930300,0,8.66183967590332,8.570555496215821,8.626340293884278,8.554880507787068,8.430650766690572,44255100.0,37642650.0,42342705.0,50688120.0,48178620.0,8.851784706115723,8.676592826843263,8.639710426330566,8.676592826843263,8.556724548339844,8.680281066894532,8.643398284912111,8.591762733459472,8.543815422058106,8.47927131652832,8.577009963989259,8.526296520233155,8.517076015472412,8.532751083374022,8.544737911224365,8.64247636795044,8.632333660125733,8.626801252365112,8.635099792480469,8.637404918670653,8.531214284896851,8.492795054117838,8.460517517725627,8.437017631530761,8.413496017456055,8.431180516878761,8.423595197995503,8.421345194180809,8.4206156651179,8.418969511985779,39525680.0,35852840.0,31303100.0,30638120.0,31030200.0,37478870.0,36470260.0,38560320.0,40307320.0,40297170.0,41509905.0,40701435.0,41877680.0,43842655.0,45085780.0,50083893.33333334,49922643.33333334,50702633.33333334,51355550.0,51474633.33333334,47720143.33333334,47496165.0,47383658.33333334,47639563.33333334,47988090.0,0
2018-12-06,8.409194498585277,8.409194498585277,8.224782512083657,8.316988945007324,53963600,0,8.589918899536134,8.56686716079712,8.60236668586731,8.568096701304118,8.428718956311544,48407920.0,39523020.0,42994455.0,50638796.66666666,48625373.33333334,8.464517593383789,8.851784706115723,8.676592826843263,8.639710426330566,8.676592826843263,8.66183967590332,8.680281066894532,8.643398284912111,8.591762733459472,8.543815422058106,8.570555496215821,8.577009963989259,8.526296520233155,8.517076015472412,8.532751083374022,8.626340293884278,8.64247636795044,8.632333660125733,8.626801252365112,8.635099792480469,8.554880507787068,8.531214284896851,8.492795054117838,8.460517517725627,8.437017631530761,8.430650766690572,8.431180516878761,8.423595197995503,8.421345194180809,8.4206156651179,44255100.0,39525680.0,35852840.0,31303100.0,30638120.0,37642650.0,37478870.0,36470260.0,38560320.0,40307320.0,42342705.0,41509905.0,40701435.0,41877680.0,43842655.0,50688120.0,50083893.33333334,49922643.33333334,50702633.33333334,51355550.0,48178620.0,47720143.33333334,47496165.0,47383658.33333334,47639563.33333334,1
2018-12-07,8.316988852567187,8.418415224179334,8.114135229997189,8.132575988769531,43534800,0,8.488492012023926,8.540127372741699,8.56640625,8.587767314910888,8.423260696729024,51273360.0,41288230.0,43303825.0,50126786.66666666,48926786.66666666,8.316988945007324,8.464517593383789,8.851784706115723,8.676592826843263,8.639710426330566,8.589918899536134,8.66183967590332,8.680281066894532,8.643398284912111,8.591762733459472,8.56686716079712,8.570555496215821,8.577009963989259,8.526296520233155,8.517076015472412,8.60236668586731,8.626340293884278,8.64247636795044,8.632333660125733,8.626801252365112,8.568096701304118,8.554880507787068,8.531214284896851,8.492795054117838,8.460517517725627,8.428718956311544,8.430650766690572,8.431180516878761,8.423595197995503,8.421345194180809,48407920.0,44255100.0,39525680.0,35852840.0,31303100.0,39523020.0,37642650.0,37478870.0,36470260.0,38560320.0,42994455.0,42342705.0,41509905.0,40701435.0,41877680.0,50638796.66666666,50688120.0,50083893.33333334,49922643.33333334,50702633.33333334,48625373.33333334,48178620.0,47720143.33333334,47496165.0,47383658.33333334,1
2018-12-10,8.141796818189317,8.160238456330829,7.726869632807987,7.855958461761475,56499700,1,8.324365139007567,8.483881711959839,8.523069405555725,8.573321676254272,8.412739276885986,55319400.0,45586120.0,43338305.0,48996803.33333334,49379853.33333334,8.132575988769531,8.316988945007324,8.464517593383789,8.851784706115723,8.676592826843263,8.488492012023926,8.589918899536134,8.66183967590332,8.680281066894532,8.643398284912111,8.540127372741699,8.56686716079712,8.570555496215821,8.577009963989259,8.526296520233155,8.56640625,8.60236668586731,8.626340293884278,8.64247636795044,8.632333660125733,8.587767314910888,8.568096701304118,8.554880507787068,8.531214284896851,8.492795054117838,8.423260696729024,8.428718956311544,8.430650766690572,8.431180516878761,8.423595197995503,51273360.0,48407920.0,44255100.0,39525680.0,35852840.0,41288230.0,39523020.0,37642650.0,37478870.0,36470260.0,43303825.0,42994455.0,42342705.0,41509905.0,40701435.0,50126786.66666666,50638796.66666666,50688120.0,50083893.33333334,49922643.33333334,48926786.66666666,48625373.33333334,48178620.0,47720143.33333334,47496165.0,1
2018-12-11,8.040369923438226,8.114134712514621,7.837516313805307,7.874398708343506,42294500,1,8.128887939453126,8.404584503173828,8.484342813491821,8.559798113505046,8.40131749312083,50844580.0,45185130.0,42842850.0,47051960.0,49584540.0,7.855958461761475,8.132575988769531,8.316988945007324,8.464517593383789,8.851784706115723,8.324365139007567,8.488492012023926,8.589918899536134,8.66183967590332,8.680281066894532,8.483881711959839,8.540127372741699,8.56686716079712,8.570555496215821,8.577009963989259,8.523069405555725,8.56640625,8.60236668586731,8.626340293884278,8.64247636795044,8.573321676254272,8.587767314910888,8.568096701304118,8.554880507787068,8.531214284896851,8.412739276885986,8.423260696729024,8.428718956311544,8.430650766690572,8.431180516878761,55319400.0,51273360.0,48407920.0,44255100.0,39525680.0,45586120.0,41288230.0,39523020.0,37642650.0,37478870.0,43338305.0,43303825.0,42994455.0,42342705.0,41509905.0,48996803.33333334,50126786.66666666,50638796.66666666,50688120.0,50083893.33333334,49379853.33333334,48926786.66666666,48625373.33333334,48178620.0,47720143.33333334,1
2018-12-12,7.9666051864624015,8.049589915206822,7.920501973151731,7.966605186462402,40602700,0,8.029305458068848,8.345572566986084,8.445155239105224,8.54012746810913,8.389922785758973,47379060.0,45817080.0,43057125.0,45329546.66666666,49768845.0,7.874398708343506,7.855958461761475,8.132575988769531,8.316988945007324,8.464517593383789,8.128887939453126,8.324365139007567,8.488492012023926,8.589918899536134,8.66183967590332,8.404584503173828,8.483881711959839,8.540127372741699,8.56686716079712,8.570555496215821,8.484342813491821,8.523069405555725,8.56640625,8.60236668586731,8.626340293884278,8.559798113505046,8.573321676254272,8.587767314910888,8.568096701304118,8.554880507787068,8.40131749312083,8.412739276885986,8.423260696729024,8.428718956311544,8.430650766690572,50844580.0,55319400.0,51273360.0,48407920.0,44255100.0,45185130.0,45586120.0,41288230.0,39523020.0,37642650.0,42842850.0,43338305.0,43303825.0,42994455.0,42342705.0,47051960.0,48996803.33333334,50126786.66666666,50638796.66666666,50688120.0,49584540.0,49379853.33333334,48926786.66666666,48625373.33333334,48178620.0,1
2018-12-13,7.994267190708983,8.021928768438075,7.800634387913947,7.837516784667969,34200400,1,7.933411026000978,8.261664962768554,8.39720802307129,8.51062151590983,8.375923736890156,43426420.0,45917170.0,43112245.0,44534160.0,49387928.33333334,7.966605186462402,7.874398708343506,7.855958461761475,8.132575988769531,8.316988945007324,8.029305458068848,8.128887939453126,8.324365139007567,8.488492012023926,8.589918899536134,8.345572566986084,8.404584503173828,8.483881711959839,8.540127372741699,8.56686716079712,8.445155239105224,8.484342813491821,8.523069405555725,8.56640625,8.60236668586731,8.54012746810913,8.559798113505046,8.573321676254272,8.587767314910888,8.568096701304118,8.389922785758973,8.40131749312083,8.412739276885986,8.423260696729024,8.428718956311544,47379060.0,50844580.0,55319400.0,51273360.0,48407920.0,45817080.0,45185130.0,45586120.0,41288230.0,39523020.0,43057125.0,42842850.0,43338305.0,43303825.0,42994455.0,45329546.66666666,47051960.0,48996803.33333334,50126786.66666666,50638796.66666666,49768845.0,49584540.0,49379853.33333334,48926786.66666666,48625373.33333334,0
2018-12-14,7.8559584617614755,8.003488049510771,7.8006344266826355,7.855958461761475,35613300,0,7.878087520599365,8.183289766311647,8.350182890892029,8.47896409034729,8.359212748209636,41842120.0,46557740.0,42559030.0,43437700.0,49312958.33333334,7.837516784667969,7.966605186462402,7.874398708343506,7.855958461761475,8.132575988769531,7.933411026000978,8.029305458068848,8.128887939453126,8.324365139007567,8.488492012023926,8.261664962768554,8.345572566986084,8.404584503173828,8.483881711959839,8.540127372741699,8.39720802307129,8.445155239105224,8.484342813491821,8.523069405555725,8.56640625,8.51062151590983,8.54012746810913,8.559798113505046,8.573321676254272,8.587767314910888,8.375923736890156,8.389922785758973,8.40131749312083,8.412739276885986,8.423260696729024,43426420.0,47379060.0,50844580.0,55319400.0,51273360.0,45917170.0,45817080.0,45185130.0,45586120.0,41288230.0,43112245.0,43057125.0,42842850.0,43338305.0,43303825.0,44534160.0,45329546.66666666,47051960.0,48996803.33333334,50126786.66666666,49387928.33333334,49768845.0,49584540.0,49379853.33333334,48926786.66666666,1
2018-12-17,7.819075146618108,8.040370406487938,7.754531172134995,7.837516784667969,44469900,0,7.874399185180664,8.099382162094116,8.312839341163635,8.45468316078186,8.341741498311361,39436160.0,47377780.0,41924020.0,42926883.333333336,49282216.66666666,7.855958461761475,7.837516784667969,7.966605186462402,7.874398708343506,7.855958461761475,7.878087520599365,7.933411026000978,8.029305458068848,8.128887939453126,8.324365139007567,8.183289766311647,8.261664962768554,8.345572566986084,8.404584503173828,8.483881711959839,8.350182890892029,8.39720802307129,8.445155239105224,8.484342813491821,8.523069405555725,8.47896409034729,8.51062151590983,8.54012746810913,8.559798113505046,8.573321676254272,8.359212748209636,8.375923736890156,8.389922785758973,8.40131749312083,8.412739276885986,41842120.0,43426420.0,47379060.0,50844580.0,55319400.0,46557740.0,45917170.0,45817080.0,45185130.0,45586120.0,42559030.0,43112245.0,43057125.0,42842850.0,43338305.0,43437700.0,44534160.0,45329546.66666666,47051960.0,48996803.33333334,49312958.33333334,49387928.33333334,49768845.0,49584540.0,49379853.33333334,1
2018-12-18,7.883620257029418,8.00348827021767,7.754531424516133,7.8098554611206055,38263000,0,7.861490535736084,7.995189237594603,8.286099600791932,8.426713991165162,8.323205359776814,38629860.0,44737220.0,41108045.0,42585676.66666666,48678456.66666666,7.837516784667969,7.855958461761475,7.837516784667969,7.966605186462402,7.874398708343506,7.874399185180664,7.878087520599365,7.933411026000978,8.029305458068848,8.128887939453126,8.099382162094116,8.183289766311647,8.261664962768554,8.345572566986084,8.404584503173828,8.312839341163635,8.350182890892029,8.39720802307129,8.445155239105224,8.484342813491821,8.45468316078186,8.47896409034729,8.51062151590983,8.54012746810913,8.559798113505046,8.341741498311361,8.359212748209636,8.375923736890156,8.389922785758973,8.40131749312083,39436160.0,41842120.0,43426420.0,47379060.0,50844580.0,47377780.0,46557740.0,45917170.0,45817080.0,45185130.0,41924020.0,42559030.0,43112245.0,43057125.0,42842850.0,42926883.333333336,43437700.0,44534160.0,45329546.66666666,47051960.0,49282216.66666666,49312958.33333334,49387928.33333334,49768845.0,49584540.0,0
2018-12-19,7.80063384806475,7.975825000685681,7.625442695443822,7.671545028686522,75272900,0,7.802478504180907,7.915891981124878,8.243223738670348,8.389524189631144,8.306289132436117,45563900.0,46471480.0,42057065.0,43718963.333333336,49213491.66666666,7.8098554611206055,7.837516784667969,7.855958461761475,7.837516784667969,7.966605186462402,7.861490535736084,7.874399185180664,7.878087520599365,7.933411026000978,8.029305458068848,7.995189237594603,8.099382162094116,8.183289766311647,8.261664962768554,8.345572566986084,8.286099600791932,8.312839341163635,8.350182890892029,8.39720802307129,8.445155239105224,8.426713991165162,8.45468316078186,8.47896409034729,8.51062151590983,8.54012746810913,8.323205359776814,8.341741498311361,8.359212748209636,8.375923736890156,8.389922785758973,38629860.0,39436160.0,41842120.0,43426420.0,47379060.0,44737220.0,47377780.0,46557740.0,45917170.0,45817080.0,41108045.0,41924020.0,42559030.0,43112245.0,43057125.0,42585676.66666666,42926883.333333336,43437700.0,44534160.0,45329546.66666666,48678456.66666666,49282216.66666666,49312958.33333334,49387928.33333334,49768845.0,1
2018-12-20,7.680766836761923,7.7637524542447425,7.542458060521063,7.616222858428955,58926200,0,7.7582197189331055,7.845815372467041,8.20634126663208,8.350182914733887,8.29147018591563,50509060.0,46967740.0,43245380.0,44318883.333333336,49455493.33333334,7.671545028686522,7.8098554611206055,7.837516784667969,7.855958461761475,7.837516784667969,7.802478504180907,7.861490535736084,7.874399185180664,7.878087520599365,7.933411026000978,7.915891981124878,7.995189237594603,8.099382162094116,8.183289766311647,8.261664962768554,8.243223738670348,8.286099600791932,8.312839341163635,8.350182890892029,8.39720802307129,8.389524189631144,8.426713991165162,8.45468316078186,8.47896409034729,8.51062151590983,8.306289132436117,8.323205359776814,8.341741498311361,8.359212748209636,8.375923736890156,45563900.0,38629860.0,39436160.0,41842120.0,43426420.0,46471480.0,44737220.0,47377780.0,46557740.0,45917170.0,42057065.0,41108045.0,41924020.0,42559030.0,43112245.0,43718963.333333336,42585676.66666666,42926883.333333336,43437700.0,44534160.0,49213491.66666666,48678456.66666666,49282216.66666666,49312958.33333334,49387928.33333334,1
2018-12-21,7.57933970178368,7.745310040811844,7.413368483409848,7.422589302062987,57542300,0,7.6715458869934094,7.774816703796388,8.157472038269043,8.30254306793213,8.275235581398011,54894860.0,48368490.0,44828360.0,44992046.66666666,49437906.66666666,7.616222858428955,7.671545028686522,7.8098554611206055,7.837516784667969,7.855958461761475,7.7582197189331055,7.802478504180907,7.861490535736084,7.874399185180664,7.878087520599365,7.845815372467041,7.915891981124878,7.995189237594603,8.099382162094116,8.183289766311647,8.20634126663208,8.243223738670348,8.286099600791932,8.312839341163635,8.350182890892029,8.350182914733887,8.389524189631144,8.426713991165162,8.45468316078186,8.47896409034729,8.29147018591563,8.306289132436117,8.323205359776814,8.341741498311361,8.359212748209636,50509060.0,45563900.0,38629860.0,39436160.0,41842120.0,46967740.0,46471480.0,44737220.0,47377780.0,46557740.0,43245380.0,42057065.0,41108045.0,41924020.0,42559030.0,44318883.333333336,43718963.333333336,42585676.66666666,42926883.333333336,43437700.0,49455493.33333334,49213491.66666666,48678456.66666666,49282216.66666666,49312958.33333334,1
2018-12-24,7.385707310541947,7.385707310541947,7.016882898038138,7.0353240966796875,38709500,1,7.511107349395753,7.692753267288206,8.088317489624023,8.246297359466553,8.253150423367819,53742780.0,46589470.0,46087795.0,44422026.66666666,49128528.33333334,7.422589302062987,7.616222858428955,7.671545028686522,7.8098554611206055,7.837516784667969,7.6715458869934094,7.7582197189331055,7.802478504180907,7.861490535736084,7.874399185180664,7.774816703796388,7.845815372467041,7.915891981124878,7.995189237594603,8.099382162094116,8.157472038269043,8.20634126663208,8.243223738670348,8.286099600791932,8.312839341163635,8.30254306793213,8.350182914733887,8.389524189631144,8.426713991165162,8.45468316078186,8.275235581398011,8.29147018591563,8.306289132436117,8.323205359776814,8.341741498311361,54894860.0,50509060.0,45563900.0,38629860.0,39436160.0,48368490.0,46967740.0,46471480.0,44737220.0,47377780.0,44828360.0,43245380.0,42057065.0,41108045.0,41924020.0,44992046.66666666,44318883.333333336,43718963.333333336,42585676.66666666,42926883.333333336,49437906.66666666,49455493.33333334,49213491.66666666,48678456.66666666,49282216.66666666,1
2018-12-26,7.127530576926628,7.247398596123951,6.832470938826963,7.23817777633667,58810000,0,7.396771812438965,7.629131174087523,8.016857838630676,8.199272267023723,8.234144226710002,57852180.0,48241020.0,46713075.0,44642240.0,49592241.66666666,7.0353240966796875,7.422589302062987,7.616222858428955,7.671545028686522,7.8098554611206055,7.511107349395753,7.6715458869934094,7.7582197189331055,7.802478504180907,7.861490535736084,7.692753267288206,7.774816703796388,7.845815372467041,7.915891981124878,7.995189237594603,8.088317489624023,8.157472038269043,8.20634126663208,8.243223738670348,8.286099600791932,8.246297359466553,8.30254306793213,8.350182914733887,8.389524189631144,8.426713991165162,8.253150423367819,8.275235581398011,8.29147018591563,8.306289132436117,8.323205359776814,53742780.0,54894860.0,50509060.0,45563900.0,38629860.0,46589470.0,48368490.0,46967740.0,46471480.0,44737220.0,46087795.0,44828360.0,43245380.0,42057065.0,41108045.0,44422026.66666666,44992046.66666666,44318883.333333336,43718963.333333336,42585676.66666666,49128528.33333334,49437906.66666666,49455493.33333334,49213491.66666666,48678456.66666666,1
2018-12-27,7.2105161963206035,7.23817777633667,6.9431185779098925,7.23817777633667,49813000,0,7.310098361968994,7.556288433074951,7.950930500030518,8.1488663037618,8.214081279436748,52760200.0,49162050.0,47489565.0,45092100.0,49674713.33333334,7.23817777633667,7.0353240966796875,7.422589302062987,7.616222858428955,7.671545028686522,7.396771812438965,7.511107349395753,7.6715458869934094,7.7582197189331055,7.802478504180907,7.629131174087523,7.692753267288206,7.774816703796388,7.845815372467041,7.915891981124878,8.016857838630676,8.088317489624023,8.157472038269043,8.20634126663208,8.243223738670348,8.199272267023723,8.246297359466553,8.30254306793213,8.350182914733887,8.389524189631144,8.234144226710002,8.253150423367819,8.275235581398011,8.29147018591563,8.306289132436117,57852180.0,53742780.0,54894860.0,50509060.0,45563900.0,48241020.0,46589470.0,48368490.0,46967740.0,46471480.0,46713075.0,46087795.0,44828360.0,43245380.0,42057065.0,44642240.0,44422026.66666666,44992046.66666666,44318883.333333336,43718963.333333336,49592241.66666666,49128528.33333334,49437906.66666666,49455493.33333334,49213491.66666666,1
2018-12-28,7.219736097665581,7.4133689036290376,7.155192122126335,7.201294898986816,47331700,0,7.227112770080566,7.492666244506836,7.877165603637695,8.095694096883138,8.195215185483299,50441300.0,50475180.0,48196175.0,45566556.66666666,49766801.66666666,7.23817777633667,7.23817777633667,7.0353240966796875,7.422589302062987,7.616222858428955,7.310098361968994,7.396771812438965,7.511107349395753,7.6715458869934094,7.7582197189331055,7.556288433074951,7.629131174087523,7.692753267288206,7.774816703796388,7.845815372467041,7.950930500030518,8.016857838630676,8.088317489624023,8.157472038269043,8.20634126663208,8.1488663037618,8.199272267023723,8.246297359466553,8.30254306793213,8.350182914733887,8.214081279436748,8.234144226710002,8.253150423367819,8.275235581398011,8.29147018591563,52760200.0,57852180.0,53742780.0,54894860.0,50509060.0,49162050.0,48241020.0,46589470.0,48368490.0,46967740.0,47489565.0,46713075.0,46087795.0,44828360.0,43245380.0,45092100.0,44642240.0,44422026.66666666,44992046.66666666,44318883.333333336,49674713.33333334,49592241.66666666,49128528.33333334,49437906.66666666,49455493.33333334,0
2018-12-31,7.2381772833937275,7.247398102553041,6.915456087256337,7.053765296936035,57816000,1,7.153347969055176,7.412446928024293,7.7978683471679675,8.037604236602784,8.17494703133901,50496040.0,52695450.0,49626595.0,45937836.66666666,49946683.33333334,7.201294898986816,7.23817777633667,7.23817777633667,7.0353240966796875,7.422589302062987,7.227112770080566,7.310098361968994,7.396771812438965,7.511107349395753,7.6715458869934094,7.492666244506836,7.556288433074951,7.629131174087523,7.692753267288206,7.774816703796388,7.877165603637695,7.950930500030518,8.016857838630676,8.088317489624023,8.157472038269043,8.095694096883138,8.1488663037618,8.199272267023723,8.246297359466553,8.30254306793213,8.195215185483299,8.214081279436748,8.234144226710002,8.253150423367819,8.275235581398011,50441300.0,52760200.0,57852180.0,53742780.0,54894860.0,50475180.0,49162050.0,48241020.0,46589470.0,48368490.0,48196175.0,47489565.0,46713075.0,46087795.0,44828360.0,45566556.66666666,45092100.0,44642240.0,44422026.66666666,44992046.66666666,49766801.66666666,49674713.33333334,49592241.66666666,49128528.33333334,49437906.66666666,0
2019-01-02,6.943117914710452,7.394927928654362,6.897014699523556,7.284280300140381,47494400,0,7.203139209747316,7.3571232795715344,7.728252720832825,7.994267320632933,8.158218860626219,52253020.0,52997900.0,50187840.0,45615313.33333334,50090096.66666666,7.053765296936035,7.201294898986816,7.23817777633667,7.23817777633667,7.0353240966796875,7.153347969055176,7.227112770080566,7.310098361968994,7.396771812438965,7.511107349395753,7.412446928024293,7.492666244506836,7.556288433074951,7.629131174087523,7.692753267288206,7.7978683471679675,7.877165603637695,7.950930500030518,8.016857838630676,8.088317489624023,8.037604236602784,8.095694096883138,8.1488663037618,8.199272267023723,8.246297359466553,8.17494703133901,8.195215185483299,8.214081279436748,8.234144226710002,8.253150423367819,50496040.0,50441300.0,52760200.0,57852180.0,53742780.0,52695450.0,50475180.0,49162050.0,48241020.0,46589470.0,49626595.0,48196175.0,47489565.0,46713075.0,46087795.0,45937836.66666666,45566556.66666666,45092100.0,44642240.0,44422026.66666666,49946683.33333334,49766801.66666666,49674713.33333334,49592241.66666666,49128528.33333334,0
2019-01-03,7.348824260787595,7.367265458895142,7.173633098602295,7.173633098602295,39172400,1,7.190230274200441,7.2935010433197025,7.644345140457152,7.9552334149678545,8.140099469820656,48325500.0,53088840.0,48913030.0,45101643.33333334,50127100.0,7.284280300140381,7.053765296936035,7.201294898986816,7.23817777633667,7.23817777633667,7.203139209747316,7.153347969055176,7.227112770080566,7.310098361968994,7.396771812438965,7.3571232795715344,7.412446928024293,7.492666244506836,7.556288433074951,7.629131174087523,7.728252720832825,7.7978683471679675,7.877165603637695,7.950930500030518,8.016857838630676,7.994267320632933,8.037604236602784,8.095694096883138,8.1488663037618,8.199272267023723,8.158218860626219,8.17494703133901,8.195215185483299,8.214081279436748,8.234144226710002,52253020.0,50496040.0,50441300.0,52760200.0,57852180.0,52997900.0,52695450.0,50475180.0,49162050.0,48241020.0,50187840.0,49626595.0,48196175.0,47489565.0,46713075.0,45615313.33333334,45937836.66666666,45566556.66666666,45092100.0,44642240.0,50090096.66666666,49946683.33333334,49766801.66666666,49674713.33333334,49592241.66666666,1
2019-01-04,7.293501164823456,7.487133978019909,7.238177566720594,7.450251579284668,43039800,1,7.232645034790039,7.271371698379516,7.593631839752197,7.919273058573406,8.124476869901024,46970860.0,49865530.0,48168505.0,44659886.66666666,50116801.66666666,7.173633098602295,7.284280300140381,7.053765296936035,7.201294898986816,7.23817777633667,7.190230274200441,7.203139209747316,7.153347969055176,7.227112770080566,7.310098361968994,7.2935010433197025,7.3571232795715344,7.412446928024293,7.492666244506836,7.556288433074951,7.644345140457152,7.728252720832825,7.7978683471679675,7.877165603637695,7.950930500030518,7.9552334149678545,7.994267320632933,8.037604236602784,8.095694096883138,8.1488663037618,8.140099469820656,8.158218860626219,8.17494703133901,8.195215185483299,8.214081279436748,48325500.0,52253020.0,50496040.0,50441300.0,52760200.0,53088840.0,52997900.0,52695450.0,50475180.0,49162050.0,48913030.0,50187840.0,49626595.0,48196175.0,47489565.0,45101643.33333334,45615313.33333334,45937836.66666666,45566556.66666666,45092100.0,50127100.0,50090096.66666666,49946683.33333334,49766801.66666666,49674713.33333334,0
2019-01-07,7.477912952565539,7.717648977415394,7.404148157126465,7.643884181976317,40729400,1,7.3211628913879405,7.274137830734253,7.559976601600647,7.895606787999472,8.116761398315429,45650400.0,48045850.0,47506795.0,44845536.66666666,49823010.0,7.450251579284668,7.173633098602295,7.284280300140381,7.053765296936035,7.201294898986816,7.232645034790039,7.190230274200441,7.203139209747316,7.153347969055176,7.227112770080566,7.271371698379516,7.2935010433197025,7.3571232795715344,7.412446928024293,7.492666244506836,7.593631839752197,7.644345140457152,7.728252720832825,7.7978683471679675,7.877165603637695,7.919273058573406,7.9552334149678545,7.994267320632933,8.037604236602784,8.095694096883138,8.124476869901024,8.140099469820656,8.158218860626219,8.17494703133901,8.195215185483299,46970860.0,48325500.0,52253020.0,50496040.0,50441300.0,49865530.0,53088840.0,52997900.0,52695450.0,50475180.0,48168505.0,48913030.0,50187840.0,49626595.0,48196175.0,44659886.66666666,45101643.33333334,45615313.33333334,45937836.66666666,45566556.66666666,50116801.66666666,50127100.0,50090096.66666666,49946683.33333334,49766801.66666666,1
2019-01-08,7.763752200020933,7.874399393259635,7.699208223801454,7.717648983001709,45644000,1,7.453939628601074,7.303643798828125,7.539230251312256,7.87286262512207,8.112237890561424,43216000.0,46856020.0,47612255.0,45504246.66666666,49682008.33333334,7.643884181976317,7.450251579284668,7.173633098602295,7.284280300140381,7.053765296936035,7.3211628913879405,7.232645034790039,7.190230274200441,7.203139209747316,7.153347969055176,7.274137830734253,7.271371698379516,7.2935010433197025,7.3571232795715344,7.412446928024293,7.559976601600647,7.593631839752197,7.644345140457152,7.728252720832825,7.7978683471679675,7.895606787999472,7.919273058573406,7.9552334149678545,7.994267320632933,8.037604236602784,8.116761398315429,8.124476869901024,8.140099469820656,8.158218860626219,8.17494703133901,45650400.0,46970860.0,48325500.0,52253020.0,50496040.0,48045850.0,49865530.0,53088840.0,52997900.0,52695450.0,47506795.0,48168505.0,48913030.0,50187840.0,49626595.0,44845536.66666666,44659886.66666666,45101643.33333334,45615313.33333334,45937836.66666666,49823010.0,50116801.66666666,50127100.0,50090096.66666666,49946683.33333334,1
2019-01-09,7.7914150111532425,8.086475119149519,7.708429383258853,8.040371894836426,48404900,0,7.605157947540282,7.404148578643799,7.548450922966003,7.860261185963949,8.113244040807087,43398100.0,47825560.0,47207515.0,46667050.0,49385910.0,7.717648983001709,7.643884181976317,7.450251579284668,7.173633098602295,7.284280300140381,7.453939628601074,7.3211628913879405,7.232645034790039,7.190230274200441,7.203139209747316,7.303643798828125,7.274137830734253,7.271371698379516,7.2935010433197025,7.3571232795715344,7.539230251312256,7.559976601600647,7.593631839752197,7.644345140457152,7.728252720832825,7.87286262512207,7.895606787999472,7.919273058573406,7.9552334149678545,7.994267320632933,8.112237890561424,8.116761398315429,8.124476869901024,8.140099469820656,8.158218860626219,43216000.0,45650400.0,46970860.0,48325500.0,52253020.0,46856020.0,48045850.0,49865530.0,53088840.0,52997900.0,47612255.0,47506795.0,48168505.0,48913030.0,50187840.0,45504246.66666666,44845536.66666666,44659886.66666666,45101643.33333334,45615313.33333334,49682008.33333334,49823010.0,50116801.66666666,50127100.0,50090096.66666666,1
2019-01-10,8.031149861697504,8.086473898390501,7.791413834937402,7.994267463684082,39490400,1,7.769284820556639,7.47975754737854,7.554444360733032,7.837824408213298,8.11604818503062,43461700.0,45893600.0,47067310.0,46439916.66666666,49055608.33333334,8.040371894836426,7.717648983001709,7.643884181976317,7.450251579284668,7.173633098602295,7.605157947540282,7.453939628601074,7.3211628913879405,7.232645034790039,7.190230274200441,7.404148578643799,7.303643798828125,7.274137830734253,7.271371698379516,7.2935010433197025,7.548450922966003,7.539230251312256,7.559976601600647,7.593631839752197,7.644345140457152,7.860261185963949,7.87286262512207,7.895606787999472,7.919273058573406,7.9552334149678545,8.113244040807087,8.112237890561424,8.116761398315429,8.124476869901024,8.140099469820656,43398100.0,43216000.0,45650400.0,46970860.0,48325500.0,47825560.0,46856020.0,48045850.0,49865530.0,53088840.0,47207515.0,47612255.0,47506795.0,48168505.0,48913030.0,46667050.0,45504246.66666666,44845536.66666666,44659886.66666666,45101643.33333334,49385910.0,49682008.33333334,49823010.0,50116801.66666666,50127100.0,1
2019-01-11,8.086473652165822,8.234003239727382,8.02192879809836,8.132575988769531,41559900,1,7.905749702453614,7.569197368621826,7.562742900848389,7.823686122894287,8.118591070175171,43165720.0,45068290.0,47115170.0,46682473.33333334,49078553.33333334,7.994267463684082,8.040371894836426,7.717648983001709,7.643884181976317,7.450251579284668,7.769284820556639,7.605157947540282,7.453939628601074,7.3211628913879405,7.232645034790039,7.47975754737854,7.404148578643799,7.303643798828125,7.274137830734253,7.271371698379516,7.554444360733032,7.548450922966003,7.539230251312256,7.559976601600647,7.593631839752197,7.837824408213298,7.860261185963949,7.87286262512207,7.895606787999472,7.919273058573406,8.11604818503062,8.113244040807087,8.112237890561424,8.116761398315429,8.124476869901024,43461700.0,43398100.0,43216000.0,45650400.0,46970860.0,45893600.0,47825560.0,46856020.0,48045850.0,49865530.0,47067310.0,47207515.0,47612255.0,47506795.0,48168505.0,46439916.66666666,46667050.0,45504246.66666666,44845536.66666666,44659886.66666666,49055608.33333334,49385910.0,49682008.33333334,49823010.0,50116801.66666666,1
2019-01-14,8.114136430154602,8.353872485074216,8.077254027808955,8.289327621459961,44833800,0,8.034838390350341,7.678000640869142,7.585333442687987,7.8107772827148425,8.123897457122803,43986600.0,44818500.0,47646840.0,47070283.33333334,49212916.66666666,8.132575988769531,7.994267463684082,8.040371894836426,7.717648983001709,7.643884181976317,7.905749702453614,7.769284820556639,7.605157947540282,7.453939628601074,7.3211628913879405,7.569197368621826,7.47975754737854,7.404148578643799,7.303643798828125,7.274137830734253,7.562742900848389,7.554444360733032,7.548450922966003,7.539230251312256,7.559976601600647,7.823686122894287,7.837824408213298,7.860261185963949,7.87286262512207,7.895606787999472,8.118591070175171,8.11604818503062,8.113244040807087,8.112237890561424,8.116761398315429,43165720.0,43461700.0,43398100.0,43216000.0,45650400.0,45068290.0,45893600.0,47825560.0,46856020.0,48045850.0,47115170.0,47067310.0,47207515.0,47612255.0,47506795.0,46682473.33333334,46439916.66666666,46667050.0,45504246.66666666,44845536.66666666,49078553.33333334,49055608.33333334,49385910.0,49682008.33333334,49823010.0,0
2019-01-15,8.316988405789736,8.326208345007773,8.06803158064395,8.151017189025879,65311700,0,8.121512031555175,7.787725830078125,7.600086379051207,7.794487508138022,8.127502512931823,47920140.0,45568070.0,49131760.0,48273753.33333334,49488193.33333334,8.289327621459961,8.132575988769531,7.994267463684082,8.040371894836426,7.717648983001709,8.034838390350341,7.905749702453614,7.769284820556639,7.605157947540282,7.453939628601074,7.678000640869142,7.569197368621826,7.47975754737854,7.404148578643799,7.303643798828125,7.585333442687987,7.562742900848389,7.554444360733032,7.548450922966003,7.539230251312256,7.8107772827148425,7.823686122894287,7.837824408213298,7.860261185963949,7.87286262512207,8.123897457122803,8.118591070175171,8.11604818503062,8.113244040807087,8.112237890561424,43986600.0,43165720.0,43461700.0,43398100.0,43216000.0,44818500.0,45068290.0,45893600.0,47825560.0,46856020.0,47646840.0,47115170.0,47067310.0,47207515.0,47612255.0,47070283.33333334,46682473.33333334,46439916.66666666,46667050.0,45504246.66666666,49212916.66666666,49078553.33333334,49055608.33333334,49385910.0,49682008.33333334,0
2019-01-16,8.0034882192511,8.086473833956491,7.616222603523099,7.643884181976317,73869900,1,8.042214488983154,7.8236862182617175,7.590404748916626,7.760063886642456,8.126429470380147,53013140.0,48205620.0,50601760.0,49527100.0,49724871.66666666,8.151017189025879,8.289327621459961,8.132575988769531,7.994267463684082,8.040371894836426,8.121512031555175,8.034838390350341,7.905749702453614,7.769284820556639,7.605157947540282,7.787725830078125,7.678000640869142,7.569197368621826,7.47975754737854,7.404148578643799,7.600086379051207,7.585333442687987,7.562742900848389,7.554444360733032,7.548450922966003,7.794487508138022,7.8107772827148425,7.823686122894287,7.837824408213298,7.860261185963949,8.127502512931823,8.123897457122803,8.118591070175171,8.11604818503062,8.113244040807087,47920140.0,43986600.0,43165720.0,43461700.0,43398100.0,45568070.0,44818500.0,45068290.0,45893600.0,47825560.0,49131760.0,47646840.0,47115170.0,47067310.0,47207515.0,48273753.33333334,47070283.33333334,46682473.33333334,46439916.66666666,46667050.0,49488193.33333334,49212916.66666666,49078553.33333334,49055608.33333334,49385910.0,1
2019-01-17,7.625443173390819,7.782192699062891,7.570119138948084,7.708427906036378,56722600,1,7.985046577453613,7.877165699005128,7.585333371162415,7.721951993306477,8.126583139101664,56459580.0,49960640.0,51524740.0,49262233.33333334,49673063.33333334,7.643884181976317,8.151017189025879,8.289327621459961,8.132575988769531,7.994267463684082,8.042214488983154,8.121512031555175,8.034838390350341,7.905749702453614,7.769284820556639,7.8236862182617175,7.787725830078125,7.678000640869142,7.569197368621826,7.47975754737854,7.590404748916626,7.600086379051207,7.585333442687987,7.562742900848389,7.554444360733032,7.760063886642456,7.794487508138022,7.8107772827148425,7.823686122894287,7.837824408213298,8.126429470380147,8.127502512931823,8.123897457122803,8.118591070175171,8.11604818503062,53013140.0,47920140.0,43986600.0,43165720.0,43461700.0,48205620.0,45568070.0,44818500.0,45068290.0,45893600.0,50601760.0,49131760.0,47646840.0,47115170.0,47067310.0,49527100.0,48273753.33333334,47070283.33333334,46682473.33333334,46439916.66666666,49724871.66666666,49488193.33333334,49212916.66666666,49078553.33333334,49055608.33333334,1
2019-01-18,7.736090420781717,7.929723223760745,7.6807663859252635,7.9112815856933585,51127900,0,7.940787696838379,7.9232686996459964,7.597320199012756,7.703510793050129,8.1291956504186,58373180.0,50769450.0,50317490.0,49035486.66666666,49861803.33333334,7.708427906036378,7.643884181976317,8.151017189025879,8.289327621459961,8.132575988769531,7.985046577453613,8.042214488983154,8.121512031555175,8.034838390350341,7.905749702453614,7.877165699005128,7.8236862182617175,7.787725830078125,7.678000640869142,7.569197368621826,7.585333371162415,7.590404748916626,7.600086379051207,7.585333442687987,7.562742900848389,7.721951993306477,7.760063886642456,7.794487508138022,7.8107772827148425,7.823686122894287,8.126583139101664,8.126429470380147,8.127502512931823,8.123897457122803,8.118591070175171,56459580.0,53013140.0,47920140.0,43986600.0,43165720.0,49960640.0,48205620.0,45568070.0,44818500.0,45068290.0,51524740.0,50601760.0,49131760.0,47646840.0,47115170.0,49262233.33333334,49527100.0,48273753.33333334,47070283.33333334,46682473.33333334,49673063.33333334,49724871.66666666,49488193.33333334,49212916.66666666,49078553.33333334,1
2019-01-22,7.874399181421992,7.938943155905101,7.800634387913947,7.837516784667969,47182600,0,7.85042552947998,7.942631959915161,7.608384895324707,7.687528387705486,8.127812544504799,58842940.0,51414770.0,49730310.0,48809453.33333334,49724125.0,7.9112815856933585,7.708427906036378,7.643884181976317,8.151017189025879,8.289327621459961,7.940787696838379,7.985046577453613,8.042214488983154,8.121512031555175,8.034838390350341,7.9232686996459964,7.877165699005128,7.8236862182617175,7.787725830078125,7.678000640869142,7.597320199012756,7.585333371162415,7.590404748916626,7.600086379051207,7.585333442687987,7.703510793050129,7.721951993306477,7.760063886642456,7.794487508138022,7.8107772827148425,8.1291956504186,8.126583139101664,8.126429470380147,8.127502512931823,8.123897457122803,58373180.0,56459580.0,53013140.0,47920140.0,43986600.0,50769450.0,49960640.0,48205620.0,45568070.0,44818500.0,50317490.0,51524740.0,50601760.0,49131760.0,47646840.0,49035486.66666666,49262233.33333334,49527100.0,48273753.33333334,47070283.33333334,49861803.33333334,49673063.33333334,49724871.66666666,49488193.33333334,49212916.66666666,1
2019-01-23,7.874399654298839,7.874399654298839,7.634663621328119,7.689987659454348,45196900,1,7.758219623565674,7.939865827560425,7.621754813194275,7.672775443394978,8.130271379152934,54819980.0,51370060.0,49113040.0,48864856.66666666,49495821.66666666,7.837516784667969,7.9112815856933585,7.708427906036378,7.643884181976317,8.151017189025879,7.85042552947998,7.940787696838379,7.985046577453613,8.042214488983154,8.121512031555175,7.942631959915161,7.9232686996459964,7.877165699005128,7.8236862182617175,7.787725830078125,7.608384895324707,7.597320199012756,7.585333371162415,7.590404748916626,7.600086379051207,7.687528387705486,7.703510793050129,7.721951993306477,7.760063886642456,7.794487508138022,8.127812544504799,8.1291956504186,8.126583139101664,8.126429470380147,8.127502512931823,58842940.0,58373180.0,56459580.0,53013140.0,47920140.0,51414770.0,50769450.0,49960640.0,48205620.0,45568070.0,49730310.0,50317490.0,51524740.0,50601760.0,49131760.0,48809453.33333334,49035486.66666666,49262233.33333334,49527100.0,48273753.33333334,49724125.0,49861803.33333334,49673063.33333334,49724871.66666666,49488193.33333334,0
2019-01-24,7.671546065959263,8.003488538000878,7.579340507661071,7.9297237396240225,79516400,1,7.815387535095215,7.928801012039185,7.666474795341491,7.675234285990398,8.124277981122335,55949280.0,54481210.0,51153385.0,49632080.0,49314441.66666666,7.689987659454348,7.837516784667969,7.9112815856933585,7.708427906036378,7.643884181976317,7.758219623565674,7.85042552947998,7.940787696838379,7.985046577453613,8.042214488983154,7.939865827560425,7.942631959915161,7.9232686996459964,7.877165699005128,7.8236862182617175,7.621754813194275,7.608384895324707,7.597320199012756,7.585333371162415,7.590404748916626,7.672775443394978,7.687528387705486,7.703510793050129,7.721951993306477,7.760063886642456,8.130271379152934,8.127812544504799,8.1291956504186,8.126583139101664,8.126429470380147,54819980.0,58842940.0,58373180.0,56459580.0,53013140.0,51370060.0,51414770.0,50769450.0,49960640.0,48205620.0,49113040.0,49730310.0,50317490.0,51524740.0,50601760.0,48864856.66666666,48809453.33333334,49035486.66666666,49262233.33333334,49527100.0,49495821.66666666,49724125.0,49861803.33333334,49673063.33333334,49724871.66666666,0
2019-01-25,8.058811198561996,8.26166482122194,8.049590379498884,8.169458389282228,53098800,0,7.907593631744385,7.946320104598999,7.71303882598877,7.685069608688353,8.1224338610967,55224520.0,55842050.0,50867825.0,49992223.33333334,48522091.66666666,7.9297237396240225,7.689987659454348,7.837516784667969,7.9112815856933585,7.708427906036378,7.815387535095215,7.758219623565674,7.85042552947998,7.940787696838379,7.985046577453613,7.928801012039185,7.939865827560425,7.942631959915161,7.9232686996459964,7.877165699005128,7.666474795341491,7.621754813194275,7.608384895324707,7.597320199012756,7.585333371162415,7.675234285990398,7.672775443394978,7.687528387705486,7.703510793050129,7.721951993306477,8.124277981122335,8.130271379152934,8.127812544504799,8.1291956504186,8.126583139101664,55949280.0,54819980.0,58842940.0,58373180.0,56459580.0,54481210.0,51370060.0,51414770.0,50769450.0,49960640.0,51153385.0,49113040.0,49730310.0,50317490.0,51524740.0,49632080.0,48864856.66666666,48809453.33333334,49035486.66666666,49262233.33333334,49314441.66666666,49495821.66666666,49724125.0,49861803.33333334,49673063.33333334,0
2019-01-28,8.114135215273732,8.114135215273732,7.911281593071821,7.98504638671875,42116300,1,7.922346591949463,7.931567144393921,7.750382256507874,7.6856843153635666,8.112905891736348,53422200.0,55897690.0,50482990.0,50042676.66666666,47686111.66666666,8.169458389282228,7.9297237396240225,7.689987659454348,7.837516784667969,7.9112815856933585,7.907593631744385,7.815387535095215,7.758219623565674,7.85042552947998,7.940787696838379,7.946320104598999,7.928801012039185,7.939865827560425,7.942631959915161,7.9232686996459964,7.71303882598877,7.666474795341491,7.621754813194275,7.608384895324707,7.597320199012756,7.685069608688353,7.675234285990398,7.672775443394978,7.687528387705486,7.703510793050129,8.1224338610967,8.124277981122335,8.130271379152934,8.127812544504799,8.1291956504186,55224520.0,55949280.0,54819980.0,58842940.0,58373180.0,55842050.0,54481210.0,51370060.0,51414770.0,50769450.0,50867825.0,51153385.0,49113040.0,49730310.0,50317490.0,49992223.33333334,49632080.0,48864856.66666666,48809453.33333334,49035486.66666666,48522091.66666666,49314441.66666666,49495821.66666666,49724125.0,49861803.33333334,1
2019-01-29,8.031150122822595,8.104914921247827,7.948164504757768,8.077253341674805,30485000,1,7.97029390335083,7.910359716415405,7.794180178642273,7.6936755339304606,8.102148524920146,50082680.0,54462810.0,49640655.0,49918830.0,47226495.0,7.98504638671875,8.169458389282228,7.9297237396240225,7.689987659454348,7.837516784667969,7.922346591949463,7.907593631744385,7.815387535095215,7.758219623565674,7.85042552947998,7.931567144393921,7.946320104598999,7.928801012039185,7.939865827560425,7.942631959915161,7.750382256507874,7.71303882598877,7.666474795341491,7.621754813194275,7.608384895324707,7.6856843153635666,7.685069608688353,7.675234285990398,7.672775443394978,7.687528387705486,8.112905891736348,8.1224338610967,8.124277981122335,8.130271379152934,8.127812544504799,53422200.0,55224520.0,55949280.0,54819980.0,58842940.0,55897690.0,55842050.0,54481210.0,51370060.0,51414770.0,50482990.0,50867825.0,51153385.0,49113040.0,49730310.0,50042676.66666666,49992223.33333334,49632080.0,48864856.66666666,48809453.33333334,47686111.66666666,48522091.66666666,49314441.66666666,49495821.66666666,49724125.0,0
2019-01-30,8.12415797320774,8.180445836488765,7.992821116660745,8.171064376831055,29906100,1,8.066509246826174,7.912364435195923,7.850045132637024,7.704179064432781,8.091571577390035,47024520.0,50922250.0,48245160.0,49728590.0,46583145.0,8.077253341674805,7.98504638671875,8.169458389282228,7.9297237396240225,7.689987659454348,7.97029390335083,7.922346591949463,7.907593631744385,7.815387535095215,7.758219623565674,7.910359716415405,7.931567144393921,7.946320104598999,7.928801012039185,7.939865827560425,7.794180178642273,7.750382256507874,7.71303882598877,7.666474795341491,7.621754813194275,7.6936755339304606,7.6856843153635666,7.685069608688353,7.675234285990398,7.672775443394978,8.102148524920146,8.112905891736348,8.1224338610967,8.124277981122335,8.130271379152934,50082680.0,53422200.0,55224520.0,55949280.0,54819980.0,54462810.0,55897690.0,55842050.0,54481210.0,51370060.0,49640655.0,50482990.0,50867825.0,51153385.0,49113040.0,49918830.0,50042676.66666666,49992223.33333334,49632080.0,48864856.66666666,47226495.0,47686111.66666666,48522091.66666666,49314441.66666666,49495821.66666666,0
2019-01-31,8.086633323757628,8.274258050418947,8.06787129842413,8.255496025085451,39389100,0,8.131663703918457,7.973525619506836,7.898605918884277,7.718111705780029,8.086397433280945,38999060.0,47474170.0,47839895.0,49559230.0,46243056.66666666,8.171064376831055,8.077253341674805,7.98504638671875,8.169458389282228,7.9297237396240225,8.066509246826174,7.97029390335083,7.922346591949463,7.907593631744385,7.815387535095215,7.912364435195923,7.910359716415405,7.931567144393921,7.946320104598999,7.928801012039185,7.850045132637024,7.794180178642273,7.750382256507874,7.71303882598877,7.666474795341491,7.704179064432781,7.6936755339304606,7.6856843153635666,7.685069608688353,7.675234285990398,8.091571577390035,8.102148524920146,8.112905891736348,8.1224338610967,8.124277981122335,47024520.0,50082680.0,53422200.0,55224520.0,55949280.0,50922250.0,54462810.0,55897690.0,55842050.0,54481210.0,48245160.0,49640655.0,50482990.0,50867825.0,51153385.0,49728590.0,49918830.0,50042676.66666666,49992223.33333334,49632080.0,46583145.0,47226495.0,47686111.66666666,48522091.66666666,49314441.66666666,0
2019-02-01,8.227353992041724,8.264878943997878,8.08663475120708,8.180447578430176,34124000,0,8.133861541748049,8.020727586746215,7.948946642875671,7.730464776357014,8.078589383761088,35204100.0,45214310.0,47587475.0,49421263.33333334,46003470.0,8.255496025085451,8.171064376831055,8.077253341674805,7.98504638671875,8.169458389282228,8.131663703918457,8.066509246826174,7.97029390335083,7.922346591949463,7.907593631744385,7.973525619506836,7.912364435195923,7.910359716415405,7.931567144393921,7.946320104598999,7.898605918884277,7.850045132637024,7.794180178642273,7.750382256507874,7.71303882598877,7.718111705780029,7.704179064432781,7.6936755339304606,7.6856843153635666,7.685069608688353,8.086397433280945,8.091571577390035,8.102148524920146,8.112905891736348,8.1224338610967,38999060.0,47024520.0,50082680.0,53422200.0,55224520.0,47474170.0,50922250.0,54462810.0,55897690.0,55842050.0,47839895.0,48245160.0,49640655.0,50482990.0,50867825.0,49559230.0,49728590.0,49918830.0,50042676.66666666,49992223.33333334,46243056.66666666,46583145.0,47226495.0,47686111.66666666,48522091.66666666,0
2019-02-04,8.161684036254883,8.161684036254883,8.058490649866517,8.161684036254883,28855600,1,8.169189071655273,8.045767831802369,7.984518265724182,7.74680274327596,8.068163466453552,32551960.0,42987080.0,46878265.0,47874020.0,45796491.66666666,8.180447578430176,8.255496025085451,8.171064376831055,8.077253341674805,7.98504638671875,8.133861541748049,8.131663703918457,8.066509246826174,7.97029390335083,7.922346591949463,8.020727586746215,7.973525619506836,7.912364435195923,7.910359716415405,7.931567144393921,7.948946642875671,7.898605918884277,7.850045132637024,7.794180178642273,7.750382256507874,7.730464776357014,7.718111705780029,7.704179064432781,7.6936755339304606,7.6856843153635666,8.078589383761088,8.086397433280945,8.091571577390035,8.102148524920146,8.112905891736348,35204100.0,38999060.0,47024520.0,50082680.0,53422200.0,45214310.0,47474170.0,50922250.0,54462810.0,55897690.0,47587475.0,47839895.0,48245160.0,49640655.0,50482990.0,49421263.33333334,49559230.0,49728590.0,49918830.0,50042676.66666666,46003470.0,46243056.66666666,46583145.0,47226495.0,47686111.66666666,0
2019-02-05,8.142921123695228,8.217971013757051,8.114776743923096,8.208589553833008,26166800,0,8.195456314086915,8.082875108718872,8.012753534317017,7.766548299789429,8.058365607261658,31688320.0,40885500.0,46150135.0,46782040.0,45550461.66666666,8.161684036254883,8.180447578430176,8.255496025085451,8.171064376831055,8.077253341674805,8.169189071655273,8.133861541748049,8.131663703918457,8.066509246826174,7.97029390335083,8.045767831802369,8.020727586746215,7.973525619506836,7.912364435195923,7.910359716415405,7.984518265724182,7.948946642875671,7.898605918884277,7.850045132637024,7.794180178642273,7.74680274327596,7.730464776357014,7.718111705780029,7.704179064432781,7.6936755339304606,8.068163466453552,8.078589383761088,8.086397433280945,8.091571577390035,8.102148524920146,32551960.0,35204100.0,38999060.0,47024520.0,50082680.0,42987080.0,45214310.0,47474170.0,50922250.0,54462810.0,46878265.0,47587475.0,47839895.0,48245160.0,49640655.0,47874020.0,49421263.33333334,49559230.0,49728590.0,49918830.0,45796491.66666666,46003470.0,46243056.66666666,46583145.0,47226495.0,1
2019-02-06,8.246116020687088,8.349309414900151,8.142922626474023,8.180447578430176,32644300,0,8.197332954406738,8.131921100616456,8.03589346408844,7.791810242335003,8.047176655133567,32235960.0,39630240.0,45500150.0,45952106.66666666,45472076.66666666,8.208589553833008,8.161684036254883,8.180447578430176,8.255496025085451,8.171064376831055,8.195456314086915,8.169189071655273,8.133861541748049,8.131663703918457,8.066509246826174,8.082875108718872,8.045767831802369,8.020727586746215,7.973525619506836,7.912364435195923,8.012753534317017,7.984518265724182,7.948946642875671,7.898605918884277,7.850045132637024,7.766548299789429,7.74680274327596,7.730464776357014,7.718111705780029,7.704179064432781,8.058365607261658,8.068163466453552,8.078589383761088,8.086397433280945,8.091571577390035,31688320.0,32551960.0,35204100.0,38999060.0,47024520.0,40885500.0,42987080.0,45214310.0,47474170.0,50922250.0,46150135.0,46878265.0,47587475.0,47839895.0,48245160.0,46782040.0,47874020.0,49421263.33333334,49559230.0,49728590.0,45550461.66666666,45796491.66666666,46003470.0,46243056.66666666,46583145.0,0
2019-02-07,8.086634074322795,8.086634074322795,7.777053022931375,7.795815944671631,55161800,1,8.105396938323974,8.118530321121218,8.0236656665802,7.8171599706013986,8.031728665033977,35390500.0,37194780.0,45837995.0,46500516.66666666,45461271.66666666,8.180447578430176,8.208589553833008,8.161684036254883,8.180447578430176,8.255496025085451,8.197332954406738,8.195456314086915,8.169189071655273,8.133861541748049,8.131663703918457,8.131921100616456,8.082875108718872,8.045767831802369,8.020727586746215,7.973525619506836,8.03589346408844,8.012753534317017,7.984518265724182,7.948946642875671,7.898605918884277,7.791810242335003,7.766548299789429,7.74680274327596,7.730464776357014,7.718111705780029,8.047176655133567,8.058365607261658,8.068163466453552,8.078589383761088,8.086397433280945,32235960.0,31688320.0,32551960.0,35204100.0,38999060.0,39630240.0,40885500.0,42987080.0,45214310.0,47474170.0,45500150.0,46150135.0,46878265.0,47587475.0,47839895.0,45952106.66666666,46782040.0,47874020.0,49421263.33333334,49559230.0,45472076.66666666,45550461.66666666,45796491.66666666,46003470.0,46243056.66666666,0
2019-02-08,7.777052531557968,7.889627370890695,7.655096231947856,7.870865345001223,38650100,0,8.043480491638183,8.088671016693116,8.017495560646058,7.838249556223551,8.018760911623637,36295720.0,35749910.0,45795980.0,45828520.0,45235380.0,7.795815944671631,8.180447578430176,8.208589553833008,8.161684036254883,8.180447578430176,8.105396938323974,8.197332954406738,8.195456314086915,8.169189071655273,8.133861541748049,8.118530321121218,8.131921100616456,8.082875108718872,8.045767831802369,8.020727586746215,8.0236656665802,8.03589346408844,8.012753534317017,7.984518265724182,7.948946642875671,7.8171599706013986,7.791810242335003,7.766548299789429,7.74680274327596,7.730464776357014,8.031728665033977,8.047176655133567,8.058365607261658,8.068163466453552,8.078589383761088,35390500.0,32235960.0,31688320.0,32551960.0,35204100.0,37194780.0,39630240.0,40885500.0,42987080.0,45214310.0,45837995.0,45500150.0,46150135.0,46878265.0,47587475.0,46500516.66666666,45952106.66666666,46782040.0,47874020.0,49421263.33333334,45461271.66666666,45472076.66666666,45550461.66666666,45796491.66666666,46003470.0,0
2019-02-11,7.889627473361528,7.917770959893914,7.777052632566672,7.814577579498291,27403500,1,7.974059200286865,8.071624135971069,8.001595640182495,7.857462882995605,8.003164593378703,36005300.0,34278630.0,45088160.0,45081536.66666666,45086818.33333334,7.870865345001223,7.795815944671631,8.180447578430176,8.208589553833008,8.161684036254883,8.043480491638183,8.105396938323974,8.197332954406738,8.195456314086915,8.169189071655273,8.088671016693116,8.118530321121218,8.131921100616456,8.082875108718872,8.045767831802369,8.017495560646058,8.0236656665802,8.03589346408844,8.012753534317017,7.984518265724182,7.838249556223551,7.8171599706013986,7.791810242335003,7.766548299789429,7.74680274327596,8.018760911623637,8.031728665033977,8.047176655133567,8.058365607261658,8.068163466453552,36295720.0,35390500.0,32235960.0,31688320.0,32551960.0,35749910.0,37194780.0,39630240.0,40885500.0,42987080.0,45795980.0,45837995.0,45500150.0,46150135.0,46878265.0,45828520.0,46500516.66666666,45952106.66666666,46782040.0,47874020.0,45235380.0,45461271.66666666,45472076.66666666,45550461.66666666,45796491.66666666,0
2019-02-12,7.861484505935737,7.945915865773343,7.861484505935737,7.936534404754639,26235100,0,7.919648170471191,8.057552242279053,7.983955979347229,7.8819708665212,7.988832481702169,36018960.0,33853640.0,44158225.0,44378316.66666666,44972436.66666666,7.814577579498291,7.870865345001223,7.795815944671631,8.180447578430176,8.208589553833008,7.974059200286865,8.043480491638183,8.105396938323974,8.197332954406738,8.195456314086915,8.071624135971069,8.088671016693116,8.118530321121218,8.131921100616456,8.082875108718872,8.001595640182495,8.017495560646058,8.0236656665802,8.03589346408844,8.012753534317017,7.857462882995605,7.838249556223551,7.8171599706013986,7.791810242335003,7.766548299789429,8.003164593378703,8.018760911623637,8.031728665033977,8.047176655133567,8.058365607261658,36005300.0,36295720.0,35390500.0,32235960.0,31688320.0,34278630.0,35749910.0,37194780.0,39630240.0,40885500.0,45088160.0,45795980.0,45837995.0,45500150.0,46150135.0,45081536.66666666,45828520.0,46500516.66666666,45952106.66666666,46782040.0,45086818.33333334,45235380.0,45461271.66666666,45472076.66666666,45550461.66666666,0
2019-02-13,7.927152403517245,8.124158598157651,7.870865430571588,7.889627456665039,27182900,1,7.861484146118164,8.02940855026245,7.970886492729187,7.9098329385121655,7.973718587557474,34926680.0,33581320.0,42251785.0,43357213.333333336,44647525.0,7.936534404754639,7.814577579498291,7.870865345001223,7.795815944671631,8.180447578430176,7.919648170471191,7.974059200286865,8.043480491638183,8.105396938323974,8.197332954406738,8.057552242279053,8.071624135971069,8.088671016693116,8.118530321121218,8.131921100616456,7.983955979347229,8.001595640182495,8.017495560646058,8.0236656665802,8.03589346408844,7.8819708665212,7.857462882995605,7.838249556223551,7.8171599706013986,7.791810242335003,7.988832481702169,8.003164593378703,8.018760911623637,8.031728665033977,8.047176655133567,36018960.0,36005300.0,36295720.0,35390500.0,32235960.0,33853640.0,34278630.0,35749910.0,37194780.0,39630240.0,44158225.0,45088160.0,45795980.0,45837995.0,45500150.0,44378316.66666666,45081536.66666666,45828520.0,46500516.66666666,45952106.66666666,44972436.66666666,45086818.33333334,45235380.0,45461271.66666666,45472076.66666666,1
2019-02-14,7.861484753996332,7.94591611649808,7.80519688077337,7.899009704589844,23569900,1,7.882122898101808,7.99375991821289,7.983642768859863,7.9303239186604815,7.9622956196467065,28608300.0,31999400.0,39736785.0,42559730.0,44087521.66666666,7.889627456665039,7.936534404754639,7.814577579498291,7.870865345001223,7.795815944671631,7.861484146118164,7.919648170471191,7.974059200286865,8.043480491638183,8.105396938323974,8.02940855026245,8.057552242279053,8.071624135971069,8.088671016693116,8.118530321121218,7.970886492729187,7.983955979347229,8.001595640182495,8.017495560646058,8.0236656665802,7.9098329385121655,7.8819708665212,7.857462882995605,7.838249556223551,7.8171599706013986,7.973718587557474,7.988832481702169,8.003164593378703,8.018760911623637,8.031728665033977,34926680.0,36018960.0,36005300.0,36295720.0,35390500.0,33581320.0,33853640.0,34278630.0,35749910.0,37194780.0,42251785.0,44158225.0,45088160.0,45795980.0,45837995.0,43357213.333333336,44378316.66666666,45081536.66666666,45828520.0,46500516.66666666,44647525.0,44972436.66666666,45086818.33333334,45235380.0,45461271.66666666,1
2019-02-15,7.964676923529277,8.03034624800029,7.889627033846914,8.01158332824707,58080300,1,7.910266494750976,7.97687349319458,7.998800539970398,7.958255592981974,7.956744503974915,32494340.0,34395030.0,39804670.0,43189993.333333336,44145818.333333336,7.899009704589844,7.889627456665039,7.936534404754639,7.814577579498291,7.870865345001223,7.882122898101808,7.861484146118164,7.919648170471191,7.974059200286865,8.043480491638183,7.99375991821289,8.02940855026245,8.057552242279053,8.071624135971069,8.088671016693116,7.983642768859863,7.970886492729187,7.983955979347229,8.001595640182495,8.017495560646058,7.9303239186604815,7.9098329385121655,7.8819708665212,7.857462882995605,7.838249556223551,7.9622956196467065,7.973718587557474,7.988832481702169,8.003164593378703,8.018760911623637,28608300.0,34926680.0,36018960.0,36005300.0,36295720.0,31999400.0,33581320.0,33853640.0,34278630.0,35749910.0,39736785.0,42251785.0,44158225.0,45088160.0,45795980.0,42559730.0,43357213.333333336,44378316.66666666,45081536.66666666,45828520.0,44087521.66666666,44647525.0,44972436.66666666,45086818.33333334,45235380.0,0
2019-02-19,8.002203278283092,8.302403784570298,8.002203278283092,8.28364086151123,37929200,1,8.004079151153565,7.989069175720215,8.017418503761293,7.98603523572286,7.952654147148133,34599480.0,35302390.0,39144735.0,43019640.0,43839763.333333336,8.01158332824707,7.899009704589844,7.889627456665039,7.936534404754639,7.814577579498291,7.910266494750976,7.882122898101808,7.861484146118164,7.919648170471191,7.974059200286865,7.97687349319458,7.99375991821289,8.02940855026245,8.057552242279053,8.071624135971069,7.998800539970398,7.983642768859863,7.970886492729187,7.983955979347229,8.001595640182495,7.958255592981974,7.9303239186604815,7.9098329385121655,7.8819708665212,7.857462882995605,7.956744503974915,7.9622956196467065,7.973718587557474,7.988832481702169,8.003164593378703,32494340.0,28608300.0,34926680.0,36018960.0,36005300.0,34395030.0,31999400.0,33581320.0,33853640.0,34278630.0,39804670.0,39736785.0,42251785.0,44158225.0,45088160.0,43189993.333333336,42559730.0,43357213.333333336,44378316.66666666,45081536.66666666,44145818.333333336,44087521.66666666,44647525.0,44972436.66666666,45086818.33333334,0
2019-02-20,8.283639811173899,8.424358137612657,8.274258350833902,8.386833190917969,55316900,0,8.094138908386231,8.006893539428711,8.044884324073793,8.010800202687582,7.953203495343526,40415840.0,38217400.0,39551450.0,43505890.0,44175713.333333336,8.28364086151123,8.01158332824707,7.899009704589844,7.889627456665039,7.936534404754639,8.004079151153565,7.910266494750976,7.882122898101808,7.861484146118164,7.919648170471191,7.989069175720215,7.97687349319458,7.99375991821289,8.02940855026245,8.057552242279053,8.017418503761293,7.998800539970398,7.983642768859863,7.970886492729187,7.983955979347229,7.98603523572286,7.958255592981974,7.9303239186604815,7.9098329385121655,7.8819708665212,7.952654147148133,7.956744503974915,7.9622956196467065,7.973718587557474,7.988832481702169,34599480.0,32494340.0,28608300.0,34926680.0,36018960.0,35302390.0,34395030.0,31999400.0,33581320.0,33853640.0,39144735.0,39804670.0,39736785.0,42251785.0,44158225.0,43019640.0,43189993.333333336,42559730.0,43357213.333333336,44378316.66666666,43839763.333333336,44145818.333333336,44087521.66666666,44647525.0,44972436.66666666,1
2019-02-21,8.386832580966969,8.405595500282388,8.161682917173344,8.171064376831055,44730400,0,8.150426292419434,8.005955219268799,8.068938159942627,8.02591404914856,7.949388337135315,43925340.0,39426010.0,39528125.0,43475436.66666666,44489841.66666666,8.386833190917969,8.28364086151123,8.01158332824707,7.899009704589844,7.889627456665039,8.094138908386231,8.004079151153565,7.910266494750976,7.882122898101808,7.861484146118164,8.006893539428711,7.989069175720215,7.97687349319458,7.99375991821289,8.02940855026245,8.044884324073793,8.017418503761293,7.998800539970398,7.983642768859863,7.970886492729187,8.010800202687582,7.98603523572286,7.958255592981974,7.9303239186604815,7.9098329385121655,7.953203495343526,7.952654147148133,7.956744503974915,7.9622956196467065,7.973718587557474,40415840.0,34599480.0,32494340.0,28608300.0,34926680.0,38217400.0,35302390.0,34395030.0,31999400.0,33581320.0,39551450.0,39144735.0,39804670.0,39736785.0,42251785.0,43505890.0,43019640.0,43189993.333333336,42559730.0,43357213.333333336,44175713.333333336,43839763.333333336,44145818.333333336,44087521.66666666,44647525.0,0
2019-02-22,8.18982640148124,8.208589320796658,8.03034606062635,8.171064376831055,40947500,1,8.204837226867676,8.043480062484742,8.081005191802978,8.030270465215047,7.945265825589497,47400860.0,38004580.0,37599680.0,43226856.66666666,44946953.333333336,8.171064376831055,8.386833190917969,8.28364086151123,8.01158332824707,7.899009704589844,8.150426292419434,8.094138908386231,8.004079151153565,7.910266494750976,7.882122898101808,8.005955219268799,8.006893539428711,7.989069175720215,7.97687349319458,7.99375991821289,8.068938159942627,8.044884324073793,8.017418503761293,7.998800539970398,7.983642768859863,8.02591404914856,8.010800202687582,7.98603523572286,7.958255592981974,7.9303239186604815,7.949388337135315,7.953203495343526,7.952654147148133,7.956744503974915,7.9622956196467065,43925340.0,40415840.0,34599480.0,32494340.0,28608300.0,39426010.0,38217400.0,35302390.0,34395030.0,31999400.0,39528125.0,39551450.0,39144735.0,39804670.0,39736785.0,43475436.66666666,43505890.0,43019640.0,43189993.333333336,42559730.0,44489841.66666666,44175713.333333336,43839763.333333336,44145818.333333336,44087521.66666666,1
2019-02-25,8.22735326258142,8.30240315983959,8.208590340934204,8.217971801757812,56615400,1,8.246114921569824,8.0781907081604,8.083430862426757,8.037727276484171,7.937775842348733,47107880.0,39801110.0,37775510.0,43797690.0,45118803.33333334,8.171064376831055,8.171064376831055,8.386833190917969,8.28364086151123,8.01158332824707,8.204837226867676,8.150426292419434,8.094138908386231,8.004079151153565,7.910266494750976,8.043480062484742,8.005955219268799,8.006893539428711,7.989069175720215,7.97687349319458,8.081005191802978,8.068938159942627,8.044884324073793,8.017418503761293,7.998800539970398,8.030270465215047,8.02591404914856,8.010800202687582,7.98603523572286,7.958255592981974,7.945265825589497,7.949388337135315,7.953203495343526,7.952654147148133,7.956744503974915,47400860.0,43925340.0,40415840.0,34599480.0,32494340.0,38004580.0,39426010.0,38217400.0,35302390.0,34395030.0,37599680.0,39528125.0,39551450.0,39144735.0,39804670.0,43226856.66666666,43475436.66666666,43505890.0,43019640.0,43189993.333333336,44946953.333333336,44489841.66666666,44175713.333333336,43839763.333333336,44145818.333333336,1
2019-02-26,8.208590076310053,8.38683335288576,8.18044658941185,8.330546379089355,38348800,0,8.255496025085451,8.129787588119507,8.100705862045286,8.044326289494832,7.934006206194558,47191800.0,40895640.0,37587135.0,43690653.333333336,45186563.33333334,8.217971801757812,8.171064376831055,8.171064376831055,8.386833190917969,8.28364086151123,8.246114921569824,8.204837226867676,8.150426292419434,8.094138908386231,8.004079151153565,8.0781907081604,8.043480062484742,8.005955219268799,8.006893539428711,7.989069175720215,8.083430862426757,8.081005191802978,8.068938159942627,8.044884324073793,8.017418503761293,8.037727276484171,8.030270465215047,8.02591404914856,8.010800202687582,7.98603523572286,7.937775842348733,7.945265825589497,7.949388337135315,7.953203495343526,7.952654147148133,47107880.0,47400860.0,43925340.0,40415840.0,34599480.0,39801110.0,38004580.0,39426010.0,38217400.0,35302390.0,37775510.0,37599680.0,39528125.0,39551450.0,39144735.0,43797690.0,43226856.66666666,43475436.66666666,43505890.0,43019640.0,45118803.33333334,44946953.333333336,44489841.66666666,44175713.333333336,43839763.333333336,0
2019-02-27,8.283639843803927,8.358689737488934,8.236733436584473,8.236733436584473,34093300,0,8.22547607421875,8.159807491302491,8.108679866790771,8.042573149998981,7.926675216356911,42947080.0,41681460.0,37767550.0,43332636.66666666,45201460.0,8.330546379089355,8.217971801757812,8.171064376831055,8.171064376831055,8.386833190917969,8.255496025085451,8.246114921569824,8.204837226867676,8.150426292419434,8.094138908386231,8.129787588119507,8.0781907081604,8.043480062484742,8.005955219268799,8.006893539428711,8.100705862045286,8.083430862426757,8.081005191802978,8.068938159942627,8.044884324073793,8.044326289494832,8.037727276484171,8.030270465215047,8.02591404914856,8.010800202687582,7.934006206194558,7.937775842348733,7.945265825589497,7.949388337135315,7.953203495343526,47191800.0,47107880.0,47400860.0,43925340.0,40415840.0,40895640.0,39801110.0,38004580.0,39426010.0,38217400.0,37587135.0,37775510.0,37599680.0,39528125.0,39551450.0,43690653.333333336,43797690.0,43226856.66666666,43475436.66666666,43505890.0,45186563.33333334,45118803.33333334,44946953.333333336,44489841.66666666,44175713.333333336,1
2019-02-28,8.227353096008299,8.246115122610309,8.067871843897251,8.227353096008299,43960500,1,8.2367338180542,8.193580055236817,8.111494302749634,8.045117680231732,7.919802594184875,42793100.0,43359220.0,38470270.0,42620930.0,45447341.66666666,8.236733436584473,8.330546379089355,8.217971801757812,8.171064376831055,8.171064376831055,8.22547607421875,8.255496025085451,8.246114921569824,8.204837226867676,8.150426292419434,8.159807491302491,8.129787588119507,8.0781907081604,8.043480062484742,8.005955219268799,8.108679866790771,8.100705862045286,8.083430862426757,8.081005191802978,8.068938159942627,8.042573149998981,8.044326289494832,8.037727276484171,8.030270465215047,8.02591404914856,7.926675216356911,7.934006206194558,7.937775842348733,7.945265825589497,7.949388337135315,42947080.0,47191800.0,47107880.0,47400860.0,43925340.0,41681460.0,40895640.0,39801110.0,38004580.0,39426010.0,37767550.0,37587135.0,37775510.0,37599680.0,39528125.0,43332636.66666666,43690653.333333336,43797690.0,43226856.66666666,43475436.66666666,45201460.0,45186563.33333334,45118803.33333334,44946953.333333336,44489841.66666666,1
2019-03-01,8.302403557481476,8.339928507907809,8.171065783656609,8.246115684509277,37699500,1,8.251744079589844,8.22829065322876,8.111025285720824,8.065192063649496,7.912627975145977,42143500.0,44772180.0,38385790.0,41415250.0,45471175.0,8.227353096008299,8.236733436584473,8.330546379089355,8.217971801757812,8.171064376831055,8.2367338180542,8.22547607421875,8.255496025085451,8.246114921569824,8.204837226867676,8.193580055236817,8.159807491302491,8.129787588119507,8.0781907081604,8.043480062484742,8.111494302749634,8.108679866790771,8.100705862045286,8.083430862426757,8.081005191802978,8.045117680231732,8.042573149998981,8.044326289494832,8.037727276484171,8.030270465215047,7.919802594184875,7.926675216356911,7.934006206194558,7.937775842348733,7.945265825589497,42793100.0,42947080.0,47191800.0,47107880.0,47400860.0,43359220.0,41681460.0,40895640.0,39801110.0,38004580.0,38470270.0,37767550.0,37587135.0,37775510.0,37599680.0,42620930.0,43332636.66666666,43690653.333333336,43797690.0,43226856.66666666,45447341.66666666,45201460.0,45186563.33333334,45118803.33333334,44946953.333333336,1
2019-03-04,8.283640300132415,8.414978068648951,8.217971863206824,8.264878273010254,46196900,0,8.261125373840333,8.253620147705076,8.11524682044983,8.083740409215293,7.902846201260885,40059800.0,43583840.0,38989435.0,41064393.333333336,45163313.33333334,8.246115684509277,8.227353096008299,8.236733436584473,8.330546379089355,8.217971801757812,8.251744079589844,8.2367338180542,8.22547607421875,8.255496025085451,8.246114921569824,8.22829065322876,8.193580055236817,8.159807491302491,8.129787588119507,8.0781907081604,8.111025285720824,8.111494302749634,8.108679866790771,8.100705862045286,8.083430862426757,8.065192063649496,8.045117680231732,8.042573149998981,8.044326289494832,8.037727276484171,7.912627975145977,7.919802594184875,7.926675216356911,7.934006206194558,7.937775842348733,42143500.0,42793100.0,42947080.0,47191800.0,47107880.0,44772180.0,43359220.0,41681460.0,40895640.0,39801110.0,38385790.0,38470270.0,37767550.0,37587135.0,37775510.0,41415250.0,42620930.0,43332636.66666666,43690653.333333336,43797690.0,45471175.0,45447341.66666666,45201460.0,45186563.33333334,45118803.33333334,1
2019-03-05,8.255496583243978,8.264878043877648,8.16168376623795,8.227353096008299,40852600,0,8.24048671722412,8.247991371154786,8.1185302734375,8.09427612622579,7.89889345963796,40560560.0,43876180.0,39589285.0,40721883.333333336,44878685.0,8.264878273010254,8.246115684509277,8.227353096008299,8.236733436584473,8.330546379089355,8.261125373840333,8.251744079589844,8.2367338180542,8.22547607421875,8.255496025085451,8.253620147705076,8.22829065322876,8.193580055236817,8.159807491302491,8.129787588119507,8.11524682044983,8.111025285720824,8.111494302749634,8.108679866790771,8.100705862045286,8.083740409215293,8.065192063649496,8.045117680231732,8.042573149998981,8.044326289494832,7.902846201260885,7.912627975145977,7.919802594184875,7.926675216356911,7.934006206194558,40059800.0,42143500.0,42793100.0,42947080.0,47191800.0,43583840.0,44772180.0,43359220.0,41681460.0,40895640.0,38989435.0,38385790.0,38470270.0,37767550.0,37587135.0,41064393.333333336,41415250.0,42620930.0,43332636.66666666,43690653.333333336,45163313.33333334,45471175.0,45447341.66666666,45201460.0,45186563.33333334,1
2019-03-06,8.208589749090288,8.236733234866602,8.030346479619906,8.049108505249022,50378600,0,8.202961730957032,8.214218902587891,8.1105562210083,8.10132918357849,7.8944287856419875,43817620.0,43382350.0,40799875.0,40828416.66666666,44818935.0,8.227353096008299,8.264878273010254,8.246115684509277,8.227353096008299,8.236733436584473,8.24048671722412,8.261125373840333,8.251744079589844,8.2367338180542,8.22547607421875,8.247991371154786,8.253620147705076,8.22829065322876,8.193580055236817,8.159807491302491,8.1185302734375,8.11524682044983,8.111025285720824,8.111494302749634,8.108679866790771,8.09427612622579,8.083740409215293,8.065192063649496,8.045117680231732,8.042573149998981,7.89889345963796,7.902846201260885,7.912627975145977,7.919802594184875,7.926675216356911,40560560.0,40059800.0,42143500.0,42793100.0,42947080.0,43876180.0,43583840.0,44772180.0,43359220.0,41681460.0,39589285.0,38989435.0,38385790.0,38470270.0,37767550.0,40721883.333333336,41064393.333333336,41415250.0,42620930.0,43332636.66666666,44878685.0,45163313.33333334,45471175.0,45447341.66666666,45201460.0,1
2019-03-07,8.030346348026598,8.039726913354796,7.83334016149016,7.955295562744141,54286000,0,8.148550224304199,8.1926420211792,8.099298620224,8.110172780354818,7.8914741118748974,45882720.0,44337910.0,41881960.0,41131386.66666666,44998121.66666666,8.049108505249022,8.227353096008299,8.264878273010254,8.246115684509277,8.227353096008299,8.202961730957032,8.24048671722412,8.261125373840333,8.251744079589844,8.2367338180542,8.214218902587891,8.247991371154786,8.253620147705076,8.22829065322876,8.193580055236817,8.1105562210083,8.1185302734375,8.11524682044983,8.111025285720824,8.111494302749634,8.10132918357849,8.09427612622579,8.083740409215293,8.065192063649496,8.045117680231732,7.8944287856419875,7.89889345963796,7.902846201260885,7.912627975145977,7.919802594184875,43817620.0,40560560.0,40059800.0,42143500.0,42793100.0,43382350.0,43876180.0,43583840.0,44772180.0,43359220.0,40799875.0,39589285.0,38989435.0,38385790.0,38470270.0,40828416.66666666,40721883.333333336,41064393.333333336,41415250.0,42620930.0,44818935.0,44878685.0,45163313.33333334,45471175.0,45447341.66666666,1
2019-03-08,7.880246781960392,7.94591611649808,7.823959803402822,7.899009704589844,43766800,1,8.079129028320313,8.165436553955079,8.10445830821991,8.109148979187013,7.892191632588704,47096180.0,44619840.0,41312210.0,39939733.333333336,44785906.66666666,7.955295562744141,8.049108505249022,8.227353096008299,8.264878273010254,8.246115684509277,8.148550224304199,8.202961730957032,8.24048671722412,8.261125373840333,8.251744079589844,8.1926420211792,8.214218902587891,8.247991371154786,8.253620147705076,8.22829065322876,8.099298620224,8.1105562210083,8.1185302734375,8.11524682044983,8.111025285720824,8.110172780354818,8.10132918357849,8.09427612622579,8.083740409215293,8.065192063649496,7.8914741118748974,7.8944287856419875,7.89889345963796,7.902846201260885,7.912627975145977,45882720.0,43817620.0,40560560.0,40059800.0,42143500.0,44337910.0,43382350.0,43876180.0,43583840.0,44772180.0,41881960.0,40799875.0,39589285.0,38989435.0,38385790.0,41131386.66666666,40828416.66666666,40721883.333333336,41064393.333333336,41415250.0,44998121.66666666,44818935.0,44878685.0,45163313.33333334,45471175.0,1
2019-03-11,7.936534057537699,8.096015309217034,7.927152596929426,8.077252388000487,36875300,0,8.04160385131836,8.151364612579346,8.114777660369873,8.106075445810951,7.895572527249653,45231860.0,42645830.0,41223470.0,39398950.0,44695586.66666666,7.899009704589844,7.955295562744141,8.049108505249022,8.227353096008299,8.264878273010254,8.079129028320313,8.148550224304199,8.202961730957032,8.24048671722412,8.261125373840333,8.165436553955079,8.1926420211792,8.214218902587891,8.247991371154786,8.253620147705076,8.10445830821991,8.099298620224,8.1105562210083,8.1185302734375,8.11524682044983,8.109148979187013,8.110172780354818,8.10132918357849,8.09427612622579,8.083740409215293,7.892191632588704,7.8914741118748974,7.8944287856419875,7.89889345963796,7.902846201260885,47096180.0,45882720.0,43817620.0,40560560.0,40059800.0,44619840.0,44337910.0,43382350.0,43876180.0,43583840.0,41312210.0,41881960.0,40799875.0,39589285.0,38989435.0,39939733.333333336,41131386.66666666,40828416.66666666,40721883.333333336,41064393.333333336,44785906.66666666,44998121.66666666,44818935.0,44878685.0,45163313.33333334,1
2019-03-12,8.114777104394193,8.161683511432804,8.02096518498227,8.039727210998535,37805000,0,8.004078674316407,8.122282695770263,8.126035141944886,8.107898139953614,7.89679122765859,44622340.0,42591450.0,41743545.0,39255240.0,44648958.333333336,8.077252388000487,7.899009704589844,7.955295562744141,8.049108505249022,8.227353096008299,8.04160385131836,8.079129028320313,8.148550224304199,8.202961730957032,8.24048671722412,8.151364612579346,8.165436553955079,8.1926420211792,8.214218902587891,8.247991371154786,8.114777660369873,8.10445830821991,8.099298620224,8.1105562210083,8.1185302734375,8.106075445810951,8.109148979187013,8.110172780354818,8.10132918357849,8.09427612622579,7.895572527249653,7.892191632588704,7.8914741118748974,7.8944287856419875,7.89889345963796,45231860.0,47096180.0,45882720.0,43817620.0,40560560.0,42645830.0,44619840.0,44337910.0,43382350.0,43876180.0,41223470.0,41312210.0,41881960.0,40799875.0,39589285.0,39398950.0,39939733.333333336,41131386.66666666,40828416.66666666,40721883.333333336,44695586.66666666,44785906.66666666,44998121.66666666,44818935.0,44878685.0,0
2019-03-13,8.058490860138512,8.114777837940744,7.974059498769782,8.002202987670897,49018700,0,7.994697570800781,8.098829650878907,8.129318571090698,8.105396461486816,7.899535997708639,44350360.0,44083990.0,42882725.0,39873030.0,44895930.0,8.039727210998535,8.077252388000487,7.899009704589844,7.955295562744141,8.049108505249022,8.004078674316407,8.04160385131836,8.079129028320313,8.148550224304199,8.202961730957032,8.122282695770263,8.151364612579346,8.165436553955079,8.1926420211792,8.214218902587891,8.126035141944886,8.114777660369873,8.10445830821991,8.099298620224,8.1105562210083,8.107898139953614,8.106075445810951,8.109148979187013,8.110172780354818,8.10132918357849,7.89679122765859,7.895572527249653,7.892191632588704,7.8914741118748974,7.8944287856419875,44622340.0,45231860.0,47096180.0,45882720.0,43817620.0,42591450.0,42645830.0,44619840.0,44337910.0,43382350.0,41743545.0,41223470.0,41312210.0,41881960.0,40799875.0,39255240.0,39398950.0,39939733.333333336,41131386.66666666,40828416.66666666,44648958.333333336,44695586.66666666,44785906.66666666,44998121.66666666,44818935.0,0
2019-03-14,7.992821731507584,8.020965217980411,7.8802459962856615,7.889627456665039,36307900,1,7.981563949584961,8.06505708694458,8.129318571090698,8.096015230814617,7.900097147623698,40754740.0,43318730.0,43338975.0,40086423.333333336,44907506.66666666,8.002202987670897,8.039727210998535,8.077252388000487,7.899009704589844,7.955295562744141,7.994697570800781,8.004078674316407,8.04160385131836,8.079129028320313,8.148550224304199,8.098829650878907,8.122282695770263,8.151364612579346,8.165436553955079,8.1926420211792,8.129318571090698,8.126035141944886,8.114777660369873,8.10445830821991,8.099298620224,8.105396461486816,8.107898139953614,8.106075445810951,8.109148979187013,8.110172780354818,7.899535997708639,7.89679122765859,7.895572527249653,7.892191632588704,7.8914741118748974,44350360.0,44622340.0,45231860.0,47096180.0,45882720.0,44083990.0,42591450.0,42645830.0,44619840.0,44337910.0,42882725.0,41743545.0,41223470.0,41312210.0,41881960.0,39873030.0,39255240.0,39398950.0,39939733.333333336,41131386.66666666,44895930.0,44648958.333333336,44695586.66666666,44785906.66666666,44998121.66666666,0
2019-03-15,7.899009061452287,7.945915469541402,7.852102653363171,7.908390522003174,66555500,1,7.983440113067628,8.03128457069397,8.129787611961365,8.08444504737854,7.901278376579285,45312480.0,46204330.0,45488255.0,40991970.0,45275600.0,7.889627456665039,8.002202987670897,8.039727210998535,8.077252388000487,7.899009704589844,7.981563949584961,7.994697570800781,8.004078674316407,8.04160385131836,8.079129028320313,8.06505708694458,8.098829650878907,8.122282695770263,8.151364612579346,8.165436553955079,8.129318571090698,8.129318571090698,8.126035141944886,8.114777660369873,8.10445830821991,8.096015230814617,8.105396461486816,8.107898139953614,8.106075445810951,8.109148979187013,7.900097147623698,7.899535997708639,7.89679122765859,7.895572527249653,7.892191632588704,40754740.0,44350360.0,44622340.0,45231860.0,47096180.0,43318730.0,44083990.0,42591450.0,42645830.0,44619840.0,43338975.0,42882725.0,41743545.0,41223470.0,41312210.0,40086423.333333336,39873030.0,39255240.0,39398950.0,39939733.333333336,44907506.66666666,44895930.0,44648958.333333336,44695586.66666666,44785906.66666666,0
2019-03-18,7.927152370905047,8.039727210998535,7.899008884548002,8.039727210998535,37198300,1,7.975935077667236,8.008769464492797,8.131194806098938,8.079754368464153,7.905109572410582,45377080.0,45304470.0,44444155.0,41094446.66666666,45257855.0,7.908390522003174,7.889627456665039,8.002202987670897,8.039727210998535,8.077252388000487,7.983440113067628,7.981563949584961,7.994697570800781,8.004078674316407,8.04160385131836,8.03128457069397,8.06505708694458,8.098829650878907,8.122282695770263,8.151364612579346,8.129787611961365,8.129318571090698,8.129318571090698,8.126035141944886,8.114777660369873,8.08444504737854,8.096015230814617,8.105396461486816,8.107898139953614,8.106075445810951,7.901278376579285,7.900097147623698,7.899535997708639,7.89679122765859,7.895572527249653,45312480.0,40754740.0,44350360.0,44622340.0,45231860.0,46204330.0,43318730.0,44083990.0,42591450.0,42645830.0,45488255.0,43338975.0,42882725.0,41743545.0,41223470.0,40991970.0,40086423.333333336,39873030.0,39255240.0,39398950.0,45275600.0,44907506.66666666,44895930.0,44648958.333333336,44695586.66666666,1
2019-03-19,8.077252677089241,8.321165293642128,8.077252677089241,8.161684036254883,57293600,0,8.000326442718508,8.002202558517457,8.125096964836121,8.079754368464153,7.913278555870056,49274800.0,46948570.0,45412375.0,42042380.0,44958200.0,8.039727210998535,7.908390522003174,7.889627456665039,8.002202987670897,8.039727210998535,7.975935077667236,7.983440113067628,7.981563949584961,7.994697570800781,8.004078674316407,8.008769464492797,8.03128457069397,8.06505708694458,8.098829650878907,8.122282695770263,8.131194806098938,8.129787611961365,8.129318571090698,8.129318571090698,8.126035141944886,8.079754368464153,8.08444504737854,8.096015230814617,8.105396461486816,8.107898139953614,7.905109572410582,7.901278376579285,7.900097147623698,7.899535997708639,7.89679122765859,45377080.0,45312480.0,40754740.0,44350360.0,44622340.0,45304470.0,46204330.0,43318730.0,44083990.0,42591450.0,44444155.0,45488255.0,43338975.0,42882725.0,41743545.0,41094446.66666666,40991970.0,40086423.333333336,39873030.0,39255240.0,45257855.0,45275600.0,44907506.66666666,44895930.0,44648958.333333336,1
2019-03-20,8.133541160590829,8.133541160590829,7.955296967892684,7.983441352844237,54539700,1,7.996574115753174,7.995635843276977,8.104927372932433,8.072249428431194,7.9193988641103115,50379000.0,47364680.0,45373515.0,42988143.333333336,44885091.66666666,8.161684036254883,8.039727210998535,7.908390522003174,7.889627456665039,8.002202987670897,8.000326442718508,7.975935077667236,7.983440113067628,7.981563949584961,7.994697570800781,8.002202558517457,8.008769464492797,8.03128457069397,8.06505708694458,8.098829650878907,8.125096964836121,8.131194806098938,8.129787611961365,8.129318571090698,8.129318571090698,8.079754368464153,8.079754368464153,8.08444504737854,8.096015230814617,8.105396461486816,7.913278555870056,7.905109572410582,7.901278376579285,7.900097147623698,7.899535997708639,49274800.0,45377080.0,45312480.0,40754740.0,44350360.0,46948570.0,45304470.0,46204330.0,43318730.0,44083990.0,45412375.0,44444155.0,45488255.0,43338975.0,42882725.0,42042380.0,41094446.66666666,40991970.0,40086423.333333336,39873030.0,44958200.0,45257855.0,45275600.0,44907506.66666666,44895930.0,0
2019-03-21,7.9740594537498115,8.152302742004395,7.964677992613944,8.152302742004395,46843100,0,8.049109172821044,8.015336561203004,8.103989291191102,8.071311267217,7.931560754776001,52486040.0,46620390.0,45479150.0,43461436.66666666,44706771.66666666,7.983441352844237,8.161684036254883,8.039727210998535,7.908390522003174,7.889627456665039,7.996574115753174,8.000326442718508,7.975935077667236,7.983440113067628,7.981563949584961,7.995635843276977,8.002202558517457,8.008769464492797,8.03128457069397,8.06505708694458,8.104927372932433,8.125096964836121,8.131194806098938,8.129787611961365,8.129318571090698,8.072249428431194,8.079754368464153,8.079754368464153,8.08444504737854,8.096015230814617,7.9193988641103115,7.913278555870056,7.905109572410582,7.901278376579285,7.900097147623698,50379000.0,49274800.0,45377080.0,45312480.0,40754740.0,47364680.0,46948570.0,45304470.0,46204330.0,43318730.0,45373515.0,45412375.0,44444155.0,45488255.0,43338975.0,42988143.333333336,42042380.0,41094446.66666666,40991970.0,40086423.333333336,44885091.66666666,44958200.0,45257855.0,45275600.0,44907506.66666666,0
2019-03-22,8.096014677806044,8.133539622647227,7.992821303159107,8.01158332824707,41964000,0,8.069747734069825,8.026593923568727,8.096015238761902,8.078503513336182,7.94783174196879,47567740.0,46440110.0,45529975.0,43021510.0,44761013.333333336,8.152302742004395,7.983441352844237,8.161684036254883,8.039727210998535,7.908390522003174,8.049109172821044,7.996574115753174,8.000326442718508,7.975935077667236,7.983440113067628,8.015336561203004,7.995635843276977,8.002202558517457,8.008769464492797,8.03128457069397,8.103989291191102,8.104927372932433,8.125096964836121,8.131194806098938,8.129787611961365,8.071311267217,8.072249428431194,8.079754368464153,8.079754368464153,8.08444504737854,7.931560754776001,7.9193988641103115,7.913278555870056,7.905109572410582,7.901278376579285,52486040.0,50379000.0,49274800.0,45377080.0,45312480.0,46620390.0,47364680.0,46948570.0,45304470.0,46204330.0,45479150.0,45373515.0,45412375.0,44444155.0,45488255.0,43461436.66666666,42988143.333333336,42042380.0,41094446.66666666,40991970.0,44706771.66666666,44885091.66666666,44958200.0,45257855.0,45275600.0,1
2019-03-25,8.030347766431403,8.114778237289794,7.94591640090759,7.983441352844237,45849500,1,8.058490562438966,8.0172128200531,8.084288716316223,8.082256046930949,7.96025280157725,49297980.0,47337530.0,44991680.0,43261490.0,44545005.0,8.01158332824707,8.152302742004395,7.983441352844237,8.161684036254883,8.039727210998535,8.069747734069825,8.049109172821044,7.996574115753174,8.000326442718508,7.975935077667236,8.026593923568727,8.015336561203004,7.995635843276977,8.002202558517457,8.008769464492797,8.096015238761902,8.103989291191102,8.104927372932433,8.125096964836121,8.131194806098938,8.078503513336182,8.071311267217,8.072249428431194,8.079754368464153,8.079754368464153,7.94783174196879,7.931560754776001,7.9193988641103115,7.913278555870056,7.905109572410582,47567740.0,52486040.0,50379000.0,49274800.0,45377080.0,46440110.0,46620390.0,47364680.0,46948570.0,45304470.0,45529975.0,45479150.0,45373515.0,45412375.0,44444155.0,43021510.0,43461436.66666666,42988143.333333336,42042380.0,41094446.66666666,44761013.333333336,44706771.66666666,44885091.66666666,44958200.0,45257855.0,0
2019-03-26,8.011584136965169,8.217971801757812,8.011584136965169,8.217971801757812,47852100,0,8.06974811553955,8.035037279129027,8.078659987449646,8.095702521006267,7.976582702000936,47409680.0,48342240.0,45466845.0,43943110.0,44512323.333333336,7.983441352844237,8.01158332824707,8.152302742004395,7.983441352844237,8.161684036254883,8.058490562438966,8.069747734069825,8.049109172821044,7.996574115753174,8.000326442718508,8.0172128200531,8.026593923568727,8.015336561203004,7.995635843276977,8.002202558517457,8.084288716316223,8.096015238761902,8.103989291191102,8.104927372932433,8.125096964836121,8.082256046930949,8.078503513336182,8.071311267217,8.072249428431194,8.079754368464153,7.96025280157725,7.94783174196879,7.931560754776001,7.9193988641103115,7.913278555870056,49297980.0,47567740.0,52486040.0,50379000.0,49274800.0,47337530.0,46440110.0,46620390.0,47364680.0,46948570.0,44991680.0,45529975.0,45479150.0,45373515.0,45412375.0,43261490.0,43021510.0,43461436.66666666,42988143.333333336,42042380.0,44545005.0,44761013.333333336,44706771.66666666,44885091.66666666,44958200.0,1
2019-03-27,8.208590951710558,8.311784344452512,8.086634635925293,8.086634635925293,39895800,1,8.090386772155762,8.043480443954468,8.071155047416687,8.100705862045286,7.9913383642832425,44480900.0,47429950.0,45756970.0,44398466.66666666,44388391.66666666,8.217971801757812,7.983441352844237,8.01158332824707,8.152302742004395,7.983441352844237,8.06974811553955,8.058490562438966,8.069747734069825,8.049109172821044,7.996574115753174,8.035037279129027,8.0172128200531,8.026593923568727,8.015336561203004,7.995635843276977,8.078659987449646,8.084288716316223,8.096015238761902,8.103989291191102,8.104927372932433,8.095702521006267,8.082256046930949,8.078503513336182,8.071311267217,8.072249428431194,7.976582702000936,7.96025280157725,7.94783174196879,7.931560754776001,7.9193988641103115,47409680.0,49297980.0,47567740.0,52486040.0,50379000.0,48342240.0,47337530.0,46440110.0,46620390.0,47364680.0,45466845.0,44991680.0,45529975.0,45479150.0,45373515.0,43943110.0,43261490.0,43021510.0,43461436.66666666,42988143.333333336,44512323.333333336,44545005.0,44761013.333333336,44706771.66666666,44885091.66666666,0
2019-03-28,8.114777357734937,8.283640070479656,8.105396791766598,8.227353096008299,38914700,1,8.105396842956543,8.077253007888794,8.071155047416687,8.11196338335673,8.010898160934449,42895220.0,47690630.0,45504680.0,44789526.66666666,44073370.0,8.086634635925293,8.217971801757812,7.983441352844237,8.01158332824707,8.152302742004395,8.090386772155762,8.06974811553955,8.058490562438966,8.069747734069825,8.049109172821044,8.043480443954468,8.035037279129027,8.0172128200531,8.026593923568727,8.015336561203004,8.071155047416687,8.078659987449646,8.084288716316223,8.096015238761902,8.103989291191102,8.100705862045286,8.095702521006267,8.082256046930949,8.078503513336182,8.071311267217,7.9913383642832425,7.976582702000936,7.96025280157725,7.94783174196879,7.931560754776001,44480900.0,47409680.0,49297980.0,47567740.0,52486040.0,47429950.0,48342240.0,47337530.0,46440110.0,46620390.0,45756970.0,45466845.0,44991680.0,45529975.0,45479150.0,44398466.66666666,43943110.0,43261490.0,43021510.0,43461436.66666666,44388391.66666666,44512323.333333336,44545005.0,44761013.333333336,44706771.66666666,0
2019-03-29,8.255496357338378,8.339927711400334,8.171065003276418,8.236733436584473,33962800,1,8.150426864624022,8.110087299346924,8.070685935020446,8.123220841089884,8.026772379875183,41294980.0,44431360.0,45317845.0,45135956.66666666,43847843.333333336,8.227353096008299,8.086634635925293,8.217971801757812,7.983441352844237,8.01158332824707,8.105396842956543,8.090386772155762,8.06974811553955,8.058490562438966,8.069747734069825,8.077253007888794,8.043480443954468,8.035037279129027,8.0172128200531,8.026593923568727,8.071155047416687,8.071155047416687,8.078659987449646,8.084288716316223,8.096015238761902,8.11196338335673,8.100705862045286,8.095702521006267,8.082256046930949,8.078503513336182,8.010898160934449,7.9913383642832425,7.976582702000936,7.96025280157725,7.94783174196879,42895220.0,44480900.0,47409680.0,49297980.0,47567740.0,47690630.0,47429950.0,48342240.0,47337530.0,46440110.0,45504680.0,45756970.0,45466845.0,44991680.0,45529975.0,44789526.66666666,44398466.66666666,43943110.0,43261490.0,43021510.0,44073370.0,44388391.66666666,44512323.333333336,44545005.0,44761013.333333336,0
2019-04-01,8.311783524758258,8.443121289112863,8.311783524758258,8.424358367919924,45653100,1,8.23861026763916,8.148550415039063,8.07865993976593,8.136980009078979,8.047617801030476,41255700.0,45276840.0,45290655.0,44721716.66666666,43955855.0,8.236733436584473,8.227353096008299,8.086634635925293,8.217971801757812,7.983441352844237,8.150426864624022,8.105396842956543,8.090386772155762,8.06974811553955,8.058490562438966,8.110087299346924,8.077253007888794,8.043480443954468,8.035037279129027,8.0172128200531,8.070685935020446,8.071155047416687,8.071155047416687,8.078659987449646,8.084288716316223,8.123220841089884,8.11196338335673,8.100705862045286,8.095702521006267,8.082256046930949,8.026772379875183,8.010898160934449,7.9913383642832425,7.976582702000936,7.96025280157725,41294980.0,42895220.0,44480900.0,47409680.0,49297980.0,44431360.0,47690630.0,47429950.0,48342240.0,47337530.0,45317845.0,45504680.0,45756970.0,45466845.0,44991680.0,45135956.66666666,44789526.66666666,44398466.66666666,43943110.0,43261490.0,43847843.333333336,44073370.0,44388391.66666666,44512323.333333336,44545005.0,1
2019-04-02,8.396213437757641,8.471263320300098,8.358688496486414,8.45250129699707,30699400,1,8.285516166687012,8.177632141113282,8.08991734981537,8.142608690261843,8.06432196299235,37825160.0,42617420.0,44782995.0,44480723.333333336,43750181.66666666,8.424358367919924,8.236733436584473,8.227353096008299,8.086634635925293,8.217971801757812,8.23861026763916,8.150426864624022,8.105396842956543,8.090386772155762,8.06974811553955,8.148550415039063,8.110087299346924,8.077253007888794,8.043480443954468,8.035037279129027,8.07865993976593,8.070685935020446,8.071155047416687,8.071155047416687,8.078659987449646,8.136980009078979,8.123220841089884,8.11196338335673,8.100705862045286,8.095702521006267,8.047617801030476,8.026772379875183,8.010898160934449,7.9913383642832425,7.976582702000936,41255700.0,41294980.0,42895220.0,44480900.0,47409680.0,45276840.0,44431360.0,47690630.0,47429950.0,48342240.0,45290655.0,45317845.0,45504680.0,45756970.0,45466845.0,44721716.66666666,45135956.66666666,44789526.66666666,44398466.66666666,43943110.0,43955855.0,43847843.333333336,44073370.0,44388391.66666666,44512323.333333336,0
2019-04-03,8.508789911522955,8.696415548927027,8.499409345385027,8.565077781677246,56663600,1,8.381204795837402,8.235795783996583,8.115715813636779,8.148550176620484,8.079675189654033,41178720.0,42829810.0,45097245.0,44525613.333333336,44015751.66666666,8.45250129699707,8.424358367919924,8.236733436584473,8.227353096008299,8.086634635925293,8.285516166687012,8.23861026763916,8.150426864624022,8.105396842956543,8.090386772155762,8.177632141113282,8.148550415039063,8.110087299346924,8.077253007888794,8.043480443954468,8.08991734981537,8.07865993976593,8.070685935020446,8.071155047416687,8.071155047416687,8.142608690261843,8.136980009078979,8.123220841089884,8.11196338335673,8.100705862045286,8.06432196299235,8.047617801030476,8.026772379875183,8.010898160934449,7.9913383642832425,37825160.0,41255700.0,41294980.0,42895220.0,44480900.0,42617420.0,45276840.0,44431360.0,47690630.0,47429950.0,44782995.0,45290655.0,45317845.0,45504680.0,45756970.0,44480723.333333336,44721716.66666666,45135956.66666666,44789526.66666666,44398466.66666666,43750181.66666666,43955855.0,43847843.333333336,44073370.0,44388391.66666666,0
2019-04-04,8.64012852792221,8.724559894118864,8.611985037411802,8.668272018432617,39483100,1,8.469388580322265,8.287392711639404,8.151364636421203,8.16512376467387,8.095518906911215,41292400.0,42093810.0,44357100.0,44350703.333333336,43913070.0,8.565077781677246,8.45250129699707,8.424358367919924,8.236733436584473,8.227353096008299,8.381204795837402,8.285516166687012,8.23861026763916,8.150426864624022,8.105396842956543,8.235795783996583,8.177632141113282,8.148550415039063,8.110087299346924,8.077253007888794,8.115715813636779,8.08991734981537,8.07865993976593,8.070685935020446,8.071155047416687,8.148550176620484,8.142608690261843,8.136980009078979,8.123220841089884,8.11196338335673,8.079675189654033,8.06432196299235,8.047617801030476,8.026772379875183,8.010898160934449,41178720.0,37825160.0,41255700.0,41294980.0,42895220.0,42829810.0,42617420.0,45276840.0,44431360.0,47690630.0,45097245.0,44782995.0,45290655.0,45317845.0,45504680.0,44525613.333333336,44480723.333333336,44721716.66666666,45135956.66666666,44789526.66666666,44015751.66666666,43750181.66666666,43955855.0,43847843.333333336,44073370.0,1
2019-04-05,8.60260246423383,8.696415280035186,8.51817110894567,8.677652359008789,37854700,1,8.557572364807129,8.353999614715576,8.19029676914215,8.18201003074646,8.106140247980754,42070780.0,41682880.0,44061495.0,44247610.0,43737233.333333336,8.668272018432617,8.565077781677246,8.45250129699707,8.424358367919924,8.236733436584473,8.469388580322265,8.381204795837402,8.285516166687012,8.23861026763916,8.150426864624022,8.287392711639404,8.235795783996583,8.177632141113282,8.148550415039063,8.110087299346924,8.151364636421203,8.115715813636779,8.08991734981537,8.07865993976593,8.070685935020446,8.16512376467387,8.148550176620484,8.142608690261843,8.136980009078979,8.123220841089884,8.095518906911215,8.079675189654033,8.06432196299235,8.047617801030476,8.026772379875183,41292400.0,41178720.0,37825160.0,41255700.0,41294980.0,42093810.0,42829810.0,42617420.0,45276840.0,44431360.0,44357100.0,45097245.0,44782995.0,45290655.0,45317845.0,44350703.333333336,44525613.333333336,44480723.333333336,44721716.66666666,45135956.66666666,43913070.0,44015751.66666666,43750181.66666666,43955855.0,43847843.333333336,1
2019-04-08,8.611983987281352,8.74332085675855,8.60260252670003,8.72455883026123,26221100,0,8.61761245727539,8.428111362457276,8.222662091255188,8.198896265029907,8.118311770757039,38184380.0,39720040.0,43528785.0,43234466.66666666,43516078.333333336,8.677652359008789,8.668272018432617,8.565077781677246,8.45250129699707,8.424358367919924,8.557572364807129,8.469388580322265,8.381204795837402,8.285516166687012,8.23861026763916,8.353999614715576,8.287392711639404,8.235795783996583,8.177632141113282,8.148550415039063,8.19029676914215,8.151364636421203,8.115715813636779,8.08991734981537,8.07865993976593,8.18201003074646,8.16512376467387,8.148550176620484,8.142608690261843,8.136980009078979,8.106140247980754,8.095518906911215,8.079675189654033,8.06432196299235,8.047617801030476,42070780.0,41292400.0,41178720.0,37825160.0,41255700.0,41682880.0,42093810.0,42829810.0,42617420.0,45276840.0,44061495.0,44357100.0,45097245.0,44782995.0,45290655.0,44247610.0,44350703.333333336,44525613.333333336,44480723.333333336,44721716.66666666,43737233.333333336,43913070.0,44015751.66666666,43750181.66666666,43955855.0,0
2019-04-09,8.696416008812065,8.780846476510348,8.602603185149007,8.640128135681152,29879100,1,8.655137825012208,8.470326995849609,8.25268213748932,8.209215656916301,8.126770973205566,38020320.0,37922740.0,43132490.0,42952143.333333336,43321398.333333336,8.72455883026123,8.677652359008789,8.668272018432617,8.565077781677246,8.45250129699707,8.61761245727539,8.557572364807129,8.469388580322265,8.381204795837402,8.285516166687012,8.428111362457276,8.353999614715576,8.287392711639404,8.235795783996583,8.177632141113282,8.222662091255188,8.19029676914215,8.151364636421203,8.115715813636779,8.08991734981537,8.198896265029907,8.18201003074646,8.16512376467387,8.148550176620484,8.142608690261843,8.118311770757039,8.106140247980754,8.095518906911215,8.079675189654033,8.06432196299235,38184380.0,42070780.0,41292400.0,41178720.0,37825160.0,39720040.0,41682880.0,42093810.0,42829810.0,42617420.0,43528785.0,44061495.0,44357100.0,45097245.0,44782995.0,43234466.66666666,44247610.0,44350703.333333336,44525613.333333336,44480723.333333336,43516078.333333336,43737233.333333336,43913070.0,44015751.66666666,43750181.66666666,0
2019-04-10,8.658889892289254,8.771465635023532,8.630746403938364,8.752702713012695,28469500,1,8.692662811279298,8.53693380355835,8.290207123756408,8.22641463279724,8.134493891398114,32381500.0,36780110.0,42105030.0,42764683.333333336,43048660.0,8.640128135681152,8.72455883026123,8.677652359008789,8.668272018432617,8.565077781677246,8.655137825012208,8.61761245727539,8.557572364807129,8.469388580322265,8.381204795837402,8.470326995849609,8.428111362457276,8.353999614715576,8.287392711639404,8.235795783996583,8.25268213748932,8.222662091255188,8.19029676914215,8.151364636421203,8.115715813636779,8.209215656916301,8.198896265029907,8.18201003074646,8.16512376467387,8.148550176620484,8.126770973205566,8.118311770757039,8.106140247980754,8.095518906911215,8.079675189654033,38020320.0,38184380.0,42070780.0,41292400.0,41178720.0,37922740.0,39720040.0,41682880.0,42093810.0,42829810.0,43132490.0,43528785.0,44061495.0,44357100.0,45097245.0,42952143.333333336,43234466.66666666,44247610.0,44350703.333333336,44525613.333333336,43321398.333333336,43516078.333333336,43737233.333333336,43913070.0,44015751.66666666,1
2019-04-11,8.771464579998476,8.827751549930099,8.752701660244433,8.808989524841309,26488100,1,8.720806312561034,8.59509744644165,8.336175227165223,8.245802513758342,8.145460096995036,29782500.0,35537450.0,41614040.0,42182270.0,42401600.0,8.752702713012695,8.640128135681152,8.72455883026123,8.677652359008789,8.668272018432617,8.692662811279298,8.655137825012208,8.61761245727539,8.557572364807129,8.469388580322265,8.53693380355835,8.470326995849609,8.428111362457276,8.353999614715576,8.287392711639404,8.290207123756408,8.25268213748932,8.222662091255188,8.19029676914215,8.151364636421203,8.22641463279724,8.209215656916301,8.198896265029907,8.18201003074646,8.16512376467387,8.134493891398114,8.126770973205566,8.118311770757039,8.106140247980754,8.095518906911215,32381500.0,38020320.0,38184380.0,42070780.0,41292400.0,36780110.0,37922740.0,39720040.0,41682880.0,42093810.0,42105030.0,43132490.0,43528785.0,44061495.0,44357100.0,42764683.333333336,42952143.333333336,43234466.66666666,44247610.0,44350703.333333336,43048660.0,43321398.333333336,43516078.333333336,43737233.333333336,43913070.0,0
2019-04-12,8.884039256089348,9.005995548319909,8.855894876960207,8.865276336669922,38646000,0,8.758331108093262,8.657951736450196,8.38401951789856,8.266441202163696,8.165816632906596,29940760.0,36005770.0,40218565.0,42213820.0,41814535.0,8.808989524841309,8.752702713012695,8.640128135681152,8.72455883026123,8.677652359008789,8.720806312561034,8.692662811279298,8.655137825012208,8.61761245727539,8.557572364807129,8.59509744644165,8.53693380355835,8.470326995849609,8.428111362457276,8.353999614715576,8.336175227165223,8.290207123756408,8.25268213748932,8.222662091255188,8.19029676914215,8.245802513758342,8.22641463279724,8.209215656916301,8.198896265029907,8.18201003074646,8.145460096995036,8.134493891398114,8.126770973205566,8.118311770757039,8.106140247980754,29782500.0,32381500.0,38020320.0,38184380.0,42070780.0,35537450.0,36780110.0,37922740.0,39720040.0,41682880.0,41614040.0,42105030.0,43132490.0,43528785.0,44061495.0,42182270.0,42764683.333333336,42952143.333333336,43234466.66666666,44247610.0,42401600.0,43048660.0,43321398.333333336,43516078.333333336,43737233.333333336,1
2019-04-15,8.893421049432499,8.912183971443332,8.687034275305502,8.752702713012695,41206700,1,8.763959884643555,8.690786170959473,8.419668292999267,8.282702016830445,8.183221213022868,32937880.0,35561130.0,40418985.0,42047480.0,41555936.66666666,8.865276336669922,8.808989524841309,8.752702713012695,8.640128135681152,8.72455883026123,8.758331108093262,8.720806312561034,8.692662811279298,8.655137825012208,8.61761245727539,8.657951736450196,8.59509744644165,8.53693380355835,8.470326995849609,8.428111362457276,8.38401951789856,8.336175227165223,8.290207123756408,8.25268213748932,8.222662091255188,8.266441202163696,8.245802513758342,8.22641463279724,8.209215656916301,8.198896265029907,8.165816632906596,8.145460096995036,8.134493891398114,8.126770973205566,8.118311770757039,29940760.0,29782500.0,32381500.0,38020320.0,38184380.0,36005770.0,35537450.0,36780110.0,37922740.0,39720040.0,40218565.0,41614040.0,42105030.0,43132490.0,43528785.0,42213820.0,42182270.0,42764683.333333336,42952143.333333336,43234466.66666666,41814535.0,42401600.0,43048660.0,43321398.333333336,43516078.333333336,0
2019-04-16,8.743320695123595,8.81837058905609,8.668270801191099,8.780845642089844,40950000,1,8.792103385925293,8.72362060546875,8.450626373291017,8.301151768366497,8.197713947296142,35152060.0,36586190.0,39601805.0,42050726.66666666,41386305.0,8.752702713012695,8.865276336669922,8.808989524841309,8.752702713012695,8.640128135681152,8.763959884643555,8.758331108093262,8.720806312561034,8.692662811279298,8.655137825012208,8.690786170959473,8.657951736450196,8.59509744644165,8.53693380355835,8.470326995849609,8.419668292999267,8.38401951789856,8.336175227165223,8.290207123756408,8.25268213748932,8.282702016830445,8.266441202163696,8.245802513758342,8.22641463279724,8.209215656916301,8.183221213022868,8.165816632906596,8.145460096995036,8.134493891398114,8.126770973205566,32937880.0,29940760.0,29782500.0,32381500.0,38020320.0,35561130.0,36005770.0,35537450.0,36780110.0,37922740.0,40418985.0,40218565.0,41614040.0,42105030.0,43132490.0,42047480.0,42213820.0,42182270.0,42764683.333333336,42952143.333333336,41555936.66666666,41814535.0,42401600.0,43048660.0,43321398.333333336,0
2019-04-17,8.818370943082156,8.987233658542163,8.808990376962976,8.91218376159668,30688300,1,8.82399959564209,8.758331203460694,8.497063493728637,8.329920943578085,8.215625063578289,35595820.0,33988660.0,38409235.0,41394383.333333336,41111400.0,8.780845642089844,8.752702713012695,8.865276336669922,8.808989524841309,8.752702713012695,8.792103385925293,8.763959884643555,8.758331108093262,8.720806312561034,8.692662811279298,8.72362060546875,8.690786170959473,8.657951736450196,8.59509744644165,8.53693380355835,8.450626373291017,8.419668292999267,8.38401951789856,8.336175227165223,8.290207123756408,8.301151768366497,8.282702016830445,8.266441202163696,8.245802513758342,8.22641463279724,8.197713947296142,8.183221213022868,8.165816632906596,8.145460096995036,8.134493891398114,35152060.0,32937880.0,29940760.0,29782500.0,32381500.0,36586190.0,35561130.0,36005770.0,35537450.0,36780110.0,39601805.0,40418985.0,40218565.0,41614040.0,42105030.0,42050726.66666666,42047480.0,42213820.0,42182270.0,42764683.333333336,41386305.0,41555936.66666666,41814535.0,42401600.0,43048660.0,0
2019-04-18,8.930946744966153,9.024758669464497,8.893420901568401,8.959090232849121,29843000,0,8.854019737243652,8.787413024902344,8.537402868270874,8.363380765914918,8.236776773134867,36266800.0,33024650.0,37559230.0,40579616.66666666,40855501.66666666,8.91218376159668,8.780845642089844,8.752702713012695,8.865276336669922,8.808989524841309,8.82399959564209,8.792103385925293,8.763959884643555,8.758331108093262,8.720806312561034,8.758331203460694,8.72362060546875,8.690786170959473,8.657951736450196,8.59509744644165,8.497063493728637,8.450626373291017,8.419668292999267,8.38401951789856,8.336175227165223,8.329920943578085,8.301151768366497,8.282702016830445,8.266441202163696,8.245802513758342,8.215625063578289,8.197713947296142,8.183221213022868,8.165816632906596,8.145460096995036,35595820.0,35152060.0,32937880.0,29940760.0,29782500.0,33988660.0,36586190.0,35561130.0,36005770.0,35537450.0,38409235.0,39601805.0,40418985.0,40218565.0,41614040.0,41394383.333333336,42050726.66666666,42047480.0,42213820.0,42182270.0,41111400.0,41386305.0,41555936.66666666,41814535.0,42401600.0,1
2019-04-22,8.987233658542163,8.987233658542163,8.87465881312394,8.91218376159668,38718500,1,8.863401222229006,8.810866165161134,8.582432889938355,8.397153234481811,8.253151106834412,36281300.0,33111030.0,37396955.0,40411340.0,40175536.66666666,8.959090232849121,8.91218376159668,8.780845642089844,8.752702713012695,8.865276336669922,8.854019737243652,8.82399959564209,8.792103385925293,8.763959884643555,8.758331108093262,8.787413024902344,8.758331203460694,8.72362060546875,8.690786170959473,8.657951736450196,8.537402868270874,8.497063493728637,8.450626373291017,8.419668292999267,8.38401951789856,8.363380765914918,8.329920943578085,8.301151768366497,8.282702016830445,8.266441202163696,8.236776773134867,8.215625063578289,8.197713947296142,8.183221213022868,8.165816632906596,36266800.0,35595820.0,35152060.0,32937880.0,29940760.0,33024650.0,33988660.0,36586190.0,35561130.0,36005770.0,37559230.0,38409235.0,39601805.0,40418985.0,40218565.0,40579616.66666666,41394383.333333336,42050726.66666666,42047480.0,42213820.0,40855501.66666666,41111400.0,41386305.0,41555936.66666666,41814535.0,0
2019-04-23,8.921714784736889,9.064691533865506,8.864524812300019,9.05515956878662,39493700,1,8.923892593383789,8.843926239013673,8.636018800735474,8.429750140508016,8.267912793159486,35938700.0,34438290.0,37079165.0,40498620.0,39948785.0,8.91218376159668,8.959090232849121,8.91218376159668,8.780845642089844,8.752702713012695,8.863401222229006,8.854019737243652,8.82399959564209,8.792103385925293,8.763959884643555,8.810866165161134,8.787413024902344,8.758331203460694,8.72362060546875,8.690786170959473,8.582432889938355,8.537402868270874,8.497063493728637,8.450626373291017,8.419668292999267,8.397153234481811,8.363380765914918,8.329920943578085,8.301151768366497,8.282702016830445,8.253151106834412,8.236776773134867,8.215625063578289,8.197713947296142,8.183221213022868,36281300.0,36266800.0,35595820.0,35152060.0,32937880.0,33111030.0,33024650.0,33988660.0,36586190.0,35561130.0,37396955.0,37559230.0,38409235.0,39601805.0,40418985.0,40411340.0,40579616.66666666,41394383.333333336,42050726.66666666,42047480.0,40175536.66666666,40855501.66666666,41111400.0,41386305.0,41555936.66666666,0
2019-04-24,9.00749968964466,9.16000747853316,8.959840778362473,9.121880531311037,39796300,0,8.992099571228028,8.89210147857666,8.681214237213135,8.465821917851766,8.286860028902687,35707960.0,35430010.0,36676375.0,40564996.66666666,39910118.333333336,9.05515956878662,8.91218376159668,8.959090232849121,8.91218376159668,8.780845642089844,8.923892593383789,8.863401222229006,8.854019737243652,8.82399959564209,8.792103385925293,8.843926239013673,8.810866165161134,8.787413024902344,8.758331203460694,8.72362060546875,8.636018800735474,8.582432889938355,8.537402868270874,8.497063493728637,8.450626373291017,8.429750140508016,8.397153234481811,8.363380765914918,8.329920943578085,8.301151768366497,8.267912793159486,8.253151106834412,8.236776773134867,8.215625063578289,8.197713947296142,35938700.0,36281300.0,36266800.0,35595820.0,35152060.0,34438290.0,33111030.0,33024650.0,33988660.0,36586190.0,37079165.0,37396955.0,37559230.0,38409235.0,39601805.0,40498620.0,40411340.0,40579616.66666666,41394383.333333336,42050726.66666666,39948785.0,40175536.66666666,40855501.66666666,41111400.0,41386305.0,0
2019-04-25,9.074223491020753,9.083754547073092,8.902651755823518,8.95984172821045,52596700,1,9.001631164550783,8.912815380096436,8.724874591827392,8.497743209203085,8.301569835344951,40089640.0,37842730.0,37311420.0,40684263.333333336,40278646.66666666,9.121880531311037,9.05515956878662,8.91218376159668,8.959090232849121,8.91218376159668,8.992099571228028,8.923892593383789,8.863401222229006,8.854019737243652,8.82399959564209,8.89210147857666,8.843926239013673,8.810866165161134,8.787413024902344,8.758331203460694,8.681214237213135,8.636018800735474,8.582432889938355,8.537402868270874,8.497063493728637,8.465821917851766,8.429750140508016,8.397153234481811,8.363380765914918,8.329920943578085,8.286860028902687,8.267912793159486,8.253151106834412,8.236776773134867,8.215625063578289,35707960.0,35938700.0,36281300.0,36266800.0,35595820.0,35430010.0,34438290.0,33111030.0,33024650.0,33988660.0,36676375.0,37079165.0,37396955.0,37559230.0,38409235.0,40564996.66666666,40498620.0,40411340.0,40579616.66666666,41394383.333333336,39910118.333333336,39948785.0,40175536.66666666,40855501.66666666,41111400.0,0
2019-04-26,9.560341805829204,9.960675244986232,9.484087903991501,9.922548294067383,156136700,0,9.194322776794431,9.024171257019043,8.809634351730347,8.565507237116497,8.330761233965553,65348380.0,50807590.0,43172520.0,44678556.66666666,42382490.0,8.95984172821045,9.121880531311037,9.05515956878662,8.91218376159668,8.959090232849121,9.001631164550783,8.992099571228028,8.923892593383789,8.863401222229006,8.854019737243652,8.912815380096436,8.89210147857666,8.843926239013673,8.810866165161134,8.787413024902344,8.724874591827392,8.681214237213135,8.636018800735474,8.582432889938355,8.537402868270874,8.497743209203085,8.465821917851766,8.429750140508016,8.397153234481811,8.363380765914918,8.301569835344951,8.286860028902687,8.267912793159486,8.253151106834412,8.236776773134867,40089640.0,35707960.0,35938700.0,36281300.0,36266800.0,37842730.0,35430010.0,34438290.0,33111030.0,33024650.0,37311420.0,36676375.0,37079165.0,37396955.0,37559230.0,40684263.333333336,40564996.66666666,40498620.0,40411340.0,40579616.66666666,40278646.66666666,39910118.333333336,39948785.0,40175536.66666666,40855501.66666666,0
2019-04-29,9.874889379206566,9.903485274162383,9.598468757761172,9.836762428283693,62500500,1,9.379238510131836,9.12131986618042,8.889635801315306,8.62978630065918,8.35711567401886,70104780.0,53193040.0,44599405.0,44543390.0,42767680.0,9.922548294067383,8.95984172821045,9.121880531311037,9.05515956878662,8.91218376159668,9.194322776794431,9.001631164550783,8.992099571228028,8.923892593383789,8.863401222229006,9.024171257019043,8.912815380096436,8.89210147857666,8.843926239013673,8.810866165161134,8.809634351730347,8.724874591827392,8.681214237213135,8.636018800735474,8.582432889938355,8.565507237116497,8.497743209203085,8.465821917851766,8.429750140508016,8.397153234481811,8.330761233965553,8.301569835344951,8.286860028902687,8.267912793159486,8.253151106834412,65348380.0,40089640.0,35707960.0,35938700.0,36281300.0,50807590.0,37842730.0,35430010.0,34438290.0,33111030.0,43172520.0,37311420.0,36676375.0,37079165.0,37396955.0,44678556.66666666,40684263.333333336,40564996.66666666,40498620.0,40411340.0,42382490.0,40278646.66666666,39910118.333333336,39948785.0,40175536.66666666,0
2019-04-30,9.808167435970624,10.008334155440156,9.789104415030684,9.960675239562988,46079300,0,9.56034164428711,9.242117118835447,8.966451644897461,8.693817901611329,8.38678613503774,71421900.0,53680300.0,44620715.0,44839423.333333336,42966935.0,9.836762428283693,9.922548294067383,8.95984172821045,9.121880531311037,9.05515956878662,9.379238510131836,9.194322776794431,9.001631164550783,8.992099571228028,8.923892593383789,9.12131986618042,9.024171257019043,8.912815380096436,8.89210147857666,8.843926239013673,8.889635801315306,8.809634351730347,8.724874591827392,8.681214237213135,8.636018800735474,8.62978630065918,8.565507237116497,8.497743209203085,8.465821917851766,8.429750140508016,8.35711567401886,8.330761233965553,8.301569835344951,8.286860028902687,8.267912793159486,70104780.0,65348380.0,40089640.0,35707960.0,35938700.0,53193040.0,50807590.0,37842730.0,35430010.0,34438290.0,44599405.0,43172520.0,37311420.0,36676375.0,37079165.0,44543390.0,44678556.66666666,40684263.333333336,40564996.66666666,40498620.0,42767680.0,42382490.0,40278646.66666666,39910118.333333336,39948785.0,1
2019-05-01,9.989270257454494,10.008334187473665,9.808167467363461,9.817699432373047,41805500,1,9.699505424499511,9.345802497863767,9.034711551666259,8.749018414815266,8.41438639163971,71823740.0,53765850.0,45176020.0,44323153.333333336,43182766.66666666,9.960675239562988,9.836762428283693,9.922548294067383,8.95984172821045,9.121880531311037,9.56034164428711,9.379238510131836,9.194322776794431,9.001631164550783,8.992099571228028,9.242117118835447,9.12131986618042,9.024171257019043,8.912815380096436,8.89210147857666,8.966451644897461,8.889635801315306,8.809634351730347,8.724874591827392,8.681214237213135,8.693817901611329,8.62978630065918,8.565507237116497,8.497743209203085,8.465821917851766,8.38678613503774,8.35711567401886,8.330761233965553,8.301569835344951,8.286860028902687,71421900.0,70104780.0,65348380.0,40089640.0,35707960.0,53680300.0,53193040.0,50807590.0,37842730.0,35430010.0,44620715.0,44599405.0,43172520.0,37311420.0,36676375.0,44839423.333333336,44543390.0,44678556.66666666,40684263.333333336,40564996.66666666,42966935.0,42767680.0,42382490.0,40278646.66666666,39910118.333333336,0
2019-05-02,9.817700376854958,9.865359297469547,9.72238253562578,9.855827331542967,34508400,1,9.878702545166016,9.4401668548584,9.099249029159546,8.811431280771892,8.441840354601544,68206080.0,54147860.0,44068260.0,43655443.333333336,43321793.333333336,9.817699432373047,9.960675239562988,9.836762428283693,9.922548294067383,8.95984172821045,9.699505424499511,9.56034164428711,9.379238510131836,9.194322776794431,9.001631164550783,9.345802497863767,9.242117118835447,9.12131986618042,9.024171257019043,8.912815380096436,9.034711551666259,8.966451644897461,8.889635801315306,8.809634351730347,8.724874591827392,8.749018414815266,8.693817901611329,8.62978630065918,8.565507237116497,8.497743209203085,8.41438639163971,8.38678613503774,8.35711567401886,8.330761233965553,8.301569835344951,71823740.0,71421900.0,70104780.0,65348380.0,40089640.0,53765850.0,53680300.0,53193040.0,50807590.0,37842730.0,45176020.0,44620715.0,44599405.0,43172520.0,37311420.0,44323153.333333336,44839423.333333336,44543390.0,44678556.66666666,40684263.333333336,43182766.66666666,42966935.0,42767680.0,42382490.0,40278646.66666666,1
2019-05-03,9.884421343148533,9.960675244986232,9.817699406295098,9.922548294067383,36291200,0,9.878702545166016,9.536512660980225,9.161962842941284,8.870439465840658,8.470875366528826,44236980.0,54792680.0,43908665.0,43303713.333333336,43382575.0,9.855827331542967,9.817699432373047,9.960675239562988,9.836762428283693,9.922548294067383,9.878702545166016,9.699505424499511,9.56034164428711,9.379238510131836,9.194322776794431,9.4401668548584,9.345802497863767,9.242117118835447,9.12131986618042,9.024171257019043,9.099249029159546,9.034711551666259,8.966451644897461,8.889635801315306,8.809634351730347,8.811431280771892,8.749018414815266,8.693817901611329,8.62978630065918,8.565507237116497,8.441840354601544,8.41438639163971,8.38678613503774,8.35711567401886,8.330761233965553,68206080.0,71823740.0,71421900.0,70104780.0,65348380.0,54147860.0,53765850.0,53680300.0,53193040.0,50807590.0,44068260.0,45176020.0,44620715.0,44599405.0,43172520.0,43655443.333333336,44323153.333333336,44839423.333333336,44543390.0,44678556.66666666,43321793.333333336,43182766.66666666,42966935.0,42767680.0,42382490.0,1
2019-05-06,9.646127677943669,9.932080264501044,9.646127677943669,9.884421348571776,28640600,1,9.888234329223632,9.633736419677737,9.222301292419434,8.932867399851482,8.505685456593831,37465000.0,53784890.0,43447960.0,42859600.0,42940555.0,9.922548294067383,9.855827331542967,9.817699432373047,9.960675239562988,9.836762428283693,9.878702545166016,9.878702545166016,9.699505424499511,9.56034164428711,9.379238510131836,9.536512660980225,9.4401668548584,9.345802497863767,9.242117118835447,9.12131986618042,9.161962842941284,9.099249029159546,9.034711551666259,8.966451644897461,8.889635801315306,8.870439465840658,8.811431280771892,8.749018414815266,8.693817901611329,8.62978630065918,8.470875366528826,8.441840354601544,8.41438639163971,8.38678613503774,8.35711567401886,44236980.0,68206080.0,71823740.0,71421900.0,70104780.0,54792680.0,54147860.0,53765850.0,53680300.0,53193040.0,43908665.0,44068260.0,45176020.0,44620715.0,44599405.0,43303713.333333336,43655443.333333336,44323153.333333336,44839423.333333336,44543390.0,43382575.0,43321793.333333336,43182766.66666666,42966935.0,42767680.0,0
2019-05-07,9.846294407387774,9.922548309342863,9.817699421409168,9.893953323364258,41154500,0,9.874889945983886,9.717615795135496,9.280771017074583,8.996551132202148,8.539403589566549,36480040.0,53950970.0,44194630.0,42703100.0,42982295.0,9.884421348571776,9.922548294067383,9.855827331542967,9.817699432373047,9.960675239562988,9.888234329223632,9.878702545166016,9.878702545166016,9.699505424499511,9.56034164428711,9.633736419677737,9.536512660980225,9.4401668548584,9.345802497863767,9.242117118835447,9.222301292419434,9.161962842941284,9.099249029159546,9.034711551666259,8.966451644897461,8.932867399851482,8.870439465840658,8.811431280771892,8.749018414815266,8.693817901611329,8.505685456593831,8.470875366528826,8.441840354601544,8.41438639163971,8.38678613503774,37465000.0,44236980.0,68206080.0,71823740.0,71421900.0,53784890.0,54792680.0,54147860.0,53765850.0,53680300.0,43447960.0,43908665.0,44068260.0,45176020.0,44620715.0,42859600.0,43303713.333333336,43655443.333333336,44323153.333333336,44839423.333333336,42940555.0,43382575.0,43321793.333333336,43182766.66666666,42966935.0,1
2019-05-08,9.89395428623098,9.960676229680423,9.827232342781537,9.855827331542967,33472200,0,9.882515525817869,9.791010475158695,9.341555976867676,9.051146316528321,8.573424418767294,34813380.0,53318560.0,44374285.0,42223770.0,43083440.0,9.893953323364258,9.884421348571776,9.922548294067383,9.855827331542967,9.817699432373047,9.874889945983886,9.888234329223632,9.878702545166016,9.878702545166016,9.699505424499511,9.717615795135496,9.633736419677737,9.536512660980225,9.4401668548584,9.345802497863767,9.280771017074583,9.222301292419434,9.161962842941284,9.099249029159546,9.034711551666259,8.996551132202148,8.932867399851482,8.870439465840658,8.811431280771892,8.749018414815266,8.539403589566549,8.505685456593831,8.470875366528826,8.441840354601544,8.41438639163971,36480040.0,37465000.0,44236980.0,68206080.0,71823740.0,53950970.0,53784890.0,54792680.0,54147860.0,53765850.0,44194630.0,43447960.0,43908665.0,44068260.0,45176020.0,42703100.0,42859600.0,43303713.333333336,43655443.333333336,44323153.333333336,42982295.0,42940555.0,43382575.0,43321793.333333336,43182766.66666666,1
2019-05-09,9.77957247278607,9.817699423772792,9.598468773835462,9.722381591796877,43621300,1,9.855826377868652,9.867264461517331,9.390039920806883,9.105671215057374,8.603188538551331,36635960.0,52421020.0,45131875.0,42347953.333333336,43373210.0,9.855827331542967,9.893953323364258,9.884421348571776,9.922548294067383,9.855827331542967,9.882515525817869,9.874889945983886,9.888234329223632,9.878702545166016,9.878702545166016,9.791010475158695,9.717615795135496,9.633736419677737,9.536512660980225,9.4401668548584,9.341555976867676,9.280771017074583,9.222301292419434,9.161962842941284,9.099249029159546,9.051146316528321,8.996551132202148,8.932867399851482,8.870439465840658,8.811431280771892,8.573424418767294,8.539403589566549,8.505685456593831,8.470875366528826,8.441840354601544,34813380.0,36480040.0,37465000.0,44236980.0,68206080.0,53318560.0,53950970.0,53784890.0,54792680.0,54147860.0,44374285.0,44194630.0,43447960.0,43908665.0,44068260.0,42223770.0,42703100.0,42859600.0,43303713.333333336,43655443.333333336,43083440.0,42982295.0,42940555.0,43382575.0,43321793.333333336,0
2019-05-10,9.836762442388833,9.922548309342863,9.722381589456196,9.893953323364258,37629500,0,9.850107383728027,9.864404964447024,9.444288110733034,9.161224555969238,8.636593969662984,36903620.0,40570300.0,45688945.0,42305113.333333336,43547320.0,9.722381591796877,9.855827331542967,9.893953323364258,9.884421348571776,9.922548294067383,9.855826377868652,9.882515525817869,9.874889945983886,9.888234329223632,9.878702545166016,9.867264461517331,9.791010475158695,9.717615795135496,9.633736419677737,9.536512660980225,9.390039920806883,9.341555976867676,9.280771017074583,9.222301292419434,9.161962842941284,9.105671215057374,9.051146316528321,8.996551132202148,8.932867399851482,8.870439465840658,8.603188538551331,8.573424418767294,8.539403589566549,8.505685456593831,8.470875366528826,36635960.0,34813380.0,36480040.0,37465000.0,44236980.0,52421020.0,53318560.0,53950970.0,53784890.0,54792680.0,45131875.0,44374285.0,44194630.0,43447960.0,43908665.0,42347953.333333336,42223770.0,42703100.0,42859600.0,43303713.333333336,43373210.0,43083440.0,42982295.0,42940555.0,43382575.0,0
2019-05-13,9.693787584621106,9.779573460257838,9.569874754147863,9.608001708984377,51102100,1,9.794823455810548,9.84152889251709,9.481424379348756,9.206933498382568,8.665077169736229,41395920.0,39430460.0,46311750.0,42876423.333333336,44006190.0,9.893953323364258,9.722381591796877,9.855827331542967,9.893953323364258,9.884421348571776,9.850107383728027,9.855826377868652,9.882515525817869,9.874889945983886,9.888234329223632,9.864404964447024,9.867264461517331,9.791010475158695,9.717615795135496,9.633736419677737,9.444288110733034,9.390039920806883,9.341555976867676,9.280771017074583,9.222301292419434,9.161224555969238,9.105671215057374,9.051146316528321,8.996551132202148,8.932867399851482,8.636593969662984,8.603188538551331,8.573424418767294,8.539403589566549,8.505685456593831,36903620.0,36635960.0,34813380.0,36480040.0,37465000.0,40570300.0,52421020.0,53318560.0,53950970.0,53784890.0,45688945.0,45131875.0,44374285.0,44194630.0,43447960.0,42305113.333333336,42347953.333333336,42223770.0,42703100.0,42859600.0,43547320.0,43373210.0,43083440.0,42982295.0,42940555.0,1
2019-05-14,9.674723615658458,9.808168411584573,9.655660592822327,9.760509490966797,31297200,1,9.768134689331054,9.82151231765747,9.53181471824646,9.251471869150798,8.694225939114888,39424460.0,37952250.0,45816275.0,42397893.333333336,43559805.0,9.608001708984377,9.893953323364258,9.722381591796877,9.855827331542967,9.893953323364258,9.794823455810548,9.850107383728027,9.855826377868652,9.882515525817869,9.874889945983886,9.84152889251709,9.864404964447024,9.867264461517331,9.791010475158695,9.717615795135496,9.481424379348756,9.444288110733034,9.390039920806883,9.341555976867676,9.280771017074583,9.206933498382568,9.161224555969238,9.105671215057374,9.051146316528321,8.996551132202148,8.665077169736229,8.636593969662984,8.603188538551331,8.573424418767294,8.539403589566549,41395920.0,36903620.0,36635960.0,34813380.0,36480040.0,39430460.0,40570300.0,52421020.0,53318560.0,53950970.0,46311750.0,45688945.0,45131875.0,44374285.0,44194630.0,42876423.333333336,42305113.333333336,42347953.333333336,42223770.0,42703100.0,44006190.0,43547320.0,43373210.0,43083440.0,42982295.0,1
2019-05-15,9.731913535151651,9.913016324681216,9.56987376656394,9.874889373779297,44050200,1,9.77194709777832,9.827231311798096,9.586516904830932,9.298884805043539,8.72074674765269,41540060.0,38176720.0,45971285.0,42842920.0,43661821.66666666,9.760509490966797,9.608001708984377,9.893953323364258,9.722381591796877,9.855827331542967,9.768134689331054,9.794823455810548,9.850107383728027,9.855826377868652,9.882515525817869,9.82151231765747,9.84152889251709,9.864404964447024,9.867264461517331,9.791010475158695,9.53181471824646,9.481424379348756,9.444288110733034,9.390039920806883,9.341555976867676,9.251471869150798,9.206933498382568,9.161224555969238,9.105671215057374,9.051146316528321,8.694225939114888,8.665077169736229,8.636593969662984,8.603188538551331,8.573424418767294,39424460.0,41395920.0,36903620.0,36635960.0,34813380.0,37952250.0,39430460.0,40570300.0,52421020.0,53318560.0,45816275.0,46311750.0,45688945.0,45131875.0,44374285.0,42397893.333333336,42876423.333333336,42305113.333333336,42347953.333333336,42223770.0,43559805.0,44006190.0,43547320.0,43373210.0,43083440.0,1
2019-05-16,9.817699396581194,9.95114327015603,9.817699396581194,9.913016319274902,32697000,0,9.810074043273923,9.832950210571287,9.636558532714844,9.343816089630128,8.746183133125305,39355200.0,37995580.0,46071720.0,42044033.333333336,43284823.333333336,9.874889373779297,9.760509490966797,9.608001708984377,9.893953323364258,9.722381591796877,9.77194709777832,9.768134689331054,9.794823455810548,9.850107383728027,9.855826377868652,9.827231311798096,9.82151231765747,9.84152889251709,9.864404964447024,9.867264461517331,9.586516904830932,9.53181471824646,9.481424379348756,9.444288110733034,9.390039920806883,9.298884805043539,9.251471869150798,9.206933498382568,9.161224555969238,9.105671215057374,8.72074674765269,8.694225939114888,8.665077169736229,8.636593969662984,8.603188538551331,41540060.0,39424460.0,41395920.0,36903620.0,36635960.0,38176720.0,37952250.0,39430460.0,40570300.0,52421020.0,45971285.0,45816275.0,46311750.0,45688945.0,45131875.0,42842920.0,42397893.333333336,42876423.333333336,42305113.333333336,42347953.333333336,43661821.66666666,43559805.0,44006190.0,43547320.0,43373210.0,1
2019-05-17,9.836763400017267,9.951144264085107,9.760509490638707,9.808168411254883,34565400,0,9.792917060852053,9.821512222290039,9.679012441635132,9.381812636057537,8.773468200365702,38742380.0,37823000.0,46307840.0,41880110.0,43115406.66666666,9.913016319274902,9.874889373779297,9.760509490966797,9.608001708984377,9.893953323364258,9.810074043273923,9.77194709777832,9.768134689331054,9.794823455810548,9.850107383728027,9.832950210571287,9.827231311798096,9.82151231765747,9.84152889251709,9.864404964447024,9.636558532714844,9.586516904830932,9.53181471824646,9.481424379348756,9.444288110733034,9.343816089630128,9.298884805043539,9.251471869150798,9.206933498382568,9.161224555969238,8.746183133125305,8.72074674765269,8.694225939114888,8.665077169736229,8.636593969662984,39355200.0,41540060.0,39424460.0,41395920.0,36903620.0,37995580.0,38176720.0,37952250.0,39430460.0,40570300.0,46071720.0,45971285.0,45816275.0,46311750.0,45688945.0,42044033.333333336,42842920.0,42397893.333333336,42876423.333333336,42305113.333333336,43284823.333333336,43661821.66666666,43559805.0,44006190.0,43547320.0,0
2019-05-20,9.817699412769187,9.817699412769187,9.722381580900102,9.798635482788086,29535900,0,9.831043815612793,9.81293363571167,9.723335027694704,9.419178740183511,8.800594385464986,34429140.0,37912530.0,45848710.0,41602816.66666666,42925213.333333336,9.808168411254883,9.913016319274902,9.874889373779297,9.760509490966797,9.608001708984377,9.792917060852053,9.810074043273923,9.77194709777832,9.768134689331054,9.794823455810548,9.821512222290039,9.832950210571287,9.827231311798096,9.82151231765747,9.84152889251709,9.679012441635132,9.636558532714844,9.586516904830932,9.53181471824646,9.481424379348756,9.381812636057537,9.343816089630128,9.298884805043539,9.251471869150798,9.206933498382568,8.773468200365702,8.746183133125305,8.72074674765269,8.694225939114888,8.665077169736229,38742380.0,39355200.0,41540060.0,39424460.0,41395920.0,37823000.0,37995580.0,38176720.0,37952250.0,39430460.0,46307840.0,46071720.0,45971285.0,45816275.0,46311750.0,41880110.0,42044033.333333336,42842920.0,42397893.333333336,42876423.333333336,43115406.66666666,43284823.333333336,43661821.66666666,43559805.0,44006190.0,0
2019-05-21,9.827232343439006,9.827232343439006,9.674723615658458,9.760509490966797,30099300,0,9.831043815612793,9.799589252471923,9.758602523803713,9.453710428873698,8.826303346951804,34189560.0,36807010.0,45378990.0,41732090.0,42483278.333333336,9.798635482788086,9.808168411254883,9.913016319274902,9.874889373779297,9.760509490966797,9.831043815612793,9.792917060852053,9.810074043273923,9.77194709777832,9.768134689331054,9.81293363571167,9.821512222290039,9.832950210571287,9.827231311798096,9.82151231765747,9.723335027694704,9.679012441635132,9.636558532714844,9.586516904830932,9.53181471824646,9.419178740183511,9.381812636057537,9.343816089630128,9.298884805043539,9.251471869150798,8.800594385464986,8.773468200365702,8.746183133125305,8.72074674765269,8.694225939114888,34429140.0,38742380.0,39355200.0,41540060.0,39424460.0,37912530.0,37823000.0,37995580.0,38176720.0,37952250.0,45848710.0,46307840.0,46071720.0,45971285.0,45816275.0,41602816.66666666,41880110.0,42044033.333333336,42842920.0,42397893.333333336,42925213.333333336,43115406.66666666,43284823.333333336,43661821.66666666,43559805.0,0
2019-05-22,9.693786649406674,9.731913600564864,9.465024942457532,9.503151893615724,51407200,0,9.756696319580078,9.7643217086792,9.777666091918944,9.482477887471516,8.845846772193909,35660960.0,38600510.0,45959535.0,42449693.333333336,42700918.333333336,9.760509490966797,9.798635482788086,9.808168411254883,9.913016319274902,9.874889373779297,9.831043815612793,9.831043815612793,9.792917060852053,9.810074043273923,9.77194709777832,9.799589252471923,9.81293363571167,9.821512222290039,9.832950210571287,9.827231311798096,9.758602523803713,9.723335027694704,9.679012441635132,9.636558532714844,9.586516904830932,9.453710428873698,9.419178740183511,9.381812636057537,9.343816089630128,9.298884805043539,8.826303346951804,8.800594385464986,8.773468200365702,8.746183133125305,8.72074674765269,34189560.0,34429140.0,38742380.0,39355200.0,41540060.0,36807010.0,37912530.0,37823000.0,37995580.0,38176720.0,45378990.0,45848710.0,46307840.0,46071720.0,45971285.0,41732090.0,41602816.66666666,41880110.0,42044033.333333336,42842920.0,42483278.333333336,42925213.333333336,43115406.66666666,43284823.333333336,43661821.66666666,0
2019-05-23,9.388772010803224,9.388772010803224,9.21720025834424,9.388772010803224,43153800,0,9.651847457885742,9.730960750579834,9.799112606048585,9.503680197397868,8.865047415097555,37752320.0,38553760.0,45487390.0,42939170.0,42851926.66666666,9.503151893615724,9.760509490966797,9.798635482788086,9.808168411254883,9.913016319274902,9.756696319580078,9.831043815612793,9.831043815612793,9.792917060852053,9.810074043273923,9.7643217086792,9.799589252471923,9.81293363571167,9.821512222290039,9.832950210571287,9.777666091918944,9.758602523803713,9.723335027694704,9.679012441635132,9.636558532714844,9.482477887471516,9.453710428873698,9.419178740183511,9.381812636057537,9.343816089630128,8.845846772193909,8.826303346951804,8.800594385464986,8.773468200365702,8.746183133125305,35660960.0,34189560.0,34429140.0,38742380.0,39355200.0,38600510.0,36807010.0,37912530.0,37823000.0,37995580.0,45959535.0,45378990.0,45848710.0,46307840.0,46071720.0,42449693.333333336,41732090.0,41602816.66666666,41880110.0,42044033.333333336,42700918.333333336,42483278.333333336,42925213.333333336,43115406.66666666,43284823.333333336,0
2019-05-24,9.455492974881457,9.484087960987882,9.341112121437517,9.369707107543944,22131500,0,9.564155197143554,9.678536128997802,9.771470546722412,9.522370783487956,8.884086648623148,35265540.0,37003960.0,38787130.0,42793950.0,42488110.0,9.388772010803224,9.503151893615724,9.760509490966797,9.798635482788086,9.808168411254883,9.651847457885742,9.756696319580078,9.831043815612793,9.831043815612793,9.792917060852053,9.730960750579834,9.7643217086792,9.799589252471923,9.81293363571167,9.821512222290039,9.799112606048585,9.777666091918944,9.758602523803713,9.723335027694704,9.679012441635132,9.503680197397868,9.482477887471516,9.453710428873698,9.419178740183511,9.381812636057537,8.865047415097555,8.845846772193909,8.826303346951804,8.800594385464986,8.773468200365702,37752320.0,35660960.0,34189560.0,34429140.0,38742380.0,38553760.0,38600510.0,36807010.0,37912530.0,37823000.0,45487390.0,45959535.0,45378990.0,45848710.0,46307840.0,42939170.0,42449693.333333336,41732090.0,41602816.66666666,41880110.0,42851926.66666666,42700918.333333336,42483278.333333336,42925213.333333336,43115406.66666666,1
2019-05-28,9.407834054555655,9.436429040649513,9.31251713123672,9.32204818725586,27656200,0,9.46883773803711,9.649940776824954,9.745734834671019,9.537596511840821,8.902018857002258,34889600.0,34659370.0,37044915.0,42427623.333333336,42320721.66666666,9.369707107543944,9.388772010803224,9.503151893615724,9.760509490966797,9.798635482788086,9.564155197143554,9.651847457885742,9.756696319580078,9.831043815612793,9.831043815612793,9.678536128997802,9.730960750579834,9.7643217086792,9.799589252471923,9.81293363571167,9.771470546722412,9.799112606048585,9.777666091918944,9.758602523803713,9.723335027694704,9.522370783487956,9.503680197397868,9.482477887471516,9.453710428873698,9.419178740183511,8.884086648623148,8.865047415097555,8.845846772193909,8.826303346951804,8.800594385464986,35265540.0,37752320.0,35660960.0,34189560.0,34429140.0,37003960.0,38553760.0,38600510.0,36807010.0,37912530.0,38787130.0,45487390.0,45959535.0,45378990.0,45848710.0,42793950.0,42939170.0,42449693.333333336,41732090.0,41602816.66666666,42488110.0,42851926.66666666,42700918.333333336,42483278.333333336,42925213.333333336,1
2019-05-29,9.2362623409391,9.293453222274962,9.10281846618579,9.255326271057127,32262600,1,9.367801094055176,9.599422454833984,9.710467386245726,9.554350630442302,8.918526323636373,35322260.0,34755910.0,36354080.0,42129486.66666666,42088483.333333336,9.32204818725586,9.369707107543944,9.388772010803224,9.503151893615724,9.760509490966797,9.46883773803711,9.564155197143554,9.651847457885742,9.756696319580078,9.831043815612793,9.649940776824954,9.678536128997802,9.730960750579834,9.7643217086792,9.799589252471923,9.745734834671019,9.771470546722412,9.799112606048585,9.777666091918944,9.758602523803713,9.537596511840821,9.522370783487956,9.503680197397868,9.482477887471516,9.453710428873698,8.902018857002258,8.884086648623148,8.865047415097555,8.845846772193909,8.826303346951804,34889600.0,35265540.0,37752320.0,35660960.0,34189560.0,34659370.0,37003960.0,38553760.0,38600510.0,36807010.0,37044915.0,38787130.0,45487390.0,45959535.0,45378990.0,42427623.333333336,42793950.0,42939170.0,42449693.333333336,41732090.0,42320721.66666666,42488110.0,42851926.66666666,42700918.333333336,42483278.333333336,0
2019-05-30,9.28392219543457,9.379240037620939,9.226732217337398,9.28392219543457,24759600,0,9.323955154418943,9.540325736999511,9.683778524398805,9.571119848887124,8.93613580862681,29992740.0,32826850.0,35501785.0,41589806.66666666,41820266.66666666,9.255326271057127,9.32204818725586,9.369707107543944,9.388772010803224,9.503151893615724,9.367801094055176,9.46883773803711,9.564155197143554,9.651847457885742,9.756696319580078,9.599422454833984,9.649940776824954,9.678536128997802,9.730960750579834,9.7643217086792,9.710467386245726,9.745734834671019,9.771470546722412,9.799112606048585,9.777666091918944,9.554350630442302,9.537596511840821,9.522370783487956,9.503680197397868,9.482477887471516,8.918526323636373,8.902018857002258,8.884086648623148,8.865047415097555,8.845846772193909,35322260.0,34889600.0,35265540.0,37752320.0,35660960.0,34755910.0,34659370.0,37003960.0,38553760.0,38600510.0,36354080.0,37044915.0,38787130.0,45487390.0,45959535.0,42129486.66666666,42427623.333333336,42793950.0,42939170.0,42449693.333333336,42088483.333333336,42320721.66666666,42488110.0,42851926.66666666,42700918.333333336,1
2019-05-31,9.03609565797441,9.093286539551944,8.883587852458623,9.074223518371582,48250400,1,9.261045455932617,9.45644645690918,9.644698333740234,9.576521174112957,8.95322105884552,31012060.0,34382190.0,36188885.0,42175210.0,41784796.66666666,9.28392219543457,9.255326271057127,9.32204818725586,9.369707107543944,9.388772010803224,9.323955154418943,9.367801094055176,9.46883773803711,9.564155197143554,9.651847457885742,9.540325736999511,9.599422454833984,9.649940776824954,9.678536128997802,9.730960750579834,9.683778524398805,9.710467386245726,9.745734834671019,9.771470546722412,9.799112606048585,9.571119848887124,9.554350630442302,9.537596511840821,9.522370783487956,9.503680197397868,8.93613580862681,8.918526323636373,8.902018857002258,8.884086648623148,8.865047415097555,29992740.0,35322260.0,34889600.0,35265540.0,37752320.0,32826850.0,34755910.0,34659370.0,37003960.0,38553760.0,35501785.0,36354080.0,37044915.0,38787130.0,45487390.0,41589806.66666666,42129486.66666666,42427623.333333336,42793950.0,42939170.0,41820266.66666666,42088483.333333336,42320721.66666666,42488110.0,42851926.66666666,1
2019-06-03,9.169540395531623,9.1981353816654,9.017032590793852,9.160008430480957,39446800,1,9.21910572052002,9.391630458831788,9.606571340560912,9.58321844736735,8.973299606641133,34475120.0,34870330.0,36346665.0,42495336.66666666,41537476.66666666,9.074223518371582,9.28392219543457,9.255326271057127,9.32204818725586,9.369707107543944,9.261045455932617,9.323955154418943,9.367801094055176,9.46883773803711,9.564155197143554,9.45644645690918,9.540325736999511,9.599422454833984,9.649940776824954,9.678536128997802,9.644698333740234,9.683778524398805,9.710467386245726,9.745734834671019,9.771470546722412,9.576521174112957,9.571119848887124,9.554350630442302,9.537596511840821,9.522370783487956,8.95322105884552,8.93613580862681,8.918526323636373,8.902018857002258,8.884086648623148,31012060.0,29992740.0,35322260.0,34889600.0,35265540.0,34382190.0,32826850.0,34755910.0,34659370.0,37003960.0,36188885.0,35501785.0,36354080.0,37044915.0,38787130.0,42175210.0,41589806.66666666,42129486.66666666,42427623.333333336,42793950.0,41784796.66666666,41820266.66666666,42088483.333333336,42320721.66666666,42488110.0,1
2019-06-04,9.274389273640825,9.484087959429369,9.26485821761906,9.455492973327637,37324100,0,9.245794677734377,9.35731620788574,9.585124921798704,9.601328754425051,8.99924099445343,36408700.0,35649150.0,36780840.0,42448856.66666666,41430098.333333336,9.160008430480957,9.074223518371582,9.28392219543457,9.255326271057127,9.32204818725586,9.21910572052002,9.261045455932617,9.323955154418943,9.367801094055176,9.46883773803711,9.391630458831788,9.45644645690918,9.540325736999511,9.599422454833984,9.649940776824954,9.606571340560912,9.644698333740234,9.683778524398805,9.710467386245726,9.745734834671019,9.58321844736735,9.576521174112957,9.571119848887124,9.554350630442302,9.537596511840821,8.973299606641133,8.95322105884552,8.93613580862681,8.918526323636373,8.902018857002258,34475120.0,31012060.0,29992740.0,35322260.0,34889600.0,34870330.0,34382190.0,32826850.0,34755910.0,34659370.0,36346665.0,36188885.0,35501785.0,36354080.0,37044915.0,42495336.66666666,42175210.0,41589806.66666666,42129486.66666666,42427623.333333336,41537476.66666666,41784796.66666666,41820266.66666666,42088483.333333336,42320721.66666666,1
2019-06-05,9.407834054555655,9.455492970724233,9.198135368824849,9.32204818725586,42464800,0,9.25913906097412,9.313470077514648,9.556529664993286,9.610225041707356,9.019987591107686,38449140.0,36885700.0,36846355.0,42547893.333333336,41523256.66666666,9.455492973327637,9.160008430480957,9.074223518371582,9.28392219543457,9.255326271057127,9.245794677734377,9.21910572052002,9.261045455932617,9.323955154418943,9.367801094055176,9.35731620788574,9.391630458831788,9.45644645690918,9.540325736999511,9.599422454833984,9.585124921798704,9.606571340560912,9.644698333740234,9.683778524398805,9.710467386245726,9.601328754425051,9.58321844736735,9.576521174112957,9.571119848887124,9.554350630442302,8.99924099445343,8.973299606641133,8.95322105884552,8.93613580862681,8.918526323636373,36408700.0,34475120.0,31012060.0,29992740.0,35322260.0,35649150.0,34870330.0,34382190.0,32826850.0,34755910.0,36780840.0,36346665.0,36188885.0,35501785.0,36354080.0,42448856.66666666,42495336.66666666,42175210.0,41589806.66666666,42129486.66666666,41430098.333333336,41537476.66666666,41784796.66666666,41820266.66666666,42088483.333333336,1
2019-06-06,9.26485918115148,9.360176114409489,9.207668293982023,9.29345417022705,28291100,1,9.261045455932617,9.292500305175784,9.52841100692749,9.615944163004556,9.040883040428161,39155440.0,34574090.0,36587300.0,42164386.66666666,41364691.66666666,9.32204818725586,9.455492973327637,9.160008430480957,9.074223518371582,9.28392219543457,9.25913906097412,9.245794677734377,9.21910572052002,9.261045455932617,9.323955154418943,9.313470077514648,9.35731620788574,9.391630458831788,9.45644645690918,9.540325736999511,9.556529664993286,9.585124921798704,9.606571340560912,9.644698333740234,9.683778524398805,9.610225041707356,9.601328754425051,9.58321844736735,9.576521174112957,9.571119848887124,9.019987591107686,8.99924099445343,8.973299606641133,8.95322105884552,8.93613580862681,38449140.0,36408700.0,34475120.0,31012060.0,29992740.0,36885700.0,35649150.0,34870330.0,34382190.0,32826850.0,36846355.0,36780840.0,36346665.0,36188885.0,35501785.0,42547893.333333336,42448856.66666666,42495336.66666666,42175210.0,41589806.66666666,41523256.66666666,41430098.333333336,41537476.66666666,41784796.66666666,41820266.66666666,0
2019-06-07,9.302985191345217,9.360175163687515,9.245794309984694,9.302985191345217,18848700,1,9.306797790527344,9.28392162322998,9.507441186904908,9.627382278442383,9.062562743822731,33275100.0,32143580.0,35348670.0,41039453.333333336,40861858.333333336,9.29345417022705,9.32204818725586,9.455492973327637,9.160008430480957,9.074223518371582,9.261045455932617,9.25913906097412,9.245794677734377,9.21910572052002,9.261045455932617,9.292500305175784,9.313470077514648,9.35731620788574,9.391630458831788,9.45644645690918,9.52841100692749,9.556529664993286,9.585124921798704,9.606571340560912,9.644698333740234,9.615944163004556,9.610225041707356,9.601328754425051,9.58321844736735,9.576521174112957,9.040883040428161,9.019987591107686,8.99924099445343,8.973299606641133,8.95322105884552,39155440.0,38449140.0,36408700.0,34475120.0,31012060.0,34574090.0,36885700.0,35649150.0,34870330.0,34382190.0,36587300.0,36846355.0,36780840.0,36346665.0,36188885.0,42164386.66666666,42547893.333333336,42448856.66666666,42495336.66666666,42175210.0,41364691.66666666,41523256.66666666,41430098.333333336,41537476.66666666,41784796.66666666,1
2019-06-10,9.426897978954589,9.560341853324397,9.30298516059818,9.360175132751463,33883400,1,9.346831130981446,9.282968425750733,9.480752277374268,9.608636506398518,9.087071871757507,32162420.0,33318770.0,35161365.0,36964343.333333336,40821450.0,9.302985191345217,9.29345417022705,9.32204818725586,9.455492973327637,9.160008430480957,9.306797790527344,9.261045455932617,9.25913906097412,9.245794677734377,9.21910572052002,9.28392162322998,9.292500305175784,9.313470077514648,9.35731620788574,9.391630458831788,9.507441186904908,9.52841100692749,9.556529664993286,9.585124921798704,9.606571340560912,9.627382278442383,9.615944163004556,9.610225041707356,9.601328754425051,9.58321844736735,9.062562743822731,9.040883040428161,9.019987591107686,8.99924099445343,8.973299606641133,33275100.0,39155440.0,38449140.0,36408700.0,34475120.0,32143580.0,34574090.0,36885700.0,35649150.0,34870330.0,35348670.0,36587300.0,36846355.0,36780840.0,36346665.0,41039453.333333336,42164386.66666666,42547893.333333336,42448856.66666666,42495336.66666666,40861858.333333336,41364691.66666666,41523256.66666666,41430098.333333336,41537476.66666666,0
2019-06-11,9.407834057145935,9.5126829455311,9.331580154862507,9.455492973327637,26434200,0,9.346831130981446,9.29631290435791,9.47312684059143,9.595927524566653,9.112856912612916,29984440.0,33196570.0,33927970.0,35762133.333333336,40152761.66666666,9.360175132751463,9.302985191345217,9.29345417022705,9.32204818725586,9.455492973327637,9.346831130981446,9.306797790527344,9.261045455932617,9.25913906097412,9.245794677734377,9.282968425750733,9.28392162322998,9.292500305175784,9.313470077514648,9.35731620788574,9.480752277374268,9.507441186904908,9.52841100692749,9.556529664993286,9.585124921798704,9.608636506398518,9.627382278442383,9.615944163004556,9.610225041707356,9.601328754425051,9.087071871757507,9.062562743822731,9.040883040428161,9.019987591107686,8.99924099445343,32162420.0,33275100.0,39155440.0,38449140.0,36408700.0,33318770.0,32143580.0,34574090.0,36885700.0,35649150.0,35161365.0,35348670.0,36587300.0,36846355.0,36780840.0,36964343.333333336,41039453.333333336,42164386.66666666,42547893.333333336,42448856.66666666,40821450.0,40861858.333333336,41364691.66666666,41523256.66666666,41430098.333333336,1
2019-06-12,9.43643002291444,9.465025921003145,9.379240044773654,9.388772010803224,21746700,1,9.36017589569092,9.30965747833252,9.454539966583251,9.576864083607992,9.135340992609661,25840820.0,32144980.0,33450445.0,34951046.666666664,39895235.0,9.455492973327637,9.360175132751463,9.302985191345217,9.29345417022705,9.32204818725586,9.346831130981446,9.346831130981446,9.306797790527344,9.261045455932617,9.25913906097412,9.29631290435791,9.282968425750733,9.28392162322998,9.292500305175784,9.313470077514648,9.47312684059143,9.480752277374268,9.507441186904908,9.52841100692749,9.556529664993286,9.595927524566653,9.608636506398518,9.627382278442383,9.615944163004556,9.610225041707356,9.112856912612916,9.087071871757507,9.062562743822731,9.040883040428161,9.019987591107686,29984440.0,32162420.0,33275100.0,39155440.0,38449140.0,33196570.0,33318770.0,32143580.0,34574090.0,36885700.0,33927970.0,35161365.0,35348670.0,36587300.0,36846355.0,35762133.333333336,36964343.333333336,41039453.333333336,42164386.66666666,42547893.333333336,40152761.66666666,40821450.0,40861858.333333336,41364691.66666666,41523256.66666666,0
2019-06-13,9.4078331240016,9.588936805725098,9.341111193376168,9.588936805725098,25555900,0,9.419272422790527,9.340158939361572,9.440242338180543,9.569238662719727,9.159128538767497,25293780.0,32224610.0,32525730.0,34409393.333333336,39366273.333333336,9.388772010803224,9.455492973327637,9.360175132751463,9.302985191345217,9.29345417022705,9.36017589569092,9.346831130981446,9.346831130981446,9.306797790527344,9.261045455932617,9.30965747833252,9.29631290435791,9.282968425750733,9.28392162322998,9.292500305175784,9.454539966583251,9.47312684059143,9.480752277374268,9.507441186904908,9.52841100692749,9.576864083607992,9.595927524566653,9.608636506398518,9.627382278442383,9.615944163004556,9.135340992609661,9.112856912612916,9.087071871757507,9.062562743822731,9.040883040428161,25840820.0,29984440.0,32162420.0,33275100.0,39155440.0,32144980.0,33196570.0,33318770.0,32143580.0,34574090.0,33450445.0,33927970.0,35161365.0,35348670.0,36587300.0,34951046.666666664,35762133.333333336,36964343.333333336,41039453.333333336,42164386.66666666,39895235.0,40152761.66666666,40821450.0,40861858.333333336,41364691.66666666,0
2019-06-14,9.541278809761259,9.569873795770414,9.474555963715607,9.512682914733887,21553200,1,9.461211967468262,9.384004878997805,9.420225667953492,9.557800515492756,9.184615898132325,25834680.0,29554890.0,31968540.0,33977553.333333336,38816498.333333336,9.588936805725098,9.388772010803224,9.455492973327637,9.360175132751463,9.302985191345217,9.419272422790527,9.36017589569092,9.346831130981446,9.346831130981446,9.306797790527344,9.340158939361572,9.30965747833252,9.29631290435791,9.282968425750733,9.28392162322998,9.440242338180543,9.454539966583251,9.47312684059143,9.480752277374268,9.507441186904908,9.569238662719727,9.576864083607992,9.595927524566653,9.608636506398518,9.627382278442383,9.159128538767497,9.135340992609661,9.112856912612916,9.087071871757507,9.062562743822731,25293780.0,25840820.0,29984440.0,32162420.0,33275100.0,32224610.0,32144980.0,33196570.0,33318770.0,32143580.0,32525730.0,33450445.0,33927970.0,35161365.0,35348670.0,34409393.333333336,34951046.666666664,35762133.333333336,36964343.333333336,41039453.333333336,39366273.333333336,39895235.0,40152761.66666666,40821450.0,40861858.333333336,0
2019-06-17,9.522213955447453,9.617531778250015,9.47455504404617,9.579404830932617,19383800,1,9.505057907104492,9.425944519042966,9.408787488937376,9.546362400054932,9.208400932947796,22934760.0,27548590.0,31209460.0,33413973.33333333,38358843.333333336,9.512682914733887,9.588936805725098,9.388772010803224,9.455492973327637,9.360175132751463,9.461211967468262,9.419272422790527,9.36017589569092,9.346831130981446,9.346831130981446,9.384004878997805,9.340158939361572,9.30965747833252,9.29631290435791,9.282968425750733,9.420225667953492,9.440242338180543,9.454539966583251,9.47312684059143,9.480752277374268,9.557800515492756,9.569238662719727,9.576864083607992,9.595927524566653,9.608636506398518,9.184615898132325,9.159128538767497,9.135340992609661,9.112856912612916,9.087071871757507,25834680.0,25293780.0,25840820.0,29984440.0,32162420.0,29554890.0,32224610.0,32144980.0,33196570.0,33318770.0,31968540.0,32525730.0,33450445.0,33927970.0,35161365.0,33977553.333333336,34409393.333333336,34951046.666666664,35762133.333333336,36964343.333333336,38816498.333333336,39366273.333333336,39895235.0,40152761.66666666,40821450.0,1
2019-06-18,9.608000774821154,9.722381628209712,9.579405788728566,9.62706470489502,32591700,0,9.539372253417971,9.443101692199708,9.400208950042725,9.537783845265707,9.235325622558594,24166260.0,27075350.0,31362250.0,33545676.66666667,38202638.333333336,9.579404830932617,9.512682914733887,9.588936805725098,9.388772010803224,9.455492973327637,9.505057907104492,9.461211967468262,9.419272422790527,9.36017589569092,9.346831130981446,9.425944519042966,9.384004878997805,9.340158939361572,9.30965747833252,9.29631290435791,9.408787488937376,9.420225667953492,9.440242338180543,9.454539966583251,9.47312684059143,9.546362400054932,9.557800515492756,9.569238662719727,9.576864083607992,9.595927524566653,9.208400932947796,9.184615898132325,9.159128538767497,9.135340992609661,9.112856912612916,22934760.0,25834680.0,25293780.0,25840820.0,29984440.0,27548590.0,29554890.0,32224610.0,32144980.0,33196570.0,31209460.0,31968540.0,32525730.0,33450445.0,33927970.0,33413973.33333333,33977553.333333336,34409393.333333336,34951046.666666664,35762133.333333336,38358843.333333336,38816498.333333336,39366273.333333336,39895235.0,40152761.66666666,0
2019-06-19,9.674722698014037,9.703318593083374,9.56034184479134,9.569873809814453,29051300,0,9.575592613220213,9.467884254455566,9.390677165985107,9.526981194814047,9.261766163508096,25627180.0,25734000.0,31309850.0,33142236.66666667,37922668.333333336,9.62706470489502,9.579404830932617,9.512682914733887,9.588936805725098,9.388772010803224,9.539372253417971,9.505057907104492,9.461211967468262,9.419272422790527,9.36017589569092,9.443101692199708,9.425944519042966,9.384004878997805,9.340158939361572,9.30965747833252,9.400208950042725,9.408787488937376,9.420225667953492,9.440242338180543,9.454539966583251,9.537783845265707,9.546362400054932,9.557800515492756,9.569238662719727,9.576864083607992,9.235325622558594,9.208400932947796,9.184615898132325,9.159128538767497,9.135340992609661,24166260.0,22934760.0,25834680.0,25293780.0,25840820.0,27075350.0,27548590.0,29554890.0,32224610.0,32144980.0,31362250.0,31209460.0,31968540.0,32525730.0,33450445.0,33545676.66666667,33413973.33333333,33977553.333333336,34409393.333333336,34951046.666666664,38202638.333333336,38358843.333333336,38816498.333333336,39366273.333333336,39895235.0,0
2019-06-20,9.65565967698603,9.674722698014037,9.484087942642876,9.569873809814453,32086500,0,9.571780014038088,9.495526218414307,9.394013261795044,9.517449410756429,9.284297863642372,26933300.0,26113540.0,30343815.0,33096046.66666667,37659908.333333336,9.569873809814453,9.62706470489502,9.579404830932617,9.512682914733887,9.588936805725098,9.575592613220213,9.539372253417971,9.505057907104492,9.461211967468262,9.419272422790527,9.467884254455566,9.443101692199708,9.425944519042966,9.384004878997805,9.340158939361572,9.390677165985107,9.400208950042725,9.408787488937376,9.420225667953492,9.440242338180543,9.526981194814047,9.537783845265707,9.546362400054932,9.557800515492756,9.569238662719727,9.261766163508096,9.235325622558594,9.208400932947796,9.184615898132325,9.159128538767497,25627180.0,24166260.0,22934760.0,25834680.0,25293780.0,25734000.0,27075350.0,27548590.0,29554890.0,32224610.0,31309850.0,31362250.0,31209460.0,31968540.0,32525730.0,33142236.66666667,33545676.66666667,33413973.33333333,33977553.333333336,34409393.333333336,37922668.333333336,38202638.333333336,38358843.333333336,38816498.333333336,39366273.333333336,1
2019-06-21,9.56034184058382,9.579405770621657,9.445960987411464,9.522214889526367,47904000,0,9.573686408996585,9.517449188232424,9.400685405731199,9.510777187347411,9.308224201202393,32203460.0,29019070.0,30581325.0,33238803.33333333,37793378.333333336,9.569873809814453,9.569873809814453,9.62706470489502,9.579404830932617,9.512682914733887,9.571780014038088,9.575592613220213,9.539372253417971,9.505057907104492,9.461211967468262,9.495526218414307,9.467884254455566,9.443101692199708,9.425944519042966,9.384004878997805,9.394013261795044,9.390677165985107,9.400208950042725,9.408787488937376,9.420225667953492,9.517449410756429,9.526981194814047,9.537783845265707,9.546362400054932,9.557800515492756,9.284297863642372,9.261766163508096,9.235325622558594,9.208400932947796,9.184615898132325,26933300.0,25627180.0,24166260.0,22934760.0,25834680.0,26113540.0,25734000.0,27075350.0,27548590.0,29554890.0,30343815.0,31309850.0,31362250.0,31209460.0,31968540.0,33096046.66666667,33142236.66666667,33545676.66666667,33413973.33333333,33977553.333333336,37659908.333333336,37922668.333333336,38202638.333333336,38358843.333333336,38816498.333333336,1
2019-06-24,9.484087944030762,9.550810790184094,9.465024922999962,9.484087944030762,28091200,0,9.554623031616213,9.529840469360352,9.40640444755554,9.497115008036296,9.329169782002767,33944940.0,28439850.0,30879310.0,32920860.0,37612986.66666666,9.522214889526367,9.569873809814453,9.569873809814453,9.62706470489502,9.579404830932617,9.573686408996585,9.571780014038088,9.575592613220213,9.539372253417971,9.505057907104492,9.517449188232424,9.495526218414307,9.467884254455566,9.443101692199708,9.425944519042966,9.400685405731199,9.394013261795044,9.390677165985107,9.400208950042725,9.408787488937376,9.510777187347411,9.517449410756429,9.526981194814047,9.537783845265707,9.546362400054932,9.308224201202393,9.284297863642372,9.261766163508096,9.235325622558594,9.208400932947796,32203460.0,26933300.0,25627180.0,24166260.0,22934760.0,29019070.0,26113540.0,25734000.0,27075350.0,27548590.0,30581325.0,30343815.0,31309850.0,31362250.0,31209460.0,33238803.33333333,33096046.66666667,33142236.66666667,33545676.66666667,33413973.33333333,37793378.333333336,37659908.333333336,37922668.333333336,38202638.333333336,38358843.333333336,0
2019-06-25,9.50315190095074,9.522214922035444,9.369707117284968,9.379239082336426,28682000,1,9.505057907104492,9.52221508026123,9.40926399230957,9.48948958714803,9.3482115427653,33163000.0,28664630.0,30930600.0,32173523.33333333,37524973.333333336,9.484087944030762,9.522214889526367,9.569873809814453,9.569873809814453,9.62706470489502,9.554623031616213,9.573686408996585,9.571780014038088,9.575592613220213,9.539372253417971,9.529840469360352,9.517449188232424,9.495526218414307,9.467884254455566,9.443101692199708,9.40640444755554,9.400685405731199,9.394013261795044,9.390677165985107,9.400208950042725,9.497115008036296,9.510777187347411,9.517449410756429,9.526981194814047,9.537783845265707,9.329169782002767,9.308224201202393,9.284297863642372,9.261766163508096,9.235325622558594,33944940.0,32203460.0,26933300.0,25627180.0,24166260.0,28439850.0,29019070.0,26113540.0,25734000.0,27075350.0,30879310.0,30581325.0,30343815.0,31309850.0,31362250.0,32920860.0,33238803.33333333,33096046.66666667,33142236.66666667,33545676.66666667,37612986.66666666,37793378.333333336,37659908.333333336,37922668.333333336,38202638.333333336,1
2019-06-26,9.407834047432804,9.49361991466765,9.360175131300313,9.445960998535156,33739100,1,9.480275344848632,9.527933979034424,9.418795728683472,9.47900463740031,9.365238253275553,34100560.0,29863870.0,31004425.0,32254920.0,37326406.66666666,9.379239082336426,9.484087944030762,9.522214889526367,9.569873809814453,9.569873809814453,9.505057907104492,9.554623031616213,9.573686408996585,9.571780014038088,9.575592613220213,9.52221508026123,9.529840469360352,9.517449188232424,9.495526218414307,9.467884254455566,9.40926399230957,9.40640444755554,9.400685405731199,9.394013261795044,9.390677165985107,9.48948958714803,9.497115008036296,9.510777187347411,9.517449410756429,9.526981194814047,9.3482115427653,9.329169782002767,9.308224201202393,9.284297863642372,9.261766163508096,33163000.0,33944940.0,32203460.0,26933300.0,25627180.0,28664630.0,28439850.0,29019070.0,26113540.0,25734000.0,30930600.0,30879310.0,30581325.0,30343815.0,31309850.0,32173523.33333333,32920860.0,33238803.33333333,33096046.66666667,33142236.66666667,37524973.333333336,37612986.66666666,37793378.333333336,37659908.333333336,37922668.333333336,0
2019-06-27,9.569873787849977,9.760508542783601,9.531746836863253,9.722381591796877,42954600,1,9.510776901245118,9.5412784576416,9.440718698501588,9.473921044667561,9.38640292485555,36274180.0,31603740.0,31914175.0,32218400.0,37530660.0,9.445960998535156,9.379239082336426,9.484087944030762,9.522214889526367,9.569873809814453,9.480275344848632,9.505057907104492,9.554623031616213,9.573686408996585,9.571780014038088,9.527933979034424,9.52221508026123,9.529840469360352,9.517449188232424,9.495526218414307,9.418795728683472,9.40926399230957,9.40640444755554,9.400685405731199,9.394013261795044,9.47900463740031,9.48948958714803,9.497115008036296,9.510777187347411,9.517449410756429,9.365238253275553,9.3482115427653,9.329169782002767,9.308224201202393,9.284297863642372,34100560.0,33163000.0,33944940.0,32203460.0,26933300.0,29863870.0,28664630.0,28439850.0,29019070.0,26113540.0,31004425.0,30930600.0,30879310.0,30581325.0,30343815.0,32254920.0,32173523.33333333,32920860.0,33238803.33333333,33096046.66666667,37326406.66666666,37524973.333333336,37612986.66666666,37793378.333333336,37659908.333333336,0
2019-06-28,9.722382527436967,9.827232334504414,9.722382527436967,9.750977516174316,37551600,0,9.556529426574707,9.565107917785644,9.474556398391725,9.468519751230877,9.406167920430502,34203700.0,33203580.0,31379235.0,32380220.0,37212126.66666666,9.722381591796877,9.445960998535156,9.379239082336426,9.484087944030762,9.522214889526367,9.510776901245118,9.480275344848632,9.505057907104492,9.554623031616213,9.573686408996585,9.5412784576416,9.527933979034424,9.52221508026123,9.529840469360352,9.517449188232424,9.440718698501588,9.418795728683472,9.40926399230957,9.40640444755554,9.400685405731199,9.473921044667561,9.47900463740031,9.48948958714803,9.497115008036296,9.510777187347411,9.38640292485555,9.365238253275553,9.3482115427653,9.329169782002767,9.308224201202393,36274180.0,34100560.0,33163000.0,33944940.0,32203460.0,31603740.0,29863870.0,28664630.0,28439850.0,29019070.0,31914175.0,31004425.0,30930600.0,30879310.0,30581325.0,32218400.0,32254920.0,32173523.33333333,32920860.0,33238803.33333333,37530660.0,37326406.66666666,37524973.333333336,37612986.66666666,37793378.333333336,1
2019-07-01,9.855826370378896,9.941612237315454,9.598468769569235,9.674722671508787,38452600,0,9.594656372070313,9.574639701843262,9.500292110443118,9.464071559906008,9.422942097981773,36275980.0,35110460.0,31329525.0,32509793.33333333,37194951.66666666,9.750977516174316,9.722381591796877,9.445960998535156,9.379239082336426,9.484087944030762,9.556529426574707,9.510776901245118,9.480275344848632,9.505057907104492,9.554623031616213,9.565107917785644,9.5412784576416,9.527933979034424,9.52221508026123,9.529840469360352,9.474556398391725,9.440718698501588,9.418795728683472,9.40926399230957,9.40640444755554,9.468519751230877,9.473921044667561,9.47900463740031,9.48948958714803,9.497115008036296,9.406167920430502,9.38640292485555,9.365238253275553,9.3482115427653,9.329169782002767,34203700.0,36274180.0,34100560.0,33163000.0,33944940.0,33203580.0,31603740.0,29863870.0,28664630.0,28439850.0,31379235.0,31914175.0,31004425.0,30930600.0,30879310.0,32380220.0,32218400.0,32254920.0,32173523.33333333,32920860.0,37212126.66666666,37530660.0,37326406.66666666,37524973.333333336,37612986.66666666,0
2019-07-02,9.674723643325098,9.731914530033642,9.569874744880797,9.64612865447998,29708000,1,9.648034286499023,9.576546096801758,9.509823894500732,9.458987998962405,9.439083369572957,36481180.0,34822090.0,30948720.0,32515530.0,37059173.333333336,9.674722671508787,9.750977516174316,9.722381591796877,9.445960998535156,9.379239082336426,9.594656372070313,9.556529426574707,9.510776901245118,9.480275344848632,9.505057907104492,9.574639701843262,9.565107917785644,9.5412784576416,9.527933979034424,9.52221508026123,9.500292110443118,9.474556398391725,9.440718698501588,9.418795728683472,9.40926399230957,9.464071559906008,9.468519751230877,9.473921044667561,9.47900463740031,9.48948958714803,9.422942097981773,9.406167920430502,9.38640292485555,9.365238253275553,9.3482115427653,36275980.0,34203700.0,36274180.0,34100560.0,33163000.0,35110460.0,33203580.0,31603740.0,29863870.0,28664630.0,31329525.0,31379235.0,31914175.0,31004425.0,30930600.0,32509793.33333333,32380220.0,32218400.0,32254920.0,32173523.33333333,37194951.66666666,37212126.66666666,37530660.0,37326406.66666666,37524973.333333336,1
2019-07-03,9.703318570812618,9.817699423772792,9.65565965482466,9.722381591796877,19326600,0,9.703318405151368,9.591796875,9.529840564727783,9.457717068990071,9.455713748931883,33598680.0,33849620.0,29791810.0,32156440.0,36944265.0,9.64612865447998,9.674722671508787,9.750977516174316,9.722381591796877,9.445960998535156,9.648034286499023,9.594656372070313,9.556529426574707,9.510776901245118,9.480275344848632,9.576546096801758,9.574639701843262,9.565107917785644,9.5412784576416,9.527933979034424,9.509823894500732,9.500292110443118,9.474556398391725,9.440718698501588,9.418795728683472,9.458987998962405,9.464071559906008,9.468519751230877,9.473921044667561,9.47900463740031,9.439083369572957,9.422942097981773,9.406167920430502,9.38640292485555,9.365238253275553,36481180.0,36275980.0,34203700.0,36274180.0,34100560.0,34822090.0,35110460.0,33203580.0,31603740.0,29863870.0,30948720.0,31329525.0,31379235.0,31914175.0,31004425.0,32515530.0,32509793.33333333,32380220.0,32218400.0,32254920.0,37059173.333333336,37194951.66666666,37212126.66666666,37530660.0,37326406.66666666,1
2019-07-05,9.703318570812618,9.789104437787305,9.617532703837936,9.722381591796877,21397900,0,9.703318405151368,9.607047653198242,9.551286935806273,9.465024725596109,9.473751306533812,29287340.0,32780760.0,29447150.0,31156130.0,36802911.66666666,9.722381591796877,9.64612865447998,9.674722671508787,9.750977516174316,9.722381591796877,9.703318405151368,9.648034286499023,9.594656372070313,9.556529426574707,9.510776901245118,9.591796875,9.576546096801758,9.574639701843262,9.565107917785644,9.5412784576416,9.529840564727783,9.509823894500732,9.500292110443118,9.474556398391725,9.440718698501588,9.457717068990071,9.458987998962405,9.464071559906008,9.468519751230877,9.473921044667561,9.455713748931883,9.439083369572957,9.422942097981773,9.406167920430502,9.38640292485555,33598680.0,36481180.0,36275980.0,34203700.0,36274180.0,33849620.0,34822090.0,35110460.0,33203580.0,31603740.0,29791810.0,30948720.0,31329525.0,31379235.0,31914175.0,32156440.0,32515530.0,32509793.33333333,32380220.0,32218400.0,36944265.0,37059173.333333336,37194951.66666666,37212126.66666666,37530660.0,1
2019-07-08,9.722381591796873,9.77957247278607,9.703318570812618,9.722381591796877,23244100,0,9.697599220275881,9.627064323425293,9.572256755828855,9.476145044962566,9.489912621180217,26425840.0,30314770.0,29666920.0,30492473.33333333,36715821.66666666,9.722381591796877,9.722381591796877,9.64612865447998,9.674722671508787,9.750977516174316,9.703318405151368,9.703318405151368,9.648034286499023,9.594656372070313,9.556529426574707,9.607047653198242,9.591796875,9.576546096801758,9.574639701843262,9.565107917785644,9.551286935806273,9.529840564727783,9.509823894500732,9.500292110443118,9.474556398391725,9.465024725596109,9.457717068990071,9.458987998962405,9.464071559906008,9.468519751230877,9.473751306533812,9.455713748931883,9.439083369572957,9.422942097981773,9.406167920430502,29287340.0,33598680.0,36481180.0,36275980.0,34203700.0,32780760.0,33849620.0,34822090.0,35110460.0,33203580.0,29447150.0,29791810.0,30948720.0,31329525.0,31379235.0,31156130.0,32156440.0,32515530.0,32509793.33333333,32380220.0,36802911.66666666,36944265.0,37059173.333333336,37194951.66666666,37212126.66666666,0
2019-07-09,9.693787592962352,9.71285061588786,9.627065649195618,9.66519260406494,25140600,0,9.695693206787107,9.645174789428713,9.587507629394533,9.485994561513264,9.50418267250061,23763440.0,30019710.0,29229780.0,30592776.66666667,36693363.333333336,9.722381591796877,9.722381591796877,9.722381591796877,9.64612865447998,9.674722671508787,9.697599220275881,9.703318405151368,9.703318405151368,9.648034286499023,9.594656372070313,9.627064323425293,9.607047653198242,9.591796875,9.576546096801758,9.574639701843262,9.572256755828855,9.551286935806273,9.529840564727783,9.509823894500732,9.500292110443118,9.476145044962566,9.465024725596109,9.457717068990071,9.458987998962405,9.464071559906008,9.489912621180217,9.473751306533812,9.455713748931883,9.439083369572957,9.422942097981773,26425840.0,29287340.0,33598680.0,36481180.0,36275980.0,30314770.0,32780760.0,33849620.0,34822090.0,35110460.0,29666920.0,29447150.0,29791810.0,30948720.0,31329525.0,30492473.33333333,31156130.0,32156440.0,32515530.0,32509793.33333333,36715821.66666666,36802911.66666666,36944265.0,37059173.333333336,37194951.66666666,1
2019-07-10,9.712849627996055,9.779572473994731,9.636595726013184,9.636595726013184,29082200,1,9.69378662109375,9.670910453796386,9.596562767028805,9.496479479471843,9.517037995656331,23638280.0,30059730.0,29362180.0,30640310.0,36533966.66666666,9.66519260406494,9.722381591796877,9.722381591796877,9.722381591796877,9.64612865447998,9.695693206787107,9.697599220275881,9.703318405151368,9.703318405151368,9.648034286499023,9.645174789428713,9.627064323425293,9.607047653198242,9.591796875,9.576546096801758,9.587507629394533,9.572256755828855,9.551286935806273,9.529840564727783,9.509823894500732,9.485994561513264,9.476145044962566,9.465024725596109,9.457717068990071,9.458987998962405,9.50418267250061,9.489912621180217,9.473751306533812,9.455713748931883,9.439083369572957,23763440.0,26425840.0,29287340.0,33598680.0,36481180.0,30019710.0,30314770.0,32780760.0,33849620.0,34822090.0,29229780.0,29666920.0,29447150.0,29791810.0,30948720.0,30592776.66666667,30492473.33333333,31156130.0,32156440.0,32515530.0,36693363.333333336,36715821.66666666,36802911.66666666,36944265.0,37059173.333333336,1
2019-07-11,9.674723615986855,9.72238253660625,9.636596661295,9.712850570678713,27667500,1,9.691880416870116,9.697599411010742,9.612766695022582,9.511730289459226,9.533040459950763,25306460.0,29452570.0,29658220.0,30487140.0,36308313.333333336,9.636595726013184,9.66519260406494,9.722381591796877,9.722381591796877,9.722381591796877,9.69378662109375,9.695693206787107,9.697599220275881,9.703318405151368,9.703318405151368,9.670910453796386,9.645174789428713,9.627064323425293,9.607047653198242,9.591796875,9.596562767028805,9.587507629394533,9.572256755828855,9.551286935806273,9.529840564727783,9.496479479471843,9.485994561513264,9.476145044962566,9.465024725596109,9.457717068990071,9.517037995656331,9.50418267250061,9.489912621180217,9.473751306533812,9.455713748931883,23638280.0,23763440.0,26425840.0,29287340.0,33598680.0,30059730.0,30019710.0,30314770.0,32780760.0,33849620.0,29362180.0,29229780.0,29666920.0,29447150.0,29791810.0,30640310.0,30592776.66666667,30492473.33333333,31156130.0,32156440.0,36533966.66666666,36693363.333333336,36715821.66666666,36802911.66666666,36944265.0,1
2019-07-12,9.760508514819724,10.00833415003252,9.760508514819724,9.998802185058594,40761600,0,9.747164535522463,9.725241470336917,9.633259963989255,9.535559622446696,9.553339735666912,29179200.0,29233270.0,30418505.0,31020540.0,36305173.333333336,9.712850570678713,9.636595726013184,9.66519260406494,9.722381591796877,9.722381591796877,9.691880416870116,9.69378662109375,9.695693206787107,9.697599220275881,9.703318405151368,9.697599411010742,9.670910453796386,9.645174789428713,9.627064323425293,9.607047653198242,9.612766695022582,9.596562767028805,9.587507629394533,9.572256755828855,9.551286935806273,9.511730289459226,9.496479479471843,9.485994561513264,9.476145044962566,9.465024725596109,9.533040459950763,9.517037995656331,9.50418267250061,9.489912621180217,9.473751306533812,25306460.0,23638280.0,23763440.0,26425840.0,29287340.0,29452570.0,30059730.0,30019710.0,30314770.0,32780760.0,29658220.0,29362180.0,29229780.0,29666920.0,29447150.0,30487140.0,30640310.0,30592776.66666667,30492473.33333333,31156130.0,36308313.333333336,36533966.66666666,36693363.333333336,36715821.66666666,36802911.66666666,1
2019-07-15,9.998802205779187,10.065525051716724,9.855826366946859,9.932080268859863,33753500,1,9.789104270935061,9.743351745605471,9.654229831695556,9.564154847462973,9.570338010787962,31281080.0,28853460.0,31028520.0,30537310.0,36356260.0,9.998802185058594,9.712850570678713,9.636595726013184,9.66519260406494,9.722381591796877,9.747164535522463,9.691880416870116,9.69378662109375,9.695693206787107,9.697599220275881,9.725241470336917,9.697599411010742,9.670910453796386,9.645174789428713,9.627064323425293,9.633259963989255,9.612766695022582,9.596562767028805,9.587507629394533,9.572256755828855,9.535559622446696,9.511730289459226,9.496479479471843,9.485994561513264,9.476145044962566,9.553339735666912,9.533040459950763,9.517037995656331,9.50418267250061,9.489912621180217,29179200.0,25306460.0,23638280.0,23763440.0,26425840.0,29233270.0,29452570.0,30059730.0,30019710.0,30314770.0,30418505.0,29658220.0,29362180.0,29229780.0,29666920.0,31020540.0,30487140.0,30640310.0,30592776.66666667,30492473.33333333,36305173.333333336,36308313.333333336,36533966.66666666,36693363.333333336,36715821.66666666,1
2019-07-16,9.88442135180165,10.017866134643556,9.808167449897194,10.017866134643556,29530500,0,9.859638977050784,9.777666091918944,9.676152896881103,9.592750104268392,9.587984275817869,32159060.0,27961250.0,31535855.0,30206766.66666667,36351051.66666666,9.932080268859863,9.998802185058594,9.712850570678713,9.636595726013184,9.66519260406494,9.789104270935061,9.747164535522463,9.691880416870116,9.69378662109375,9.695693206787107,9.743351745605471,9.725241470336917,9.697599411010742,9.670910453796386,9.645174789428713,9.654229831695556,9.633259963989255,9.612766695022582,9.596562767028805,9.587507629394533,9.564154847462973,9.535559622446696,9.511730289459226,9.496479479471843,9.485994561513264,9.570338010787962,9.553339735666912,9.533040459950763,9.517037995656331,9.50418267250061,31281080.0,29179200.0,25306460.0,23638280.0,23763440.0,28853460.0,29233270.0,29452570.0,30059730.0,30019710.0,31028520.0,30418505.0,29658220.0,29362180.0,29229780.0,30537310.0,31020540.0,30487140.0,30640310.0,30592776.66666667,36356260.0,36305173.333333336,36308313.333333336,36533966.66666666,36693363.333333336,1
2019-07-17,9.989270241924805,10.008334171914335,9.827231382104854,9.846294403076172,25204400,0,9.901578712463381,9.797682666778565,9.68711438179016,9.605776818593343,9.603552786509196,31383500.0,27510890.0,31166490.0,29802776.66666667,36125816.66666666,10.017866134643556,9.932080268859863,9.998802185058594,9.712850570678713,9.636595726013184,9.859638977050784,9.789104270935061,9.747164535522463,9.691880416870116,9.69378662109375,9.777666091918944,9.743351745605471,9.725241470336917,9.697599411010742,9.670910453796386,9.676152896881103,9.654229831695556,9.633259963989255,9.612766695022582,9.596562767028805,9.592750104268392,9.564154847462973,9.535559622446696,9.511730289459226,9.496479479471843,9.587984275817869,9.570338010787962,9.553339735666912,9.533040459950763,9.517037995656331,32159060.0,31281080.0,29179200.0,25306460.0,23638280.0,27961250.0,28853460.0,29233270.0,29452570.0,30059730.0,31535855.0,31028520.0,30418505.0,29658220.0,29362180.0,30206766.66666667,30537310.0,31020540.0,30487140.0,30640310.0,36351051.66666666,36356260.0,36305173.333333336,36308313.333333336,36533966.66666666,1
2019-07-18,9.8176994379191,9.827231402934071,9.703318584794117,9.77957248687744,25810600,0,9.914923095703122,9.803401756286624,9.697599315643313,9.621027628580727,9.615626335144043,31012120.0,28159290.0,31004455.0,29247636.66666667,35897765.0,9.846294403076172,10.017866134643556,9.932080268859863,9.998802185058594,9.712850570678713,9.901578712463381,9.859638977050784,9.789104270935061,9.747164535522463,9.691880416870116,9.797682666778565,9.777666091918944,9.743351745605471,9.725241470336917,9.697599411010742,9.68711438179016,9.676152896881103,9.654229831695556,9.633259963989255,9.612766695022582,9.605776818593343,9.592750104268392,9.564154847462973,9.535559622446696,9.511730289459226,9.603552786509196,9.587984275817869,9.570338010787962,9.553339735666912,9.533040459950763,31383500.0,32159060.0,31281080.0,29179200.0,25306460.0,27510890.0,27961250.0,28853460.0,29233270.0,29452570.0,31166490.0,31535855.0,31028520.0,30418505.0,29658220.0,29802776.66666667,30206766.66666667,30537310.0,31020540.0,30487140.0,36125816.66666666,36351051.66666666,36356260.0,36305173.333333336,36308313.333333336,1
2019-07-19,9.817699423772792,9.836762444757047,9.722381591796873,9.722381591796877,38505600,0,9.859638977050784,9.803401756286624,9.705224704742431,9.635325209299724,9.625634686152141,30560920.0,29870060.0,31325410.0,29588120.0,35876253.333333336,9.77957248687744,9.846294403076172,10.017866134643556,9.932080268859863,9.998802185058594,9.914923095703122,9.901578712463381,9.859638977050784,9.789104270935061,9.747164535522463,9.803401756286624,9.797682666778565,9.777666091918944,9.743351745605471,9.725241470336917,9.697599315643313,9.68711438179016,9.676152896881103,9.654229831695556,9.633259963989255,9.621027628580727,9.605776818593343,9.592750104268392,9.564154847462973,9.535559622446696,9.615626335144043,9.603552786509196,9.587984275817869,9.570338010787962,9.553339735666912,31012120.0,31383500.0,32159060.0,31281080.0,29179200.0,28159290.0,27510890.0,27961250.0,28853460.0,29233270.0,31004455.0,31166490.0,31535855.0,31028520.0,30418505.0,29247636.66666667,29802776.66666667,30206766.66666667,30537310.0,31020540.0,35897765.0,36125816.66666666,36351051.66666666,36356260.0,36305173.333333336,1
2019-07-22,9.799774127026676,9.838470137571685,9.674011862108976,9.693360328674316,36238600,1,9.811894989013672,9.800499629974363,9.71378197669983,9.64833771387736,9.637859996159873,31057940.0,31169510.0,30742140.0,30167783.33333333,35603618.333333336,9.722381591796877,9.77957248687744,9.846294403076172,10.017866134643556,9.932080268859863,9.859638977050784,9.914923095703122,9.901578712463381,9.859638977050784,9.789104270935061,9.803401756286624,9.803401756286624,9.797682666778565,9.777666091918944,9.743351745605471,9.705224704742431,9.697599315643313,9.68711438179016,9.676152896881103,9.654229831695556,9.635325209299724,9.621027628580727,9.605776818593343,9.592750104268392,9.564154847462973,9.625634686152141,9.615626335144043,9.603552786509196,9.587984275817869,9.570338010787962,30560920.0,31012120.0,31383500.0,32159060.0,31281080.0,29870060.0,28159290.0,27510890.0,27961250.0,28853460.0,31325410.0,31004455.0,31166490.0,31535855.0,31028520.0,29588120.0,29247636.66666667,29802776.66666667,30206766.66666667,30537310.0,35876253.333333336,35897765.0,36125816.66666666,36351051.66666666,36356260.0,0
2019-07-23,9.799774447175206,9.886840704392258,9.732056657155583,9.838470458984377,74624800,1,9.776015853881836,9.817827415466306,9.73150110244751,9.664280891418457,9.63645869890849,40076800.0,36117930.0,33068820.0,31525830.0,34245086.666666664,9.693360328674316,9.722381591796877,9.77957248687744,9.846294403076172,10.017866134643556,9.811894989013672,9.859638977050784,9.914923095703122,9.901578712463381,9.859638977050784,9.800499629974363,9.803401756286624,9.803401756286624,9.797682666778565,9.777666091918944,9.71378197669983,9.705224704742431,9.697599315643313,9.68711438179016,9.676152896881103,9.64833771387736,9.635325209299724,9.621027628580727,9.605776818593343,9.592750104268392,9.637859996159873,9.625634686152141,9.615626335144043,9.603552786509196,9.587984275817869,31057940.0,30560920.0,31012120.0,31383500.0,32159060.0,31169510.0,29870060.0,28159290.0,27510890.0,27961250.0,30742140.0,31325410.0,31004455.0,31166490.0,31535855.0,30167783.33333333,29588120.0,29247636.66666667,29802776.66666667,30206766.66666667,35603618.333333336,35876253.333333336,35897765.0,36125816.66666666,36351051.66666666,1
2019-07-24,9.848143905840232,10.012602173537475,9.809447897122393,9.993253707885742,61107500,0,9.80540771484375,9.853493213653564,9.762201833724976,9.68220624923706,9.639066886901855,47257420.0,39320460.0,34690095.0,32681606.66666667,34221870.0,9.838470458984377,9.693360328674316,9.722381591796877,9.77957248687744,9.846294403076172,9.776015853881836,9.811894989013672,9.859638977050784,9.914923095703122,9.901578712463381,9.817827415466306,9.800499629974363,9.803401756286624,9.803401756286624,9.797682666778565,9.73150110244751,9.71378197669983,9.705224704742431,9.697599315643313,9.68711438179016,9.664280891418457,9.64833771387736,9.635325209299724,9.621027628580727,9.605776818593343,9.63645869890849,9.637859996159873,9.625634686152141,9.615626335144043,9.603552786509196,40076800.0,31057940.0,30560920.0,31012120.0,31383500.0,36117930.0,31169510.0,29870060.0,28159290.0,27510890.0,33068820.0,30742140.0,31325410.0,31004455.0,31166490.0,31525830.0,30167783.33333333,29588120.0,29247636.66666667,29802776.66666667,34245086.666666664,35603618.333333336,35876253.333333336,35897765.0,36125816.66666666,0
2019-07-25,9.432161687293195,9.461183464930107,9.093570898715068,9.248355865478516,133898600,1,9.699164390563963,9.807043743133542,9.752321577072145,9.67752571105957,9.627194897333784,68875020.0,49943570.0,39698070.0,36420003.333333336,35685525.0,9.993253707885742,9.838470458984377,9.693360328674316,9.722381591796877,9.77957248687744,9.80540771484375,9.776015853881836,9.811894989013672,9.859638977050784,9.914923095703122,9.853493213653564,9.817827415466306,9.800499629974363,9.803401756286624,9.803401756286624,9.762201833724976,9.73150110244751,9.71378197669983,9.705224704742431,9.697599315643313,9.68220624923706,9.664280891418457,9.64833771387736,9.635325209299724,9.621027628580727,9.639066886901855,9.63645869890849,9.637859996159873,9.625634686152141,9.615626335144043,47257420.0,40076800.0,31057940.0,30560920.0,31012120.0,39320460.0,36117930.0,31169510.0,29870060.0,28159290.0,34690095.0,33068820.0,30742140.0,31325410.0,31004455.0,32681606.66666667,31525830.0,30167783.33333333,29588120.0,29247636.66666667,34221870.0,34245086.666666664,35603618.333333336,35876253.333333336,35897765.0,0
2019-07-26,9.267704171947349,9.335421966198275,9.199986377696417,9.25802993774414,47710200,1,9.606294059753418,9.7329665184021,9.729103994369506,9.666495482126873,9.617867072423302,70715940.0,50638430.0,39935850.0,37158480.0,35783936.666666664,9.248355865478516,9.993253707885742,9.838470458984377,9.693360328674316,9.722381591796877,9.699164390563963,9.80540771484375,9.776015853881836,9.811894989013672,9.859638977050784,9.807043743133542,9.853493213653564,9.817827415466306,9.800499629974363,9.803401756286624,9.752321577072145,9.762201833724976,9.73150110244751,9.71378197669983,9.705224704742431,9.67752571105957,9.68220624923706,9.664280891418457,9.64833771387736,9.635325209299724,9.627194897333784,9.639066886901855,9.63645869890849,9.637859996159873,9.625634686152141,68875020.0,47257420.0,40076800.0,31057940.0,30560920.0,49943570.0,39320460.0,36117930.0,31169510.0,29870060.0,39698070.0,34690095.0,33068820.0,30742140.0,31325410.0,36420003.333333336,32681606.66666667,31525830.0,30167783.33333333,29588120.0,35685525.0,34221870.0,34245086.666666664,35603618.333333336,35876253.333333336,0
2019-07-29,9.287052154541016,9.364444178946718,9.209660130135317,9.287052154541016,36487800,0,9.525032424926758,9.668463706970217,9.705907726287842,9.65897445678711,9.608387486139934,70765780.0,50911860.0,39882660.0,37656300.0,35816926.666666664,9.25802993774414,9.248355865478516,9.993253707885742,9.838470458984377,9.693360328674316,9.606294059753418,9.699164390563963,9.80540771484375,9.776015853881836,9.811894989013672,9.7329665184021,9.807043743133542,9.853493213653564,9.817827415466306,9.800499629974363,9.729103994369506,9.752321577072145,9.762201833724976,9.73150110244751,9.71378197669983,9.666495482126873,9.67752571105957,9.68220624923706,9.664280891418457,9.64833771387736,9.617867072423302,9.627194897333784,9.639066886901855,9.63645869890849,9.637859996159873,70715940.0,68875020.0,47257420.0,40076800.0,31057940.0,50638430.0,49943570.0,39320460.0,36117930.0,31169510.0,39935850.0,39698070.0,34690095.0,33068820.0,30742140.0,37158480.0,36420003.333333336,32681606.66666667,31525830.0,30167783.33333333,35783936.666666664,35685525.0,34221870.0,34245086.666666664,35603618.333333336,1
2019-07-30,9.24835602678916,9.267703571356005,9.170963080764702,9.23868179321289,36944700,0,9.40507469177246,9.590545272827148,9.684105682373048,9.647617022196453,9.596989711125694,63229760.0,51653280.0,39807265.0,38241663.333333336,35827818.333333336,9.287052154541016,9.25802993774414,9.248355865478516,9.993253707885742,9.838470458984377,9.525032424926758,9.606294059753418,9.699164390563963,9.80540771484375,9.776015853881836,9.668463706970217,9.7329665184021,9.807043743133542,9.853493213653564,9.817827415466306,9.705907726287842,9.729103994369506,9.752321577072145,9.762201833724976,9.73150110244751,9.65897445678711,9.666495482126873,9.67752571105957,9.68220624923706,9.664280891418457,9.608387486139934,9.617867072423302,9.627194897333784,9.639066886901855,9.63645869890849,70765780.0,70715940.0,68875020.0,47257420.0,40076800.0,50911860.0,50638430.0,49943570.0,39320460.0,36117930.0,39882660.0,39935850.0,39698070.0,34690095.0,33068820.0,37656300.0,37158480.0,36420003.333333336,32681606.66666667,31525830.0,35816926.666666664,35783936.666666664,35685525.0,34221870.0,34245086.666666664,1
2019-07-31,9.25802966175515,9.26770389566996,9.093571375546306,9.21933364868164,56715500,0,9.250290679931641,9.527849197387695,9.662765932083131,9.63402598698934,9.585904916127523,62351360.0,54804390.0,41157640.0,39045790.0,36295733.333333336,9.23868179321289,9.287052154541016,9.25802993774414,9.248355865478516,9.993253707885742,9.40507469177246,9.525032424926758,9.606294059753418,9.699164390563963,9.80540771484375,9.590545272827148,9.668463706970217,9.7329665184021,9.807043743133542,9.853493213653564,9.684105682373048,9.705907726287842,9.729103994369506,9.752321577072145,9.762201833724976,9.647617022196453,9.65897445678711,9.666495482126873,9.67752571105957,9.68220624923706,9.596989711125694,9.608387486139934,9.617867072423302,9.627194897333784,9.639066886901855,63229760.0,70765780.0,70715940.0,68875020.0,47257420.0,51653280.0,50911860.0,50638430.0,49943570.0,39320460.0,39807265.0,39882660.0,39935850.0,39698070.0,34690095.0,38241663.333333336,37656300.0,37158480.0,36420003.333333336,32681606.66666667,35827818.333333336,35816926.666666664,35783936.666666664,35685525.0,34221870.0,0
2019-08-01,9.219333575099323,9.27737805553918,8.977483264673738,9.006505966186523,58060800,0,9.20192070007324,9.450542545318603,9.626972150802613,9.615247058868409,9.571114126841227,47183800.0,58029410.0,43094350.0,40012773.333333336,36577505.0,9.21933364868164,9.23868179321289,9.287052154541016,9.25802993774414,9.248355865478516,9.250290679931641,9.40507469177246,9.525032424926758,9.606294059753418,9.699164390563963,9.527849197387695,9.590545272827148,9.668463706970217,9.7329665184021,9.807043743133542,9.662765932083131,9.684105682373048,9.705907726287842,9.729103994369506,9.752321577072145,9.63402598698934,9.647617022196453,9.65897445678711,9.666495482126873,9.67752571105957,9.585904916127523,9.596989711125694,9.608387486139934,9.617867072423302,9.627194897333784,62351360.0,63229760.0,70765780.0,70715940.0,68875020.0,54804390.0,51653280.0,50911860.0,50638430.0,49943570.0,41157640.0,39807265.0,39882660.0,39935850.0,39698070.0,39045790.0,38241663.333333336,37656300.0,37158480.0,36420003.333333336,36295733.333333336,35827818.333333336,35816926.666666664,35783936.666666664,35685525.0,1
2019-08-02,8.95813525163652,9.035527273123106,8.909765007560983,8.977482795715332,41495200,0,9.14581127166748,9.37605266571045,9.589727210998538,9.59550069173177,9.5564750512441,45940800.0,58328370.0,44099215.0,40326396.66666666,36711221.66666666,9.006505966186523,9.21933364868164,9.23868179321289,9.287052154541016,9.25802993774414,9.20192070007324,9.250290679931641,9.40507469177246,9.525032424926758,9.606294059753418,9.450542545318603,9.527849197387695,9.590545272827148,9.668463706970217,9.7329665184021,9.626972150802613,9.662765932083131,9.684105682373048,9.705907726287842,9.729103994369506,9.615247058868409,9.63402598698934,9.647617022196453,9.65897445678711,9.666495482126873,9.571114126841227,9.585904916127523,9.596989711125694,9.608387486139934,9.617867072423302,47183800.0,62351360.0,63229760.0,70765780.0,70715940.0,58029410.0,54804390.0,51653280.0,50911860.0,50638430.0,43094350.0,41157640.0,39807265.0,39882660.0,39935850.0,40012773.333333336,39045790.0,38241663.333333336,37656300.0,37158480.0,36577505.0,36295733.333333336,35827818.333333336,35816926.666666664,35783936.666666664,0
2019-08-05,8.880743113532501,8.967809367208021,8.764655082827026,8.929112434387207,47963400,1,9.074223327636721,9.299627876281738,9.550063753128052,9.575730609893801,9.543253898620604,48235920.0,59500850.0,45335180.0,40328376.66666666,36783590.0,8.977482795715332,9.006505966186523,9.21933364868164,9.23868179321289,9.287052154541016,9.14581127166748,9.20192070007324,9.250290679931641,9.40507469177246,9.525032424926758,9.37605266571045,9.450542545318603,9.527849197387695,9.590545272827148,9.668463706970217,9.589727210998538,9.626972150802613,9.662765932083131,9.684105682373048,9.705907726287842,9.59550069173177,9.615247058868409,9.63402598698934,9.647617022196453,9.65897445678711,9.5564750512441,9.571114126841227,9.585904916127523,9.596989711125694,9.608387486139934,45940800.0,47183800.0,62351360.0,63229760.0,70765780.0,58328370.0,58029410.0,54804390.0,51653280.0,50911860.0,44099215.0,43094350.0,41157640.0,39807265.0,39882660.0,40326396.66666666,40012773.333333336,39045790.0,38241663.333333336,37656300.0,36711221.66666666,36577505.0,36295733.333333336,35827818.333333336,35816926.666666664,1
2019-08-06,9.11291878212132,9.199985032043758,9.054874307977824,9.1709623336792,51856100,1,9.06067943572998,9.232877063751221,9.525352239608763,9.565293089548748,9.53120404879252,51218200.0,57223980.0,46670955.0,41120540.0,37020700.0,8.929112434387207,8.977482795715332,9.006505966186523,9.21933364868164,9.23868179321289,9.074223327636721,9.14581127166748,9.20192070007324,9.250290679931641,9.40507469177246,9.299627876281738,9.37605266571045,9.450542545318603,9.527849197387695,9.590545272827148,9.550063753128052,9.589727210998538,9.626972150802613,9.662765932083131,9.684105682373048,9.575730609893801,9.59550069173177,9.615247058868409,9.63402598698934,9.647617022196453,9.543253898620604,9.5564750512441,9.571114126841227,9.585904916127523,9.596989711125694,48235920.0,45940800.0,47183800.0,62351360.0,63229760.0,59500850.0,58328370.0,58029410.0,54804390.0,51653280.0,45335180.0,44099215.0,43094350.0,41157640.0,39807265.0,40328376.66666666,40326396.66666666,40012773.333333336,39045790.0,38241663.333333336,36783590.0,36711221.66666666,36577505.0,36295733.333333336,35827818.333333336,1
2019-08-07,9.12259407729073,9.248356350426068,9.016179349399282,9.21933364868164,43042400,1,9.06067943572998,9.155485057830813,9.504489135742187,9.55996290842692,9.524726247787477,48483580.0,55417470.0,47368965.0,41599220.0,36886371.66666666,9.1709623336792,8.929112434387207,8.977482795715332,9.006505966186523,9.21933364868164,9.06067943572998,9.074223327636721,9.14581127166748,9.20192070007324,9.250290679931641,9.232877063751221,9.299627876281738,9.37605266571045,9.450542545318603,9.527849197387695,9.525352239608763,9.550063753128052,9.589727210998538,9.626972150802613,9.662765932083131,9.565293089548748,9.575730609893801,9.59550069173177,9.615247058868409,9.63402598698934,9.53120404879252,9.543253898620604,9.5564750512441,9.571114126841227,9.585904916127523,51218200.0,48235920.0,45940800.0,47183800.0,62351360.0,57223980.0,59500850.0,58328370.0,58029410.0,54804390.0,46670955.0,45335180.0,44099215.0,43094350.0,41157640.0,41120540.0,40328376.66666666,40326396.66666666,40012773.333333336,39045790.0,37020700.0,36783590.0,36711221.66666666,36577505.0,36295733.333333336,1
2019-08-08,9.248355865478516,9.306399420752339,9.199985621026544,9.248355865478516,25469000,0,9.109049415588382,9.155485057830813,9.481264400482178,9.553376070658366,9.516190354029336,41965220.0,44574510.0,47259040.0,41323550.0,36789235.0,9.21933364868164,9.1709623336792,8.929112434387207,8.977482795715332,9.006505966186523,9.06067943572998,9.06067943572998,9.074223327636721,9.14581127166748,9.20192070007324,9.155485057830813,9.232877063751221,9.299627876281738,9.37605266571045,9.450542545318603,9.504489135742187,9.525352239608763,9.550063753128052,9.589727210998538,9.626972150802613,9.55996290842692,9.565293089548748,9.575730609893801,9.59550069173177,9.615247058868409,9.524726247787477,9.53120404879252,9.543253898620604,9.5564750512441,9.571114126841227,48483580.0,51218200.0,48235920.0,45940800.0,47183800.0,55417470.0,57223980.0,59500850.0,58328370.0,58029410.0,47368965.0,46670955.0,45335180.0,44099215.0,43094350.0,41599220.0,41120540.0,40328376.66666666,40326396.66666666,40012773.333333336,36886371.66666666,37020700.0,36783590.0,36711221.66666666,36577505.0,0
2019-08-09,9.229007325361527,9.267703336098624,9.08389751574383,9.14194107055664,38739700,0,9.14194107055664,9.14387617111206,9.43842134475708,9.534028053283693,9.503974548975627,41414120.0,43677460.0,47157945.0,41183053.333333336,36700726.66666666,9.248355865478516,9.21933364868164,9.1709623336792,8.929112434387207,8.977482795715332,9.109049415588382,9.06067943572998,9.06067943572998,9.074223327636721,9.14581127166748,9.155485057830813,9.155485057830813,9.232877063751221,9.299627876281738,9.37605266571045,9.481264400482178,9.504489135742187,9.525352239608763,9.550063753128052,9.589727210998538,9.553376070658366,9.55996290842692,9.565293089548748,9.575730609893801,9.59550069173177,9.516190354029336,9.524726247787477,9.53120404879252,9.543253898620604,9.5564750512441,41965220.0,48483580.0,51218200.0,48235920.0,45940800.0,44574510.0,55417470.0,57223980.0,59500850.0,58328370.0,47259040.0,47368965.0,46670955.0,45335180.0,44099215.0,41323550.0,41599220.0,41120540.0,40328376.66666666,40326396.66666666,36789235.0,36886371.66666666,37020700.0,36783590.0,36711221.66666666,1
2019-08-12,9.083897354398255,9.122593364448047,8.977482634822096,8.987156867980957,23050400,0,9.153549957275393,9.113886642456057,9.391175174713137,9.50856736501058,9.488543558120726,36431520.0,42333720.0,46622790.0,40699680.0,36539950.0,9.14194107055664,9.248355865478516,9.21933364868164,9.1709623336792,8.929112434387207,9.14194107055664,9.109049415588382,9.06067943572998,9.06067943572998,9.074223327636721,9.14387617111206,9.155485057830813,9.155485057830813,9.232877063751221,9.299627876281738,9.43842134475708,9.481264400482178,9.504489135742187,9.525352239608763,9.550063753128052,9.534028053283693,9.553376070658366,9.55996290842692,9.565293089548748,9.575730609893801,9.503974548975627,9.516190354029336,9.524726247787477,9.53120404879252,9.543253898620604,41414120.0,41965220.0,48483580.0,51218200.0,48235920.0,43677460.0,44574510.0,55417470.0,57223980.0,59500850.0,47157945.0,47259040.0,47368965.0,46670955.0,45335180.0,41183053.333333336,41323550.0,41599220.0,41120540.0,40328376.66666666,36700726.66666666,36789235.0,36886371.66666666,37020700.0,36783590.0,1
2019-08-13,8.987157383413788,9.112919653934755,8.880743580320221,8.958135604858398,28231500,0,9.110984611511233,9.085832023620606,9.338188648223877,9.484681129455566,9.474376344680786,31706600.0,41462400.0,46557840.0,40358976.66666666,36434385.0,8.987156867980957,9.14194107055664,9.248355865478516,9.21933364868164,9.1709623336792,9.153549957275393,9.14194107055664,9.109049415588382,9.06067943572998,9.06067943572998,9.113886642456057,9.14387617111206,9.155485057830813,9.155485057830813,9.232877063751221,9.391175174713137,9.43842134475708,9.481264400482178,9.504489135742187,9.525352239608763,9.50856736501058,9.534028053283693,9.553376070658366,9.55996290842692,9.565293089548748,9.488543558120726,9.503974548975627,9.516190354029336,9.524726247787477,9.53120404879252,36431520.0,41414120.0,41965220.0,48483580.0,51218200.0,42333720.0,43677460.0,44574510.0,55417470.0,57223980.0,46622790.0,47157945.0,47259040.0,47368965.0,46670955.0,40699680.0,41183053.333333336,41323550.0,41599220.0,41120540.0,36539950.0,36700726.66666666,36789235.0,36886371.66666666,37020700.0,0
2019-08-14,8.832372944598015,8.851720488585975,8.667914669064885,8.706610679626465,45967400,0,9.008440017700195,9.034559726715088,9.281204462051393,9.453363863627116,9.456175931294759,32291600.0,40387590.0,47595990.0,40900956.66666666,36708243.333333336,8.958135604858398,8.987156867980957,9.14194107055664,9.248355865478516,9.21933364868164,9.110984611511233,9.153549957275393,9.14194107055664,9.109049415588382,9.06067943572998,9.085832023620606,9.113886642456057,9.14387617111206,9.155485057830813,9.155485057830813,9.338188648223877,9.391175174713137,9.43842134475708,9.481264400482178,9.504489135742187,9.484681129455566,9.50856736501058,9.534028053283693,9.553376070658366,9.55996290842692,9.474376344680786,9.488543558120726,9.503974548975627,9.516190354029336,9.524726247787477,31706600.0,36431520.0,41414120.0,41965220.0,48483580.0,41462400.0,42333720.0,43677460.0,44574510.0,55417470.0,46557840.0,46622790.0,47157945.0,47259040.0,47368965.0,40358976.66666666,40699680.0,41183053.333333336,41323550.0,41599220.0,36434385.0,36539950.0,36700726.66666666,36789235.0,36886371.66666666,0
2019-08-15,8.764655606912742,8.764655606912742,8.493782596484031,8.571174621582031,40682800,1,8.873003768920901,8.991026592254636,9.220784568786618,9.414990297953288,9.43635368347168,35334360.0,38649790.0,48339600.0,41612830.0,36884635.0,8.706610679626465,8.958135604858398,8.987156867980957,9.14194107055664,9.248355865478516,9.008440017700195,9.110984611511233,9.153549957275393,9.14194107055664,9.109049415588382,9.034559726715088,9.085832023620606,9.113886642456057,9.14387617111206,9.155485057830813,9.281204462051393,9.338188648223877,9.391175174713137,9.43842134475708,9.481264400482178,9.453363863627116,9.484681129455566,9.50856736501058,9.534028053283693,9.553376070658366,9.456175931294759,9.474376344680786,9.488543558120726,9.503974548975627,9.516190354029336,32291600.0,31706600.0,36431520.0,41414120.0,41965220.0,40387590.0,41462400.0,42333720.0,43677460.0,44574510.0,47595990.0,46557840.0,46622790.0,47157945.0,47259040.0,40900956.66666666,40358976.66666666,40699680.0,41183053.333333336,41323550.0,36708243.333333336,36434385.0,36539950.0,36700726.66666666,36789235.0,0
2019-08-16,8.62921838124569,8.706610399882237,8.522804586266847,8.667914390563965,27369900,1,8.778198432922363,8.960069751739502,9.168061208724977,9.379841391245524,9.422433058420816,33060400.0,37237260.0,47782815.0,41811896.66666666,36484013.333333336,8.571174621582031,8.706610679626465,8.958135604858398,8.987156867980957,9.14194107055664,8.873003768920901,9.008440017700195,9.110984611511233,9.153549957275393,9.14194107055664,8.991026592254636,9.034559726715088,9.085832023620606,9.113886642456057,9.14387617111206,9.220784568786618,9.281204462051393,9.338188648223877,9.391175174713137,9.43842134475708,9.414990297953288,9.453363863627116,9.484681129455566,9.50856736501058,9.534028053283693,9.43635368347168,9.456175931294759,9.474376344680786,9.488543558120726,9.503974548975627,35334360.0,32291600.0,31706600.0,36431520.0,41414120.0,38649790.0,40387590.0,41462400.0,42333720.0,43677460.0,48339600.0,47595990.0,46557840.0,46622790.0,47157945.0,41612830.0,40900956.66666666,40358976.66666666,40699680.0,41183053.333333336,36884635.0,36708243.333333336,36434385.0,36539950.0,36700726.66666666,0
2019-08-19,8.754980408183856,8.803350649185324,8.72595863261722,8.735631942749022,21844000,0,8.727893447875976,8.940721702575681,9.120174789428713,9.346949736277262,9.411547390619914,32819120.0,34625320.0,47063085.0,41765226.66666666,36128850.0,8.667914390563965,8.571174621582031,8.706610679626465,8.958135604858398,8.987156867980957,8.778198432922363,8.873003768920901,9.008440017700195,9.110984611511233,9.153549957275393,8.960069751739502,8.991026592254636,9.034559726715088,9.085832023620606,9.113886642456057,9.168061208724977,9.220784568786618,9.281204462051393,9.338188648223877,9.391175174713137,9.379841391245524,9.414990297953288,9.453363863627116,9.484681129455566,9.50856736501058,9.422433058420816,9.43635368347168,9.456175931294759,9.474376344680786,9.488543558120726,33060400.0,35334360.0,32291600.0,31706600.0,36431520.0,37237260.0,38649790.0,40387590.0,41462400.0,42333720.0,47782815.0,48339600.0,47595990.0,46557840.0,46622790.0,41811896.66666666,41612830.0,40900956.66666666,40358976.66666666,40699680.0,36484013.333333336,36884635.0,36708243.333333336,36434385.0,36539950.0,0
2019-08-20,8.706610399882237,8.774328185542808,8.638892614221668,8.667914390563965,25108600,1,8.66984920501709,8.89041690826416,9.061646986007693,9.313707129160564,9.399850845336914,32194540.0,31950570.0,44587275.0,41764160.0,36178468.333333336,8.735631942749022,8.667914390563965,8.571174621582031,8.706610679626465,8.958135604858398,8.727893447875976,8.778198432922363,8.873003768920901,9.008440017700195,9.110984611511233,8.940721702575681,8.960069751739502,8.991026592254636,9.034559726715088,9.085832023620606,9.120174789428713,9.168061208724977,9.220784568786618,9.281204462051393,9.338188648223877,9.346949736277262,9.379841391245524,9.414990297953288,9.453363863627116,9.484681129455566,9.411547390619914,9.422433058420816,9.43635368347168,9.456175931294759,9.474376344680786,32819120.0,33060400.0,35334360.0,32291600.0,31706600.0,34625320.0,37237260.0,38649790.0,40387590.0,41462400.0,47063085.0,47782815.0,48339600.0,47595990.0,46557840.0,41765226.66666666,41811896.66666666,41612830.0,40900956.66666666,40358976.66666666,36128850.0,36484013.333333336,36884635.0,36708243.333333336,36434385.0,0
2019-08-21,8.725959424084872,8.75498120228386,8.677589178696092,8.745306968688965,20434800,0,8.67758846282959,8.843014240264893,8.999249649047849,9.283997503916423,9.390238491694133,27088020.0,29689810.0,42553640.0,41475913.333333336,36058111.66666666,8.667914390563965,8.735631942749022,8.667914390563965,8.571174621582031,8.706610679626465,8.66984920501709,8.727893447875976,8.778198432922363,8.873003768920901,9.008440017700195,8.89041690826416,8.940721702575681,8.960069751739502,8.991026592254636,9.034559726715088,9.061646986007693,9.120174789428713,9.168061208724977,9.220784568786618,9.281204462051393,9.313707129160564,9.346949736277262,9.379841391245524,9.414990297953288,9.453363863627116,9.399850845336914,9.411547390619914,9.422433058420816,9.43635368347168,9.456175931294759,32194540.0,32819120.0,33060400.0,35334360.0,32291600.0,31950570.0,34625320.0,37237260.0,38649790.0,40387590.0,44587275.0,47063085.0,47782815.0,48339600.0,47595990.0,41764160.0,41765226.66666666,41811896.66666666,41612830.0,40900956.66666666,36178468.333333336,36128850.0,36484013.333333336,36884635.0,36708243.333333336,0
2019-08-22,8.75498120228386,8.842047459466523,8.725959424084872,8.745306968688965,20974700,0,8.712414932250976,8.792709350585938,8.974097204208373,9.251746050516765,9.381738169987996,23146400.0,29240380.0,36907445.0,41252820.0,35869980.0,8.745306968688965,8.667914390563965,8.735631942749022,8.667914390563965,8.571174621582031,8.67758846282959,8.66984920501709,8.727893447875976,8.778198432922363,8.873003768920901,8.843014240264893,8.89041690826416,8.940721702575681,8.960069751739502,8.991026592254636,8.999249649047849,9.061646986007693,9.120174789428713,9.168061208724977,9.220784568786618,9.283997503916423,9.313707129160564,9.346949736277262,9.379841391245524,9.414990297953288,9.390238491694133,9.399850845336914,9.411547390619914,9.422433058420816,9.43635368347168,27088020.0,32194540.0,32819120.0,33060400.0,35334360.0,29689810.0,31950570.0,34625320.0,37237260.0,38649790.0,42553640.0,44587275.0,47063085.0,47782815.0,48339600.0,41475913.333333336,41764160.0,41765226.66666666,41811896.66666666,41612830.0,36058111.66666666,36178468.333333336,36128850.0,36484013.333333336,36884635.0,0
2019-08-23,8.609870268368116,8.696936523551063,8.445411991374925,8.484108924865723,44982300,1,8.675653839111327,8.726926136016846,8.935401153564452,9.201256275177002,9.368407948811848,26668880.0,29864640.0,36771050.0,41393510.0,36207025.0,8.745306968688965,8.745306968688965,8.667914390563965,8.735631942749022,8.667914390563965,8.712414932250976,8.67758846282959,8.66984920501709,8.727893447875976,8.778198432922363,8.792709350585938,8.843014240264893,8.89041690826416,8.940721702575681,8.960069751739502,8.974097204208373,8.999249649047849,9.061646986007693,9.120174789428713,9.168061208724977,9.251746050516765,9.283997503916423,9.313707129160564,9.346949736277262,9.379841391245524,9.381738169987996,9.390238491694133,9.399850845336914,9.411547390619914,9.422433058420816,23146400.0,27088020.0,32194540.0,32819120.0,33060400.0,29240380.0,29689810.0,31950570.0,34625320.0,37237260.0,36907445.0,42553640.0,44587275.0,47063085.0,47782815.0,41252820.0,41475913.333333336,41764160.0,41765226.66666666,41811896.66666666,35869980.0,36058111.66666666,36178468.333333336,36128850.0,36484013.333333336,0
2019-08-26,8.59052281075483,8.619544588579638,8.503456554694722,8.532478332519531,31888200,0,8.63502311706543,8.681458282470704,8.897672462463381,9.154602877298991,9.359378862380982,28677720.0,30748420.0,36541070.0,41331333.333333336,35934321.666666664,8.484108924865723,8.745306968688965,8.745306968688965,8.667914390563965,8.735631942749022,8.675653839111327,8.712414932250976,8.67758846282959,8.66984920501709,8.727893447875976,8.726926136016846,8.792709350585938,8.843014240264893,8.89041690826416,8.940721702575681,8.935401153564452,8.974097204208373,8.999249649047849,9.061646986007693,9.120174789428713,9.201256275177002,9.251746050516765,9.283997503916423,9.313707129160564,9.346949736277262,9.368407948811848,9.381738169987996,9.390238491694133,9.399850845336914,9.411547390619914,26668880.0,23146400.0,27088020.0,32194540.0,32819120.0,29864640.0,29240380.0,29689810.0,31950570.0,34625320.0,36771050.0,36907445.0,42553640.0,44587275.0,47063085.0,41393510.0,41252820.0,41475913.333333336,41764160.0,41765226.66666666,36207025.0,35869980.0,36058111.66666666,36178468.333333336,36128850.0,0
2019-08-27,8.600197121079027,8.619544665606568,8.464760619043481,8.474434852600098,23024400,1,8.596327209472657,8.633088207244873,8.859460115432741,9.103155167897542,9.347952636082967,28260880.0,30227710.0,35845055.0,41114463.333333336,35660615.0,8.532478332519531,8.484108924865723,8.745306968688965,8.745306968688965,8.667914390563965,8.63502311706543,8.675653839111327,8.712414932250976,8.67758846282959,8.66984920501709,8.681458282470704,8.726926136016846,8.792709350585938,8.843014240264893,8.89041690826416,8.897672462463381,8.935401153564452,8.974097204208373,8.999249649047849,9.061646986007693,9.154602877298991,9.201256275177002,9.251746050516765,9.283997503916423,9.313707129160564,9.359378862380982,9.368407948811848,9.381738169987996,9.390238491694133,9.399850845336914,28677720.0,26668880.0,23146400.0,27088020.0,32194540.0,30748420.0,29864640.0,29240380.0,29689810.0,31950570.0,36541070.0,36771050.0,36907445.0,42553640.0,44587275.0,41331333.333333336,41393510.0,41252820.0,41475913.333333336,41764160.0,35934321.666666664,36207025.0,35869980.0,36058111.66666666,36178468.333333336,0
2019-08-28,8.435738605695406,8.745306690188045,8.416390139121782,8.706610679626465,35147300,1,8.588587951660156,8.633088207244873,8.833823966979981,9.065165710449216,9.33547126452128,31203380.0,29145700.0,34766645.0,41445893.333333336,35624335.0,8.474434852600098,8.532478332519531,8.484108924865723,8.745306968688965,8.745306968688965,8.596327209472657,8.63502311706543,8.675653839111327,8.712414932250976,8.67758846282959,8.633088207244873,8.681458282470704,8.726926136016846,8.792709350585938,8.843014240264893,8.859460115432741,8.897672462463381,8.935401153564452,8.974097204208373,8.999249649047849,9.103155167897542,9.154602877298991,9.201256275177002,9.251746050516765,9.283997503916423,9.347952636082967,9.359378862380982,9.368407948811848,9.381738169987996,9.390238491694133,28260880.0,28677720.0,26668880.0,23146400.0,27088020.0,30227710.0,30748420.0,29864640.0,29240380.0,29689810.0,35845055.0,36541070.0,36771050.0,36907445.0,42553640.0,41114463.333333336,41331333.333333336,41393510.0,41252820.0,41475913.333333336,35660615.0,35934321.666666664,36207025.0,35869980.0,36058111.66666666,1
2019-08-29,8.803352000993812,8.842048015219873,8.735633284158888,8.822699546813965,22011000,1,8.604066467285156,8.658240699768067,8.824633646011351,9.033269945780436,9.327148787180583,31410640.0,27278520.0,32964155.0,41319240.0,35283438.333333336,8.706610679626465,8.474434852600098,8.532478332519531,8.484108924865723,8.745306968688965,8.588587951660156,8.596327209472657,8.63502311706543,8.675653839111327,8.712414932250976,8.633088207244873,8.633088207244873,8.681458282470704,8.726926136016846,8.792709350585938,8.833823966979981,8.859460115432741,8.897672462463381,8.935401153564452,8.974097204208373,9.065165710449216,9.103155167897542,9.154602877298991,9.201256275177002,9.251746050516765,9.33547126452128,9.347952636082967,9.359378862380982,9.368407948811848,9.381738169987996,31203380.0,28260880.0,28677720.0,26668880.0,23146400.0,29145700.0,30227710.0,30748420.0,29864640.0,29240380.0,34766645.0,35845055.0,36541070.0,36771050.0,36907445.0,41445893.333333336,41114463.333333336,41331333.333333336,41393510.0,41252820.0,35624335.0,35660615.0,35934321.666666664,36207025.0,35869980.0,1
2019-08-30,8.861394721181718,8.929112509012784,8.803351166636705,8.871068954467773,32057900,0,8.681458473205566,8.678556156158447,8.819312953948975,9.004892857869466,9.320109033584595,28825760.0,27747320.0,32492290.0,41104316.66666666,35346218.333333336,8.822699546813965,8.706610679626465,8.474434852600098,8.532478332519531,8.484108924865723,8.604066467285156,8.588587951660156,8.596327209472657,8.63502311706543,8.675653839111327,8.658240699768067,8.633088207244873,8.633088207244873,8.681458282470704,8.726926136016846,8.824633646011351,8.833823966979981,8.859460115432741,8.897672462463381,8.935401153564452,9.033269945780436,9.065165710449216,9.103155167897542,9.154602877298991,9.201256275177002,9.327148787180583,9.33547126452128,9.347952636082967,9.359378862380982,9.368407948811848,31410640.0,31203380.0,28260880.0,28677720.0,26668880.0,27278520.0,29145700.0,30227710.0,30748420.0,29864640.0,32964155.0,34766645.0,35845055.0,36541070.0,36771050.0,41319240.0,41445893.333333336,41114463.333333336,41331333.333333336,41393510.0,35283438.333333336,35624335.0,35660615.0,35934321.666666664,36207025.0,1
2019-09-03,8.880743425471449,8.900090969975789,8.745306923598317,8.803351402282715,26331000,1,8.735633087158202,8.685328102111816,8.81302490234375,8.975225893656413,9.311781803766888,27714320.0,28196020.0,31410670.0,40774063.333333336,35470923.333333336,8.871068954467773,8.822699546813965,8.706610679626465,8.474434852600098,8.532478332519531,8.681458473205566,8.604066467285156,8.588587951660156,8.596327209472657,8.63502311706543,8.678556156158447,8.658240699768067,8.633088207244873,8.633088207244873,8.681458282470704,8.819312953948975,8.824633646011351,8.833823966979981,8.859460115432741,8.897672462463381,9.004892857869466,9.033269945780436,9.065165710449216,9.103155167897542,9.154602877298991,9.320109033584595,9.327148787180583,9.33547126452128,9.347952636082967,9.359378862380982,28825760.0,31410640.0,31203380.0,28260880.0,28677720.0,27747320.0,27278520.0,29145700.0,30227710.0,30748420.0,32492290.0,32964155.0,34766645.0,35845055.0,36541070.0,41104316.66666666,41319240.0,41445893.333333336,41114463.333333336,41331333.333333336,35346218.333333336,35283438.333333336,35624335.0,35660615.0,35934321.666666664,0
2019-09-04,8.871069392558924,8.929112949970373,8.774328900092229,8.900091171264648,27406400,1,8.820764350891114,8.708545780181884,8.799481344223024,8.943946584065754,9.304113737742107,28590720.0,28425800.0,30188185.0,39200116.66666666,35362973.333333336,8.803351402282715,8.871068954467773,8.822699546813965,8.706610679626465,8.474434852600098,8.735633087158202,8.681458473205566,8.604066467285156,8.588587951660156,8.596327209472657,8.685328102111816,8.678556156158447,8.658240699768067,8.633088207244873,8.633088207244873,8.81302490234375,8.819312953948975,8.824633646011351,8.833823966979981,8.859460115432741,8.975225893656413,9.004892857869466,9.033269945780436,9.065165710449216,9.103155167897542,9.311781803766888,9.320109033584595,9.327148787180583,9.33547126452128,9.347952636082967,27714320.0,28825760.0,31410640.0,31203380.0,28260880.0,28196020.0,27747320.0,27278520.0,29145700.0,30227710.0,31410670.0,32492290.0,32964155.0,34766645.0,35845055.0,40774063.333333336,41104316.66666666,41319240.0,41445893.333333336,41114463.333333336,35470923.333333336,35346218.333333336,35283438.333333336,35624335.0,35660615.0,1
2019-09-05,8.948460974912443,9.09357078384973,8.948460974912443,9.035527229309082,36626800,0,8.886547660827636,8.737567806243897,8.790291023254394,8.912022368113199,9.29711430867513,28886620.0,30045000.0,29867405.0,38384093.333333336,35532850.0,8.900091171264648,8.803351402282715,8.871068954467773,8.822699546813965,8.706610679626465,8.820764350891114,8.735633087158202,8.681458473205566,8.604066467285156,8.588587951660156,8.708545780181884,8.685328102111816,8.678556156158447,8.658240699768067,8.633088207244873,8.799481344223024,8.81302490234375,8.819312953948975,8.824633646011351,8.833823966979981,8.943946584065754,8.975225893656413,9.004892857869466,9.033269945780436,9.065165710449216,9.304113737742107,9.311781803766888,9.320109033584595,9.327148787180583,9.33547126452128,28590720.0,27714320.0,28825760.0,31410640.0,31203380.0,28425800.0,28196020.0,27747320.0,27278520.0,29145700.0,30188185.0,31410670.0,32492290.0,32964155.0,34766645.0,39200116.66666666,40774063.333333336,41104316.66666666,41319240.0,41445893.333333336,35362973.333333336,35470923.333333336,35346218.333333336,35283438.333333336,35624335.0,1
2019-09-06,9.064549006579409,9.10324501713506,8.900090731071463,9.035527229309082,29210100,1,8.92911319732666,8.766589832305907,8.779649591445922,8.904928080240886,9.291226895650228,30326440.0,30868540.0,30054460.0,34894476.666666664,35657240.0,9.035527229309082,8.900091171264648,8.803351402282715,8.871068954467773,8.822699546813965,8.886547660827636,8.820764350891114,8.735633087158202,8.681458473205566,8.604066467285156,8.737567806243897,8.708545780181884,8.685328102111816,8.678556156158447,8.658240699768067,8.790291023254394,8.799481344223024,8.81302490234375,8.819312953948975,8.824633646011351,8.912022368113199,8.943946584065754,8.975225893656413,9.004892857869466,9.033269945780436,9.29711430867513,9.304113737742107,9.311781803766888,9.320109033584595,9.327148787180583,28886620.0,28590720.0,27714320.0,28825760.0,31410640.0,30045000.0,28425800.0,28196020.0,27747320.0,27278520.0,29867405.0,30188185.0,31410670.0,32492290.0,32964155.0,38384093.333333336,39200116.66666666,40774063.333333336,41104316.66666666,41319240.0,35532850.0,35362973.333333336,35470923.333333336,35346218.333333336,35283438.333333336,0
2019-09-09,9.083897905109684,9.335421524389114,9.083897905109684,9.229007720947266,48059400,0,9.000700950622559,8.841079711914062,8.784002923965454,8.903960673014323,9.285228077570595,33526740.0,31176250.0,30520445.0,34906116.666666664,36032298.333333336,9.035527229309082,9.035527229309082,8.900091171264648,8.803351402282715,8.871068954467773,8.92911319732666,8.886547660827636,8.820764350891114,8.735633087158202,8.681458473205566,8.766589832305907,8.737567806243897,8.708545780181884,8.685328102111816,8.678556156158447,8.779649591445922,8.790291023254394,8.799481344223024,8.81302490234375,8.819312953948975,8.904928080240886,8.912022368113199,8.943946584065754,8.975225893656413,9.004892857869466,9.291226895650228,9.29711430867513,9.304113737742107,9.311781803766888,9.320109033584595,30326440.0,28886620.0,28590720.0,27714320.0,28825760.0,30868540.0,30045000.0,28425800.0,28196020.0,27747320.0,30054460.0,29867405.0,30188185.0,31410670.0,32492290.0,34894476.666666664,38384093.333333336,39200116.66666666,40774063.333333336,41104316.66666666,35657240.0,35532850.0,35362973.333333336,35470923.333333336,35346218.333333336,1
2019-09-10,8.784002317060716,9.112918853759766,8.745306308189392,9.112918853759766,70567300,0,9.062614440917967,8.899123764038086,8.790291023254394,8.898156229654948,9.278565343221027,42374000.0,35044160.0,32896290.0,36042100.0,36849200.0,9.229007720947266,9.035527229309082,9.035527229309082,8.900091171264648,8.803351402282715,9.000700950622559,8.92911319732666,8.886547660827636,8.820764350891114,8.735633087158202,8.841079711914062,8.766589832305907,8.737567806243897,8.708545780181884,8.685328102111816,8.784002923965454,8.779649591445922,8.790291023254394,8.799481344223024,8.81302490234375,8.903960673014323,8.904928080240886,8.912022368113199,8.943946584065754,8.975225893656413,9.285228077570595,9.291226895650228,9.29711430867513,9.304113737742107,9.311781803766888,33526740.0,30326440.0,28886620.0,28590720.0,27714320.0,31176250.0,30868540.0,30045000.0,28425800.0,28196020.0,30520445.0,30054460.0,29867405.0,30188185.0,31410670.0,34906116.666666664,34894476.666666664,38384093.333333336,39200116.66666666,40774063.333333336,36032298.333333336,35657240.0,35532850.0,35362973.333333336,35470923.333333336,0
2019-09-11,8.98715659428156,9.122593086624002,8.98715659428156,9.112918853759766,34190300,0,9.105179977416991,8.962972164154053,8.798030185699464,8.893964131673178,9.270790576934814,43730780.0,36160750.0,33194230.0,35950286.666666664,37095975.0,9.112918853759766,9.229007720947266,9.035527229309082,9.035527229309082,8.900091171264648,9.062614440917967,9.000700950622559,8.92911319732666,8.886547660827636,8.820764350891114,8.899123764038086,8.841079711914062,8.766589832305907,8.737567806243897,8.708545780181884,8.790291023254394,8.784002923965454,8.779649591445922,8.790291023254394,8.799481344223024,8.898156229654948,8.903960673014323,8.904928080240886,8.912022368113199,8.943946584065754,9.278565343221027,9.285228077570595,9.291226895650228,9.29711430867513,9.304113737742107,42374000.0,33526740.0,30326440.0,28886620.0,28590720.0,35044160.0,31176250.0,30868540.0,30045000.0,28425800.0,32896290.0,30520445.0,30054460.0,29867405.0,30188185.0,36042100.0,34906116.666666664,34894476.666666664,38384093.333333336,39200116.66666666,36849200.0,36032298.333333336,35657240.0,35532850.0,35362973.333333336,1
2019-09-12,9.054875487512193,9.170963528335786,9.016179473904325,9.103245735168457,35687700,1,9.118723678588868,9.002635669708251,8.817861938476563,8.890094534556072,9.262060260772703,43542960.0,36214790.0,32680245.0,35249360.0,37147575.0,9.112918853759766,9.112918853759766,9.229007720947266,9.035527229309082,9.035527229309082,9.105179977416991,9.062614440917967,9.000700950622559,8.92911319732666,8.886547660827636,8.962972164154053,8.899123764038086,8.841079711914062,8.766589832305907,8.737567806243897,8.798030185699464,8.790291023254394,8.784002923965454,8.779649591445922,8.790291023254394,8.893964131673178,8.898156229654948,8.903960673014323,8.904928080240886,8.912022368113199,9.270790576934814,9.278565343221027,9.285228077570595,9.291226895650228,9.29711430867513,43730780.0,42374000.0,33526740.0,30326440.0,28886620.0,36160750.0,35044160.0,31176250.0,30868540.0,30045000.0,33194230.0,32896290.0,30520445.0,30054460.0,29867405.0,35950286.666666664,36042100.0,34906116.666666664,34894476.666666664,38384093.333333336,37095975.0,36849200.0,36032298.333333336,35657240.0,35532850.0,1
2019-09-13,9.161289537218023,9.277377569429316,9.13226683722595,9.14194107055664,27161300,0,9.140006446838381,9.03455982208252,8.846400260925293,8.894609038035075,9.254928048451742,43133200.0,36729820.0,32004170.0,34219376.666666664,37116075.0,9.103245735168457,9.112918853759766,9.112918853759766,9.229007720947266,9.035527229309082,9.118723678588868,9.105179977416991,9.062614440917967,9.000700950622559,8.92911319732666,9.002635669708251,8.962972164154053,8.899123764038086,8.841079711914062,8.766589832305907,8.817861938476563,8.798030185699464,8.790291023254394,8.784002923965454,8.779649591445922,8.890094534556072,8.893964131673178,8.898156229654948,8.903960673014323,8.904928080240886,9.262060260772703,9.270790576934814,9.278565343221027,9.285228077570595,9.291226895650228,43542960.0,43730780.0,42374000.0,33526740.0,30326440.0,36214790.0,36160750.0,35044160.0,31176250.0,30868540.0,32680245.0,33194230.0,32896290.0,30520445.0,30054460.0,35249360.0,35950286.666666664,36042100.0,34906116.666666664,34894476.666666664,37147575.0,37095975.0,36849200.0,36032298.333333336,35657240.0,1
2019-09-16,9.054874492990429,9.141940744691835,8.938786464917099,8.996830940246582,50052600,0,9.093571090698244,9.0471360206604,8.862846088409421,8.895253976186117,9.245377333958944,43531840.0,38529290.0,33138305.0,34504623.333333336,37415510.0,9.14194107055664,9.103245735168457,9.112918853759766,9.112918853759766,9.229007720947266,9.140006446838381,9.118723678588868,9.105179977416991,9.062614440917967,9.000700950622559,9.03455982208252,9.002635669708251,8.962972164154053,8.899123764038086,8.841079711914062,8.846400260925293,8.817861938476563,8.798030185699464,8.790291023254394,8.784002923965454,8.894609038035075,8.890094534556072,8.893964131673178,8.898156229654948,8.903960673014323,9.254928048451742,9.262060260772703,9.270790576934814,9.278565343221027,9.285228077570595,43133200.0,43542960.0,43730780.0,42374000.0,33526740.0,36729820.0,36214790.0,36160750.0,35044160.0,31176250.0,32004170.0,32680245.0,33194230.0,32896290.0,30520445.0,34219376.666666664,35249360.0,35950286.666666664,36042100.0,34906116.666666664,37116075.0,37147575.0,37095975.0,36849200.0,36032298.333333336,1
2019-09-17,8.967809484968761,9.006505495712055,8.880743230149932,8.977482795715332,27391200,0,9.066483879089356,9.06454916000366,8.87493863105774,8.89686632156372,9.23629846572876,34896620.0,38635310.0,33415665.0,33818883.333333336,37073630.0,8.996830940246582,9.14194107055664,9.103245735168457,9.112918853759766,9.112918853759766,9.093571090698244,9.140006446838381,9.118723678588868,9.105179977416991,9.062614440917967,9.0471360206604,9.03455982208252,9.002635669708251,8.962972164154053,8.899123764038086,8.862846088409421,8.846400260925293,8.817861938476563,8.798030185699464,8.790291023254394,8.895253976186117,8.894609038035075,8.890094534556072,8.893964131673178,8.898156229654948,9.245377333958944,9.254928048451742,9.262060260772703,9.270790576934814,9.278565343221027,43531840.0,43133200.0,43542960.0,43730780.0,42374000.0,38529290.0,36729820.0,36214790.0,36160750.0,35044160.0,33138305.0,32004170.0,32680245.0,33194230.0,32896290.0,34504623.333333336,34219376.666666664,35249360.0,35950286.666666664,36042100.0,37415510.0,37116075.0,37147575.0,37095975.0,36849200.0,0
2019-09-18,8.958135766481014,9.05487533760626,8.919439753513771,8.948461532592773,24309400,0,9.033592414855956,9.069386196136474,8.88896598815918,8.889449628194173,9.22737135887146,32920440.0,38325610.0,33375705.0,32900660.0,37010600.0,8.977482795715332,8.996830940246582,9.14194107055664,9.103245735168457,9.112918853759766,9.066483879089356,9.093571090698244,9.140006446838381,9.118723678588868,9.105179977416991,9.06454916000366,9.0471360206604,9.03455982208252,9.002635669708251,8.962972164154053,8.87493863105774,8.862846088409421,8.846400260925293,8.817861938476563,8.798030185699464,8.89686632156372,8.895253976186117,8.894609038035075,8.890094534556072,8.893964131673178,9.23629846572876,9.245377333958944,9.254928048451742,9.262060260772703,9.270790576934814,34896620.0,43531840.0,43133200.0,43542960.0,43730780.0,38635310.0,38529290.0,36729820.0,36214790.0,36160750.0,33415665.0,33138305.0,32004170.0,32680245.0,33194230.0,33818883.333333336,34504623.333333336,34219376.666666664,35249360.0,35950286.666666664,37073630.0,37415510.0,37116075.0,37147575.0,37095975.0,0
2019-09-19,9.006505693799568,9.025853238303906,8.803351402282713,8.803351402282715,28780700,1,8.973613548278811,9.04616861343384,8.891868209838867,8.875583553314211,9.217773230870565,31539040.0,37541000.0,33793000.0,32425270.0,37012245.0,8.948461532592773,8.977482795715332,8.996830940246582,9.14194107055664,9.103245735168457,9.033592414855956,9.066483879089356,9.093571090698244,9.140006446838381,9.118723678588868,9.069386196136474,9.06454916000366,9.0471360206604,9.03455982208252,9.002635669708251,8.88896598815918,8.87493863105774,8.862846088409421,8.846400260925293,8.817861938476563,8.889449628194173,8.89686632156372,8.895253976186117,8.894609038035075,8.890094534556072,9.22737135887146,9.23629846572876,9.245377333958944,9.254928048451742,9.262060260772703,32920440.0,34896620.0,43531840.0,43133200.0,43542960.0,38325610.0,38635310.0,38529290.0,36729820.0,36214790.0,33375705.0,33415665.0,33138305.0,32004170.0,32680245.0,32900660.0,33818883.333333336,34504623.333333336,34219376.666666664,35249360.0,37010600.0,37073630.0,37415510.0,37116075.0,37147575.0,1
2019-09-20,8.832372943909212,8.996831219429518,8.813024477337096,8.871068954467773,37491300,0,8.919439125061038,9.029722785949707,8.898156309127806,8.863007322947185,9.208191696802777,33605040.0,38369120.0,34618830.0,32826013.33333333,37074781.66666666,8.803351402282715,8.948461532592773,8.977482795715332,8.996830940246582,9.14194107055664,8.973613548278811,9.033592414855956,9.066483879089356,9.093571090698244,9.140006446838381,9.04616861343384,9.069386196136474,9.06454916000366,9.0471360206604,9.03455982208252,8.891868209838867,8.88896598815918,8.87493863105774,8.862846088409421,8.846400260925293,8.875583553314211,8.889449628194173,8.89686632156372,8.895253976186117,8.894609038035075,9.217773230870565,9.22737135887146,9.23629846572876,9.245377333958944,9.254928048451742,31539040.0,32920440.0,34896620.0,43531840.0,43133200.0,37541000.0,38325610.0,38635310.0,38529290.0,36729820.0,33793000.0,33375705.0,33415665.0,33138305.0,32004170.0,32425270.0,32900660.0,33818883.333333336,34504623.333333336,34219376.666666664,37012245.0,37010600.0,37073630.0,37415510.0,37116075.0,1
2019-09-23,8.83237310440229,8.929112671263717,8.784002859678736,8.861394882202148,22051100,0,8.892351913452151,8.992961502075195,8.917020606994631,8.853655783335368,9.193841918309527,28004740.0,35768290.0,33472270.0,32269726.66666667,36726390.0,8.871068954467773,8.803351402282715,8.948461532592773,8.977482795715332,8.996830940246582,8.919439125061038,8.973613548278811,9.033592414855956,9.066483879089356,9.093571090698244,9.029722785949707,9.04616861343384,9.069386196136474,9.06454916000366,9.0471360206604,8.898156309127806,8.891868209838867,8.88896598815918,8.87493863105774,8.862846088409421,8.863007322947185,8.875583553314211,8.889449628194173,8.89686632156372,8.895253976186117,9.208191696802777,9.217773230870565,9.22737135887146,9.23629846572876,9.245377333958944,33605040.0,31539040.0,32920440.0,34896620.0,43531840.0,38369120.0,37541000.0,38325610.0,38635310.0,38529290.0,34618830.0,33793000.0,33375705.0,33415665.0,33138305.0,32826013.33333333,32425270.0,32900660.0,33818883.333333336,34504623.333333336,37074781.66666666,37012245.0,37010600.0,37073630.0,37415510.0,1
2019-09-24,8.89041654237347,8.929112553123193,8.754980966042273,8.813024520874023,33092500,1,8.859460258483887,8.962972068786621,8.931047916412354,8.847851371765136,9.178209368387858,29145000.0,32020810.0,33532485.0,32604463.33333333,36652071.66666666,8.861394882202148,8.871068954467773,8.803351402282715,8.948461532592773,8.977482795715332,8.892351913452151,8.919439125061038,8.973613548278811,9.033592414855956,9.066483879089356,8.992961502075195,9.029722785949707,9.04616861343384,9.069386196136474,9.06454916000366,8.917020606994631,8.898156309127806,8.891868209838867,8.88896598815918,8.87493863105774,8.853655783335368,8.863007322947185,8.875583553314211,8.889449628194173,8.89686632156372,9.193841918309527,9.208191696802777,9.217773230870565,9.22737135887146,9.23629846572876,28004740.0,33605040.0,31539040.0,32920440.0,34896620.0,35768290.0,38369120.0,37541000.0,38325610.0,38635310.0,33472270.0,34618830.0,33793000.0,33375705.0,33415665.0,32269726.66666667,32826013.33333333,32425270.0,32900660.0,33818883.333333336,36726390.0,37074781.66666666,37012245.0,37010600.0,37073630.0,1
2019-09-25,8.803351601383664,8.929112949970373,8.793677367619853,8.900091171264648,20510300,0,8.849786186218262,8.94168930053711,8.952330732345581,8.845916557312012,9.16529884338379,28385180.0,30652810.0,33406780.0,32347090.0,36353033.333333336,8.813024520874023,8.861394882202148,8.871068954467773,8.803351402282715,8.948461532592773,8.859460258483887,8.892351913452151,8.919439125061038,8.973613548278811,9.033592414855956,8.962972068786621,8.992961502075195,9.029722785949707,9.04616861343384,9.069386196136474,8.931047916412354,8.917020606994631,8.898156309127806,8.891868209838867,8.88896598815918,8.847851371765136,8.853655783335368,8.863007322947185,8.875583553314211,8.889449628194173,9.178209368387858,9.193841918309527,9.208191696802777,9.217773230870565,9.22737135887146,29145000.0,28004740.0,33605040.0,31539040.0,32920440.0,32020810.0,35768290.0,38369120.0,37541000.0,38325610.0,33532485.0,33472270.0,34618830.0,33793000.0,33375705.0,32604463.33333333,32269726.66666667,32826013.33333333,32425270.0,32900660.0,36652071.66666666,36726390.0,37074781.66666666,37012245.0,37010600.0,1
2019-09-26,8.929113028225432,8.929113028225432,8.774328976990756,8.842047691345215,26556300,0,8.857525444030761,8.915569496154783,8.959102582931518,8.850431124369303,9.151897493998211,27940300.0,29739670.0,32977230.0,31700053.33333333,36300505.0,8.900091171264648,8.813024520874023,8.861394882202148,8.871068954467773,8.803351402282715,8.849786186218262,8.859460258483887,8.892351913452151,8.919439125061038,8.973613548278811,8.94168930053711,8.962972068786621,8.992961502075195,9.029722785949707,9.04616861343384,8.952330732345581,8.931047916412354,8.917020606994631,8.898156309127806,8.891868209838867,8.845916557312012,8.847851371765136,8.853655783335368,8.863007322947185,8.875583553314211,9.16529884338379,9.178209368387858,9.193841918309527,9.208191696802777,9.217773230870565,28385180.0,29145000.0,28004740.0,33605040.0,31539040.0,30652810.0,32020810.0,35768290.0,38369120.0,37541000.0,33406780.0,33532485.0,33472270.0,34618830.0,33793000.0,32347090.0,32604463.33333333,32269726.66666667,32826013.33333333,32425270.0,36353033.333333336,36652071.66666666,36726390.0,37074781.66666666,37012245.0,1
2019-09-27,8.842047738567322,9.28705234953648,8.764655712536662,8.784003257751465,32459500,1,8.8401123046875,8.879775714874267,8.957167768478394,8.857525412241618,9.136257855097453,26933940.0,30269490.0,33499655.0,31425943.33333333,36519386.66666666,8.842047691345215,8.900091171264648,8.813024520874023,8.861394882202148,8.871068954467773,8.857525444030761,8.849786186218262,8.859460258483887,8.892351913452151,8.919439125061038,8.915569496154783,8.94168930053711,8.962972068786621,8.992961502075195,9.029722785949707,8.959102582931518,8.952330732345581,8.931047916412354,8.917020606994631,8.898156309127806,8.850431124369303,8.845916557312012,8.847851371765136,8.853655783335368,8.863007322947185,9.151897493998211,9.16529884338379,9.178209368387858,9.193841918309527,9.208191696802777,27940300.0,28385180.0,29145000.0,28004740.0,33605040.0,29739670.0,30652810.0,32020810.0,35768290.0,38369120.0,32977230.0,33406780.0,33532485.0,33472270.0,34618830.0,31700053.33333333,32347090.0,32604463.33333333,32269726.66666667,32826013.33333333,36300505.0,36353033.333333336,36652071.66666666,36726390.0,37074781.66666666,1
2019-09-30,8.813024637478597,8.909765126925704,8.80335132660243,8.861394882202148,21510000,0,8.8401123046875,8.866232109069824,8.956684064865113,8.86397476196289,9.121908076604207,26825720.0,27415230.0,32972260.0,31230613.33333333,36521255.0,8.784003257751465,8.842047691345215,8.900091171264648,8.813024520874023,8.861394882202148,8.8401123046875,8.857525444030761,8.849786186218262,8.859460258483887,8.892351913452151,8.879775714874267,8.915569496154783,8.94168930053711,8.962972068786621,8.992961502075195,8.957167768478394,8.959102582931518,8.952330732345581,8.931047916412354,8.917020606994631,8.857525412241618,8.850431124369303,8.845916557312012,8.847851371765136,8.853655783335368,9.136257855097453,9.151897493998211,9.16529884338379,9.178209368387858,9.193841918309527,26933940.0,27940300.0,28385180.0,29145000.0,28004740.0,30269490.0,29739670.0,30652810.0,32020810.0,35768290.0,33499655.0,32977230.0,33406780.0,33532485.0,33472270.0,31425943.33333333,31700053.33333333,32347090.0,32604463.33333333,32269726.66666667,36519386.66666666,36300505.0,36353033.333333336,36652071.66666666,36726390.0,0
2019-10-01,8.890416256532104,8.938786499060493,8.580848180487438,8.609869956970215,39559500,0,8.799481391906738,8.829470825195312,8.947009992599488,8.859782695770264,9.103366216023764,28119120.0,28632060.0,33633685.0,31821130.0,36793178.333333336,8.861394882202148,8.784003257751465,8.842047691345215,8.900091171264648,8.813024520874023,8.8401123046875,8.8401123046875,8.857525444030761,8.849786186218262,8.859460258483887,8.866232109069824,8.879775714874267,8.915569496154783,8.94168930053711,8.962972068786621,8.956684064865113,8.957167768478394,8.959102582931518,8.952330732345581,8.931047916412354,8.86397476196289,8.857525412241618,8.850431124369303,8.845916557312012,8.847851371765136,9.121908076604207,9.136257855097453,9.151897493998211,9.16529884338379,9.178209368387858,26825720.0,26933940.0,27940300.0,28385180.0,29145000.0,27415230.0,30269490.0,29739670.0,30652810.0,32020810.0,32972260.0,33499655.0,32977230.0,33406780.0,33532485.0,31230613.33333333,31425943.33333333,31700053.33333333,32347090.0,32604463.33333333,36521255.0,36519386.66666666,36300505.0,36353033.333333336,36652071.66666666,1
2019-10-02,8.561500751334728,8.571174061901045,8.16486549537485,8.329323768615723,68137000,1,8.685327911376952,8.767557048797608,8.918471622467044,8.848496341705323,9.081101735432943,37644460.0,33014820.0,35670215.0,33255410.0,37509785.0,8.609869956970215,8.861394882202148,8.784003257751465,8.842047691345215,8.900091171264648,8.799481391906738,8.8401123046875,8.8401123046875,8.857525444030761,8.849786186218262,8.829470825195312,8.866232109069824,8.879775714874267,8.915569496154783,8.94168930053711,8.947009992599488,8.956684064865113,8.957167768478394,8.959102582931518,8.952330732345581,8.859782695770264,8.86397476196289,8.857525412241618,8.850431124369303,8.845916557312012,9.103366216023764,9.121908076604207,9.136257855097453,9.151897493998211,9.16529884338379,28119120.0,26825720.0,26933940.0,27940300.0,28385180.0,28632060.0,27415230.0,30269490.0,29739670.0,30652810.0,33633685.0,32972260.0,33499655.0,32977230.0,33406780.0,31821130.0,31230613.33333333,31425943.33333333,31700053.33333333,32347090.0,36793178.333333336,36521255.0,36519386.66666666,36300505.0,36353033.333333336,0
2019-10-03,8.271280446842171,8.426064491271973,8.174539957780706,8.426064491271973,40827900,1,8.602131271362305,8.729828357696531,8.887998485565186,8.837854925791422,9.060926214853923,40498780.0,34219540.0,35880270.0,33935180.0,37705546.66666666,8.329323768615723,8.609869956970215,8.861394882202148,8.784003257751465,8.842047691345215,8.685327911376952,8.799481391906738,8.8401123046875,8.8401123046875,8.857525444030761,8.767557048797608,8.829470825195312,8.866232109069824,8.879775714874267,8.915569496154783,8.918471622467044,8.947009992599488,8.956684064865113,8.957167768478394,8.959102582931518,8.848496341705323,8.859782695770264,8.86397476196289,8.857525412241618,8.850431124369303,9.081101735432943,9.103366216023764,9.121908076604207,9.136257855097453,9.151897493998211,37644460.0,28119120.0,26825720.0,26933940.0,27940300.0,33014820.0,28632060.0,27415230.0,30269490.0,29739670.0,35670215.0,33633685.0,32972260.0,33499655.0,32977230.0,33255410.0,31821130.0,31230613.33333333,31425943.33333333,31700053.33333333,37509785.0,36793178.333333336,36521255.0,36519386.66666666,36300505.0,1
2019-10-04,8.435738211311103,8.474434220063582,8.377693736889572,8.455085754394531,27827400,0,8.536347770690918,8.688230037689209,8.858976411819459,8.828180885314941,9.039963467915852,39572360.0,33253150.0,35811135.0,34163603.333333336,37708211.66666666,8.426064491271973,8.329323768615723,8.609869956970215,8.861394882202148,8.784003257751465,8.602131271362305,8.685327911376952,8.799481391906738,8.8401123046875,8.8401123046875,8.729828357696531,8.767557048797608,8.829470825195312,8.866232109069824,8.879775714874267,8.887998485565186,8.918471622467044,8.947009992599488,8.956684064865113,8.957167768478394,8.837854925791422,8.848496341705323,8.859782695770264,8.86397476196289,8.857525412241618,9.060926214853923,9.081101735432943,9.103366216023764,9.121908076604207,9.136257855097453,40498780.0,37644460.0,28119120.0,26825720.0,26933940.0,34219540.0,33014820.0,28632060.0,27415230.0,30269490.0,35880270.0,35670215.0,33633685.0,32972260.0,33499655.0,33935180.0,33255410.0,31821130.0,31230613.33333333,31425943.33333333,37705546.66666666,37509785.0,36793178.333333336,36521255.0,36519386.66666666,1
2019-10-07,8.416389817724228,8.50345606880939,8.329323566639065,8.397042274475098,29340400,0,8.443477249145507,8.641794776916504,8.81737813949585,8.825278663635254,9.013267469406127,41138440.0,33982080.0,34875185.0,33642206.666666664,37517858.333333336,8.455085754394531,8.426064491271973,8.329323768615723,8.609869956970215,8.861394882202148,8.536347770690918,8.602131271362305,8.685327911376952,8.799481391906738,8.8401123046875,8.688230037689209,8.729828357696531,8.767557048797608,8.829470825195312,8.866232109069824,8.858976411819459,8.887998485565186,8.918471622467044,8.947009992599488,8.956684064865113,8.828180885314941,8.837854925791422,8.848496341705323,8.859782695770264,8.86397476196289,9.039963467915852,9.060926214853923,9.081101735432943,9.103366216023764,9.121908076604207,39572360.0,40498780.0,37644460.0,28119120.0,26825720.0,33253150.0,34219540.0,33014820.0,28632060.0,27415230.0,35811135.0,35880270.0,35670215.0,33633685.0,32972260.0,34163603.333333336,33935180.0,33255410.0,31821130.0,31230613.33333333,37708211.66666666,37705546.66666666,37509785.0,36793178.333333336,36521255.0,1
2019-10-08,8.368020016368526,8.377694249795336,8.222910205309107,8.261606216430664,31091200,1,8.373824501037598,8.586652946472167,8.774812507629395,8.816249593098958,8.985426235198975,39444780.0,33781950.0,32901380.0,33615640.0,37473486.66666666,8.397042274475098,8.455085754394531,8.426064491271973,8.329323768615723,8.609869956970215,8.443477249145507,8.536347770690918,8.602131271362305,8.685327911376952,8.799481391906738,8.641794776916504,8.688230037689209,8.729828357696531,8.767557048797608,8.829470825195312,8.81737813949585,8.858976411819459,8.887998485565186,8.918471622467044,8.947009992599488,8.825278663635254,8.828180885314941,8.837854925791422,8.848496341705323,8.859782695770264,9.013267469406127,9.039963467915852,9.060926214853923,9.081101735432943,9.103366216023764,41138440.0,39572360.0,40498780.0,37644460.0,28119120.0,33982080.0,33253150.0,34219540.0,33014820.0,28632060.0,34875185.0,35811135.0,35880270.0,35670215.0,33633685.0,33642206.666666664,34163603.333333336,33935180.0,33255410.0,31821130.0,37517858.333333336,37708211.66666666,37705546.66666666,37509785.0,36793178.333333336,1
2019-10-09,8.329324640286664,8.358347342779824,8.28095531463623,8.28095531463623,16898500,1,8.3641508102417,8.524739360809326,8.733214330673217,8.809800275166829,8.956477721532185,29197080.0,33420770.0,32036790.0,33411443.33333333,37262953.333333336,8.261606216430664,8.397042274475098,8.455085754394531,8.426064491271973,8.329323768615723,8.373824501037598,8.443477249145507,8.536347770690918,8.602131271362305,8.685327911376952,8.586652946472167,8.641794776916504,8.688230037689209,8.729828357696531,8.767557048797608,8.774812507629395,8.81737813949585,8.858976411819459,8.887998485565186,8.918471622467044,8.816249593098958,8.825278663635254,8.828180885314941,8.837854925791422,8.848496341705323,8.985426235198975,9.013267469406127,9.039963467915852,9.060926214853923,9.081101735432943,39444780.0,41138440.0,39572360.0,40498780.0,37644460.0,33781950.0,33982080.0,33253150.0,34219540.0,33014820.0,32901380.0,34875185.0,35811135.0,35880270.0,35670215.0,33615640.0,33642206.666666664,34163603.333333336,33935180.0,33255410.0,37473486.66666666,37517858.333333336,37708211.66666666,37705546.66666666,37509785.0,1
2019-10-10,8.300302780854611,8.368020574185017,8.242259221595901,8.338998794555664,28069600,1,8.346737670898438,8.47443447113037,8.695001983642577,8.797546545664469,8.931356128056843,26645420.0,33572100.0,31655885.0,33175520.0,37310706.66666666,8.28095531463623,8.261606216430664,8.397042274475098,8.455085754394531,8.426064491271973,8.3641508102417,8.373824501037598,8.443477249145507,8.536347770690918,8.602131271362305,8.524739360809326,8.586652946472167,8.641794776916504,8.688230037689209,8.729828357696531,8.733214330673217,8.774812507629395,8.81737813949585,8.858976411819459,8.887998485565186,8.809800275166829,8.816249593098958,8.825278663635254,8.828180885314941,8.837854925791422,8.956477721532185,8.985426235198975,9.013267469406127,9.039963467915852,9.060926214853923,29197080.0,39444780.0,41138440.0,39572360.0,40498780.0,33420770.0,33781950.0,33982080.0,33253150.0,34219540.0,32036790.0,32901380.0,34875185.0,35811135.0,35880270.0,33411443.33333333,33615640.0,33642206.666666664,34163603.333333336,33935180.0,37262953.333333336,37473486.66666666,37517858.333333336,37708211.66666666,37705546.66666666,0
2019-10-11,8.445411800273723,8.580848296669858,8.445411800273723,8.493782043457031,34175700,1,8.354476928710938,8.445412349700927,8.662594032287597,8.786582628885903,8.909926287333171,27915080.0,33743720.0,32006605.0,33581010.0,37450125.0,8.338998794555664,8.28095531463623,8.261606216430664,8.397042274475098,8.455085754394531,8.346737670898438,8.3641508102417,8.373824501037598,8.443477249145507,8.536347770690918,8.47443447113037,8.524739360809326,8.586652946472167,8.641794776916504,8.688230037689209,8.695001983642577,8.733214330673217,8.774812507629395,8.81737813949585,8.858976411819459,8.797546545664469,8.809800275166829,8.816249593098958,8.825278663635254,8.828180885314941,8.931356128056843,8.956477721532185,8.985426235198975,9.013267469406127,9.039963467915852,26645420.0,29197080.0,39444780.0,41138440.0,39572360.0,33572100.0,33420770.0,33781950.0,33982080.0,33253150.0,31655885.0,32036790.0,32901380.0,34875185.0,35811135.0,33175520.0,33411443.33333333,33615640.0,33642206.666666664,34163603.333333336,37310706.66666666,37262953.333333336,37473486.66666666,37517858.333333336,37708211.66666666,1
2019-10-14,8.532478332519531,8.551826799459858,8.474434776869915,8.532478332519531,24794500,1,8.381564140319824,8.412520694732669,8.639376401901245,8.775296274820963,8.890094566345217,27005900.0,34072170.0,30743700.0,33338896.66666667,37221606.66666666,8.493782043457031,8.338998794555664,8.28095531463623,8.261606216430664,8.397042274475098,8.354476928710938,8.346737670898438,8.3641508102417,8.373824501037598,8.443477249145507,8.445412349700927,8.47443447113037,8.524739360809326,8.586652946472167,8.641794776916504,8.662594032287597,8.695001983642577,8.733214330673217,8.774812507629395,8.81737813949585,8.786582628885903,8.797546545664469,8.809800275166829,8.816249593098958,8.825278663635254,8.909926287333171,8.931356128056843,8.956477721532185,8.985426235198975,9.013267469406127,27915080.0,26645420.0,29197080.0,39444780.0,41138440.0,33743720.0,33572100.0,33420770.0,33781950.0,33982080.0,32006605.0,31655885.0,32036790.0,32901380.0,34875185.0,33581010.0,33175520.0,33411443.33333333,33615640.0,33642206.666666664,37450125.0,37310706.66666666,37262953.333333336,37473486.66666666,37517858.333333336,1
2019-10-15,8.551826407704565,8.803350930892499,8.493781932128257,8.774328231811522,29771700,0,8.484108543395996,8.428966522216799,8.629218673706054,8.774328835805257,8.874777364730836,26742000.0,33093390.0,30862725.0,33453586.66666667,37113825.0,8.532478332519531,8.493782043457031,8.338998794555664,8.28095531463623,8.261606216430664,8.381564140319824,8.354476928710938,8.346737670898438,8.3641508102417,8.373824501037598,8.412520694732669,8.445412349700927,8.47443447113037,8.524739360809326,8.586652946472167,8.639376401901245,8.662594032287597,8.695001983642577,8.733214330673217,8.774812507629395,8.775296274820963,8.786582628885903,8.797546545664469,8.809800275166829,8.816249593098958,8.890094566345217,8.909926287333171,8.931356128056843,8.956477721532185,8.985426235198975,27005900.0,27915080.0,26645420.0,29197080.0,39444780.0,34072170.0,33743720.0,33572100.0,33420770.0,33781950.0,30743700.0,32006605.0,31655885.0,32036790.0,32901380.0,33338896.66666667,33581010.0,33175520.0,33411443.33333333,33615640.0,37221606.66666666,37450125.0,37310706.66666666,37262953.333333336,37473486.66666666,1
2019-10-16,8.813024241333848,8.890416260378498,8.764654921370173,8.774328231811522,27190300,1,8.582783126831055,8.473466968536378,8.620512008666992,8.770136737823487,8.857041660944619,28800360.0,28998720.0,31006770.0,33446383.33333333,36323250.0,8.774328231811522,8.532478332519531,8.493782043457031,8.338998794555664,8.28095531463623,8.484108543395996,8.381564140319824,8.354476928710938,8.346737670898438,8.3641508102417,8.428966522216799,8.412520694732669,8.445412349700927,8.47443447113037,8.524739360809326,8.629218673706054,8.639376401901245,8.662594032287597,8.695001983642577,8.733214330673217,8.774328835805257,8.775296274820963,8.786582628885903,8.797546545664469,8.809800275166829,8.874777364730836,8.890094566345217,8.909926287333171,8.931356128056843,8.956477721532185,26742000.0,27005900.0,27915080.0,26645420.0,29197080.0,33093390.0,34072170.0,33743720.0,33572100.0,33420770.0,30862725.0,30743700.0,32006605.0,31655885.0,32036790.0,33453586.66666667,33338896.66666667,33581010.0,33175520.0,33411443.33333333,37113825.0,37221606.66666666,37450125.0,37310706.66666666,37262953.333333336,1
2019-10-17,8.822698754207874,8.842047220875568,8.735632499374576,8.813024520874023,28361200,1,8.677588272094727,8.512162971496583,8.620995664596558,8.762719980875652,8.837371174494427,28858680.0,27752050.0,30985795.0,33170863.33333333,35777478.333333336,8.774328231811522,8.774328231811522,8.532478332519531,8.493782043457031,8.338998794555664,8.582783126831055,8.484108543395996,8.381564140319824,8.354476928710938,8.346737670898438,8.473466968536378,8.428966522216799,8.412520694732669,8.445412349700927,8.47443447113037,8.620512008666992,8.629218673706054,8.639376401901245,8.662594032287597,8.695001983642577,8.770136737823487,8.774328835805257,8.775296274820963,8.786582628885903,8.797546545664469,8.857041660944619,8.874777364730836,8.890094566345217,8.909926287333171,8.931356128056843,28800360.0,26742000.0,27005900.0,27915080.0,26645420.0,28998720.0,33093390.0,34072170.0,33743720.0,33572100.0,31006770.0,30862725.0,30743700.0,32006605.0,31655885.0,33446383.33333333,33453586.66666667,33338896.66666667,33581010.0,33175520.0,36323250.0,37113825.0,37221606.66666666,37450125.0,37310706.66666666,1
2019-10-18,8.793676817732008,9.016178644871887,8.793676817732008,8.987156867980957,42422900,0,8.776263236999513,8.565370082855225,8.626800060272219,8.761107635498046,8.833017857869466,30508120.0,29211600.0,31232375.0,33611290.0,34252883.333333336,8.813024520874023,8.774328231811522,8.774328231811522,8.532478332519531,8.493782043457031,8.677588272094727,8.582783126831055,8.484108543395996,8.381564140319824,8.354476928710938,8.512162971496583,8.473466968536378,8.428966522216799,8.412520694732669,8.445412349700927,8.620995664596558,8.620512008666992,8.629218673706054,8.639376401901245,8.662594032287597,8.762719980875652,8.770136737823487,8.774328835805257,8.775296274820963,8.786582628885903,8.837371174494427,8.857041660944619,8.874777364730836,8.890094566345217,8.909926287333171,28858680.0,28800360.0,26742000.0,27005900.0,27915080.0,27752050.0,28998720.0,33093390.0,34072170.0,33743720.0,30985795.0,31006770.0,30862725.0,30743700.0,32006605.0,33170863.33333333,33446383.33333333,33453586.66666667,33338896.66666667,33581010.0,35777478.333333336,36323250.0,37113825.0,37221606.66666666,37450125.0,1
2019-10-21,9.036321121821114,9.0854851914906,8.859331783828244,8.878996849060059,33610200,1,8.845566940307616,8.61356554031372,8.627680158615112,8.749440606435138,8.82670063972473,32271260.0,29638580.0,31810330.0,33129650.0,34017883.333333336,8.987156867980957,8.813024520874023,8.774328231811522,8.774328231811522,8.532478332519531,8.776263236999513,8.677588272094727,8.582783126831055,8.484108543395996,8.381564140319824,8.565370082855225,8.512162971496583,8.473466968536378,8.428966522216799,8.412520694732669,8.626800060272219,8.620995664596558,8.620512008666992,8.629218673706054,8.639376401901245,8.761107635498046,8.762719980875652,8.770136737823487,8.774328835805257,8.775296274820963,8.833017857869466,8.837371174494427,8.857041660944619,8.874777364730836,8.890094566345217,30508120.0,28858680.0,28800360.0,26742000.0,27005900.0,29211600.0,27752050.0,28998720.0,33093390.0,34072170.0,31232375.0,30985795.0,31006770.0,30862725.0,30743700.0,33611290.0,33170863.33333333,33446383.33333333,33453586.66666667,33338896.66666667,34252883.333333336,35777478.333333336,36323250.0,37113825.0,37221606.66666666,0
2019-10-22,8.859331201995436,8.98715739965052,8.810167135554778,8.918327331542969,35878500,1,8.874366760253906,8.679237651824952,8.63294529914856,8.742954222361247,8.820555226008098,33492620.0,30117310.0,31949630.0,31973356.66666667,34007728.333333336,8.878996849060059,8.987156867980957,8.813024520874023,8.774328231811522,8.774328231811522,8.845566940307616,8.776263236999513,8.677588272094727,8.582783126831055,8.484108543395996,8.61356554031372,8.565370082855225,8.512162971496583,8.473466968536378,8.428966522216799,8.627680158615112,8.626800060272219,8.620995664596558,8.620512008666992,8.629218673706054,8.749440606435138,8.761107635498046,8.762719980875652,8.770136737823487,8.774328835805257,8.82670063972473,8.833017857869466,8.837371174494427,8.857041660944619,8.874777364730836,32271260.0,30508120.0,28858680.0,28800360.0,26742000.0,29638580.0,29211600.0,27752050.0,28998720.0,33093390.0,31810330.0,31232375.0,30985795.0,31006770.0,30862725.0,33129650.0,33611290.0,33170863.33333333,33446383.33333333,33453586.66666667,34017883.333333336,34252883.333333336,35777478.333333336,36323250.0,37113825.0,0
2019-10-23,8.859332012075418,9.055987358093262,8.82000094287185,9.055987358093262,44770400,0,8.930698585510251,8.756740856170655,8.64074010848999,8.741056505839031,8.817510318756101,37008640.0,32904500.0,33162635.0,32326026.66666667,34138156.666666664,8.918327331542969,8.878996849060059,8.987156867980957,8.813024520874023,8.774328231811522,8.874366760253906,8.845566940307616,8.776263236999513,8.677588272094727,8.582783126831055,8.679237651824952,8.61356554031372,8.565370082855225,8.512162971496583,8.473466968536378,8.63294529914856,8.627680158615112,8.626800060272219,8.620995664596558,8.620512008666992,8.742954222361247,8.749440606435138,8.761107635498046,8.762719980875652,8.770136737823487,8.820555226008098,8.82670063972473,8.833017857869466,8.837371174494427,8.857041660944619,33492620.0,32271260.0,30508120.0,28858680.0,28800360.0,30117310.0,29638580.0,29211600.0,27752050.0,28998720.0,31949630.0,31810330.0,31232375.0,30985795.0,31006770.0,31973356.66666667,33129650.0,33611290.0,33170863.33333333,33446383.33333333,34007728.333333336,34017883.333333336,34252883.333333336,35777478.333333336,36323250.0,0
2019-10-24,8.72167268094222,8.741338684136622,8.407024131644938,8.456188201904299,120395200,1,8.859331321716306,8.768459796905518,8.621447134017945,8.719487921396892,8.804791227976482,55415440.0,42137060.0,37854580.0,35149610.0,35199485.0,9.055987358093262,8.918327331542969,8.878996849060059,8.987156867980957,8.813024520874023,8.930698585510251,8.874366760253906,8.845566940307616,8.776263236999513,8.677588272094727,8.756740856170655,8.679237651824952,8.61356554031372,8.565370082855225,8.512162971496583,8.64074010848999,8.63294529914856,8.627680158615112,8.626800060272219,8.620995664596558,8.741056505839031,8.742954222361247,8.749440606435138,8.761107635498046,8.762719980875652,8.817510318756101,8.820555226008098,8.82670063972473,8.833017857869466,8.837371174494427,37008640.0,33492620.0,32271260.0,30508120.0,28858680.0,32904500.0,30117310.0,29638580.0,29211600.0,27752050.0,33162635.0,31949630.0,31810330.0,31232375.0,30985795.0,32326026.66666667,31973356.66666667,33129650.0,33611290.0,33170863.33333333,34138156.666666664,34007728.333333336,34017883.333333336,34252883.333333336,35777478.333333336,0
2019-10-25,8.525017485589023,8.60367962427858,8.475853414476385,8.57418155670166,51373600,0,8.776736259460451,8.77649974822998,8.610956048965454,8.700562604268391,8.797585821151733,57205580.0,43856850.0,38800285.0,35956686.666666664,35088031.666666664,8.456188201904299,9.055987358093262,8.918327331542969,8.878996849060059,8.987156867980957,8.859331321716306,8.930698585510251,8.874366760253906,8.845566940307616,8.776263236999513,8.768459796905518,8.756740856170655,8.679237651824952,8.61356554031372,8.565370082855225,8.621447134017945,8.64074010848999,8.63294529914856,8.627680158615112,8.626800060272219,8.719487921396892,8.741056505839031,8.742954222361247,8.749440606435138,8.761107635498046,8.804791227976482,8.817510318756101,8.820555226008098,8.82670063972473,8.833017857869466,55415440.0,37008640.0,33492620.0,32271260.0,30508120.0,42137060.0,32904500.0,30117310.0,29638580.0,29211600.0,37854580.0,33162635.0,31949630.0,31810330.0,31232375.0,35149610.0,32326026.66666667,31973356.66666667,33129650.0,33611290.0,35199485.0,34138156.666666664,34007728.333333336,34017883.333333336,34252883.333333336,0
2019-10-28,8.613511830141482,8.613511830141482,8.436521565580888,8.466019630432129,39635300,1,8.694140815734864,8.769853878021241,8.591187286376954,8.682868893941244,8.78906143506368,58410600.0,45340930.0,39706550.0,35609443.333333336,35057033.333333336,8.57418155670166,8.456188201904299,9.055987358093262,8.918327331542969,8.878996849060059,8.776736259460451,8.859331321716306,8.930698585510251,8.874366760253906,8.845566940307616,8.77649974822998,8.768459796905518,8.756740856170655,8.679237651824952,8.61356554031372,8.610956048965454,8.621447134017945,8.64074010848999,8.63294529914856,8.627680158615112,8.700562604268391,8.719487921396892,8.741056505839031,8.742954222361247,8.749440606435138,8.797585821151733,8.804791227976482,8.817510318756101,8.820555226008098,8.82670063972473,57205580.0,55415440.0,37008640.0,33492620.0,32271260.0,43856850.0,42137060.0,32904500.0,30117310.0,29638580.0,38800285.0,37854580.0,33162635.0,31949630.0,31810330.0,35956686.666666664,35149610.0,32326026.66666667,31973356.66666667,33129650.0,35088031.666666664,35199485.0,34138156.666666664,34007728.333333336,34017883.333333336,0
2019-10-29,8.446354617520099,8.56434781536521,8.446354617520099,8.495518684387207,36771800,0,8.609579086303711,8.741972923278809,8.585469722747803,8.666803423563639,8.78183487256368,58589260.0,46040940.0,39567165.0,35922130.0,34870506.666666664,8.466019630432129,8.57418155670166,8.456188201904299,9.055987358093262,8.918327331542969,8.694140815734864,8.776736259460451,8.859331321716306,8.930698585510251,8.874366760253906,8.769853878021241,8.77649974822998,8.768459796905518,8.756740856170655,8.679237651824952,8.591187286376954,8.610956048965454,8.621447134017945,8.64074010848999,8.63294529914856,8.682868893941244,8.700562604268391,8.719487921396892,8.741056505839031,8.742954222361247,8.78906143506368,8.797585821151733,8.804791227976482,8.817510318756101,8.820555226008098,58410600.0,57205580.0,55415440.0,37008640.0,33492620.0,45340930.0,43856850.0,42137060.0,32904500.0,30117310.0,39706550.0,38800285.0,37854580.0,33162635.0,31949630.0,35609443.333333336,35956686.666666664,35149610.0,32326026.66666667,31973356.66666667,35057033.333333336,35088031.666666664,35199485.0,34138156.666666664,34007728.333333336,0
2019-10-30,8.495519187222548,8.495519187222548,8.37752598239362,8.397191047668457,28685300,1,8.47781982421875,8.704259204864503,8.588863086700439,8.64842774073283,8.768938684463501,55372240.0,46190440.0,37594580.0,36067993.333333336,34484326.666666664,8.495518684387207,8.466019630432129,8.57418155670166,8.456188201904299,9.055987358093262,8.609579086303711,8.694140815734864,8.776736259460451,8.859331321716306,8.930698585510251,8.741972923278809,8.769853878021241,8.77649974822998,8.768459796905518,8.756740856170655,8.585469722747803,8.591187286376954,8.610956048965454,8.621447134017945,8.64074010848999,8.666803423563639,8.682868893941244,8.700562604268391,8.719487921396892,8.741056505839031,8.78183487256368,8.78906143506368,8.797585821151733,8.804791227976482,8.817510318756101,58589260.0,58410600.0,57205580.0,55415440.0,37008640.0,46040940.0,45340930.0,43856850.0,42137060.0,32904500.0,39567165.0,39706550.0,38800285.0,37854580.0,33162635.0,35922130.0,35609443.333333336,35956686.666666664,35149610.0,32326026.66666667,34870506.666666664,35057033.333333336,35088031.666666664,35199485.0,34138156.666666664,1
2019-10-31,8.43652186481979,8.456187867235876,8.35785973060866,8.446354866027832,29124100,1,8.475853157043456,8.667592239379882,8.589877605438232,8.636527856191,8.756055704752605,37118020.0,46266730.0,37009390.0,36079440.0,34252355.0,8.397191047668457,8.495518684387207,8.466019630432129,8.57418155670166,8.456188201904299,8.47781982421875,8.609579086303711,8.694140815734864,8.776736259460451,8.859331321716306,8.704259204864503,8.741972923278809,8.769853878021241,8.77649974822998,8.768459796905518,8.588863086700439,8.585469722747803,8.591187286376954,8.610956048965454,8.621447134017945,8.64842774073283,8.666803423563639,8.682868893941244,8.700562604268391,8.719487921396892,8.768938684463501,8.78183487256368,8.78906143506368,8.797585821151733,8.804791227976482,55372240.0,58589260.0,58410600.0,57205580.0,55415440.0,46190440.0,46040940.0,45340930.0,43856850.0,42137060.0,37594580.0,39567165.0,39706550.0,38800285.0,37854580.0,36067993.333333336,35922130.0,35609443.333333336,35956686.666666664,35149610.0,34484326.666666664,34870506.666666664,35057033.333333336,35088031.666666664,35199485.0,1
2019-11-01,8.49551931500247,8.780669798726281,8.49551931500247,8.741338729858397,55354900,1,8.509284591674804,8.643010425567628,8.604190254211426,8.632203515370687,8.747605419158935,37914280.0,47559930.0,38385765.0,36674893.333333336,34750453.333333336,8.446354866027832,8.397191047668457,8.495518684387207,8.466019630432129,8.57418155670166,8.475853157043456,8.47781982421875,8.609579086303711,8.694140815734864,8.776736259460451,8.667592239379882,8.704259204864503,8.741972923278809,8.769853878021241,8.77649974822998,8.589877605438232,8.588863086700439,8.585469722747803,8.591187286376954,8.610956048965454,8.636527856191,8.64842774073283,8.666803423563639,8.682868893941244,8.700562604268391,8.756055704752605,8.768938684463501,8.78183487256368,8.78906143506368,8.797585821151733,37118020.0,55372240.0,58589260.0,58410600.0,57205580.0,46266730.0,46190440.0,46040940.0,45340930.0,43856850.0,37009390.0,37594580.0,39567165.0,39706550.0,38800285.0,36079440.0,36067993.333333336,35922130.0,35609443.333333336,35956686.666666664,34252355.0,34484326.666666664,34870506.666666664,35057033.333333336,35088031.666666664,0
2019-11-04,8.780669614139091,8.898662818262288,8.780669614139091,8.849498748779297,46716500,1,8.585980415344237,8.64006061553955,8.626813077926636,8.631806977589925,8.742731380462647,39330520.0,48870560.0,39254570.0,37497073.333333336,34883400.0,8.741338729858397,8.446354866027832,8.397191047668457,8.495518684387207,8.466019630432129,8.509284591674804,8.475853157043456,8.47781982421875,8.609579086303711,8.694140815734864,8.643010425567628,8.667592239379882,8.704259204864503,8.741972923278809,8.769853878021241,8.604190254211426,8.589877605438232,8.588863086700439,8.585469722747803,8.591187286376954,8.632203515370687,8.636527856191,8.64842774073283,8.666803423563639,8.682868893941244,8.747605419158935,8.756055704752605,8.768938684463501,8.78183487256368,8.78906143506368,37914280.0,37118020.0,55372240.0,58589260.0,58410600.0,47559930.0,46266730.0,46190440.0,46040940.0,45340930.0,38385765.0,37009390.0,37594580.0,39567165.0,39706550.0,36674893.333333336,36079440.0,36067993.333333336,35922130.0,35609443.333333336,34750453.333333336,34252355.0,34484326.666666664,34870506.666666664,35057033.333333336,1
2019-11-05,8.86916446685791,8.996989730591695,8.849498464605574,8.86916446685791,37569700,0,8.660709571838378,8.635144329071045,8.657190990447997,8.633678309122722,8.740764840443928,39490100.0,49039680.0,39578495.0,37646313.333333336,35125388.333333336,8.849498748779297,8.741338729858397,8.446354866027832,8.397191047668457,8.495518684387207,8.585980415344237,8.509284591674804,8.475853157043456,8.47781982421875,8.609579086303711,8.64006061553955,8.643010425567628,8.667592239379882,8.704259204864503,8.741972923278809,8.626813077926636,8.604190254211426,8.589877605438232,8.588863086700439,8.585469722747803,8.631806977589925,8.632203515370687,8.636527856191,8.64842774073283,8.666803423563639,8.742731380462647,8.747605419158935,8.756055704752605,8.768938684463501,8.78183487256368,39330520.0,37914280.0,37118020.0,55372240.0,58589260.0,48870560.0,47559930.0,46266730.0,46190440.0,46040940.0,39254570.0,38385765.0,37009390.0,37594580.0,39567165.0,37497073.333333336,36674893.333333336,36079440.0,36067993.333333336,35922130.0,34883400.0,34750453.333333336,34252355.0,34484326.666666664,34870506.666666664,1
2019-11-06,8.898663038873279,8.898663038873279,8.741338762808718,8.77083683013916,39497700,0,8.73543872833252,8.606629276275635,8.681685066223144,8.629369831085205,8.737643194198608,41652580.0,48512410.0,40708455.0,38279226.66666666,35313158.333333336,8.86916446685791,8.849498748779297,8.741338729858397,8.446354866027832,8.397191047668457,8.660709571838378,8.585980415344237,8.509284591674804,8.475853157043456,8.47781982421875,8.635144329071045,8.64006061553955,8.643010425567628,8.667592239379882,8.704259204864503,8.657190990447997,8.626813077926636,8.604190254211426,8.589877605438232,8.588863086700439,8.633678309122722,8.631806977589925,8.632203515370687,8.636527856191,8.64842774073283,8.740764840443928,8.742731380462647,8.747605419158935,8.756055704752605,8.768938684463501,39490100.0,39330520.0,37914280.0,37118020.0,55372240.0,49039680.0,48870560.0,47559930.0,46266730.0,46190440.0,39578495.0,39254570.0,38385765.0,37009390.0,37594580.0,37646313.333333336,37497073.333333336,36674893.333333336,36079440.0,36067993.333333336,35125388.333333336,34883400.0,34750453.333333336,34252355.0,34484326.666666664,0
2019-11-07,8.810167865945527,8.859331936462047,8.731505728209767,8.741338729858397,32640400,1,8.794435501098633,8.635144329071045,8.701802062988282,8.626012865702313,8.738221995035808,42355840.0,39736930.0,40936995.0,38482030.0,35091041.666666664,8.77083683013916,8.86916446685791,8.849498748779297,8.741338729858397,8.446354866027832,8.73543872833252,8.660709571838378,8.585980415344237,8.509284591674804,8.475853157043456,8.606629276275635,8.635144329071045,8.64006061553955,8.643010425567628,8.667592239379882,8.681685066223144,8.657190990447997,8.626813077926636,8.604190254211426,8.589877605438232,8.629369831085205,8.633678309122722,8.631806977589925,8.632203515370687,8.636527856191,8.737643194198608,8.740764840443928,8.742731380462647,8.747605419158935,8.756055704752605,41652580.0,39490100.0,39330520.0,37914280.0,37118020.0,48512410.0,49039680.0,48870560.0,47559930.0,46266730.0,40708455.0,39578495.0,39254570.0,38385765.0,37009390.0,38279226.66666666,37646313.333333336,37497073.333333336,36674893.333333336,36079440.0,35313158.333333336,35125388.333333336,34883400.0,34750453.333333336,34252355.0,0
2019-11-08,8.751170033323563,8.888829231262205,8.67250790242336,8.888829231262207,29476800,1,8.823933601379395,8.6666090965271,8.72155442237854,8.629507064819336,8.743516238530477,37180220.0,37547250.0,40702050.0,38382606.66666666,34904275.0,8.741338729858397,8.77083683013916,8.86916446685791,8.849498748779297,8.741338729858397,8.794435501098633,8.73543872833252,8.660709571838378,8.585980415344237,8.509284591674804,8.635144329071045,8.606629276275635,8.635144329071045,8.64006061553955,8.643010425567628,8.701802062988282,8.681685066223144,8.657190990447997,8.626813077926636,8.604190254211426,8.626012865702313,8.629369831085205,8.633678309122722,8.631806977589925,8.632203515370687,8.738221995035808,8.737643194198608,8.740764840443928,8.742731380462647,8.747605419158935,42355840.0,41652580.0,39490100.0,39330520.0,37914280.0,39736930.0,48512410.0,49039680.0,48870560.0,47559930.0,40936995.0,40708455.0,39578495.0,39254570.0,38385765.0,38482030.0,38279226.66666666,37646313.333333336,37497073.333333336,36674893.333333336,35091041.666666664,35313158.333333336,35125388.333333336,34883400.0,34750453.333333336,1
2019-11-11,8.800334464967476,8.947826669824323,8.790501463765029,8.928160667419434,24846600,0,8.839665985107422,8.71282320022583,8.741338539123536,8.631732590993245,8.747853676478067,32806240.0,36068380.0,40704655.0,38493826.66666666,34862220.0,8.888829231262207,8.741338729858397,8.77083683013916,8.86916446685791,8.849498748779297,8.823933601379395,8.794435501098633,8.73543872833252,8.660709571838378,8.585980415344237,8.6666090965271,8.635144329071045,8.606629276275635,8.635144329071045,8.64006061553955,8.72155442237854,8.701802062988282,8.681685066223144,8.657190990447997,8.626813077926636,8.629507064819336,8.626012865702313,8.629369831085205,8.633678309122722,8.631806977589925,8.743516238530477,8.738221995035808,8.737643194198608,8.740764840443928,8.742731380462647,37180220.0,42355840.0,41652580.0,39490100.0,39330520.0,37547250.0,39736930.0,48512410.0,49039680.0,48870560.0,40702050.0,40936995.0,40708455.0,39578495.0,39254570.0,38382606.66666666,38482030.0,38279226.66666666,37646313.333333336,37497073.333333336,34904275.0,35091041.666666664,35313158.333333336,35125388.333333336,34883400.0,0
2019-11-12,8.908495232850541,8.977324362956578,8.888829231262205,8.888829231262207,28703900,0,8.843598937988281,8.75215425491333,8.747063589096069,8.641031233469645,8.750406964619954,31033080.0,35261590.0,40651265.0,38131973.333333336,34976551.666666664,8.928160667419434,8.888829231262207,8.741338729858397,8.77083683013916,8.86916446685791,8.839665985107422,8.823933601379395,8.794435501098633,8.73543872833252,8.660709571838378,8.71282320022583,8.6666090965271,8.635144329071045,8.606629276275635,8.635144329071045,8.741338539123536,8.72155442237854,8.701802062988282,8.681685066223144,8.657190990447997,8.631732590993245,8.629507064819336,8.626012865702313,8.629369831085205,8.633678309122722,8.747853676478067,8.743516238530477,8.738221995035808,8.737643194198608,8.740764840443928,32806240.0,37180220.0,42355840.0,41652580.0,39490100.0,36068380.0,37547250.0,39736930.0,48512410.0,49039680.0,40704655.0,40702050.0,40936995.0,40708455.0,39578495.0,38493826.66666666,38382606.66666666,38482030.0,38279226.66666666,37646313.333333336,34862220.0,34904275.0,35091041.666666664,35313158.333333336,35125388.333333336,0
2019-11-13,8.849498184392539,8.849498184392539,8.652842856729134,8.662675857543945,34491200,0,8.821966743469238,8.778702735900879,8.74148097038269,8.652142969767253,8.750319655736286,30031780.0,35842180.0,41016310.0,37010446.66666666,35132928.333333336,8.888829231262207,8.928160667419434,8.888829231262207,8.741338729858397,8.77083683013916,8.843598937988281,8.839665985107422,8.823933601379395,8.794435501098633,8.73543872833252,8.75215425491333,8.71282320022583,8.6666090965271,8.635144329071045,8.606629276275635,8.747063589096069,8.741338539123536,8.72155442237854,8.701802062988282,8.681685066223144,8.641031233469645,8.631732590993245,8.629507064819336,8.626012865702313,8.629369831085205,8.750406964619954,8.747853676478067,8.743516238530477,8.738221995035808,8.737643194198608,31033080.0,32806240.0,37180220.0,42355840.0,41652580.0,35261590.0,36068380.0,37547250.0,39736930.0,48512410.0,40651265.0,40704655.0,40702050.0,40936995.0,40708455.0,38131973.333333336,38493826.66666666,38382606.66666666,38482030.0,38279226.66666666,34976551.666666664,34862220.0,34904275.0,35091041.666666664,35313158.333333336,1
2019-11-14,8.702007208563156,8.761003339934378,8.633177138327929,8.643010139465332,26527800,1,8.802301025390625,8.798368263244631,8.732980251312256,8.659374491373699,8.74861470858256,28809260.0,35582550.0,40924640.0,36533776.66666666,35234478.333333336,8.662675857543945,8.888829231262207,8.928160667419434,8.888829231262207,8.741338729858397,8.821966743469238,8.843598937988281,8.839665985107422,8.823933601379395,8.794435501098633,8.778702735900879,8.75215425491333,8.71282320022583,8.6666090965271,8.635144329071045,8.74148097038269,8.747063589096069,8.741338539123536,8.72155442237854,8.701802062988282,8.652142969767253,8.641031233469645,8.631732590993245,8.629507064819336,8.626012865702313,8.750319655736286,8.750406964619954,8.747853676478067,8.743516238530477,8.738221995035808,30031780.0,31033080.0,32806240.0,37180220.0,42355840.0,35842180.0,35261590.0,36068380.0,37547250.0,39736930.0,41016310.0,40651265.0,40704655.0,40702050.0,40936995.0,37010446.66666666,38131973.333333336,38493826.66666666,38382606.66666666,38482030.0,35132928.333333336,34976551.666666664,34862220.0,34904275.0,35091041.666666664,0
2019-11-15,8.70200772637474,8.810167932142438,8.70200772637474,8.800334930419922,26416300,0,8.784602165222168,8.804267883300781,8.723639154434204,8.67088279724121,8.749531841278076,28197160.0,32688690.0,40124310.0,36486740.0,35325171.666666664,8.643010139465332,8.662675857543945,8.888829231262207,8.928160667419434,8.888829231262207,8.802301025390625,8.821966743469238,8.843598937988281,8.839665985107422,8.823933601379395,8.798368263244631,8.778702735900879,8.75215425491333,8.71282320022583,8.6666090965271,8.732980251312256,8.74148097038269,8.747063589096069,8.741338539123536,8.72155442237854,8.659374491373699,8.652142969767253,8.641031233469645,8.631732590993245,8.629507064819336,8.74861470858256,8.750319655736286,8.750406964619954,8.747853676478067,8.743516238530477,28809260.0,30031780.0,31033080.0,32806240.0,37180220.0,35582550.0,35842180.0,35261590.0,36068380.0,37547250.0,40924640.0,41016310.0,40651265.0,40704655.0,40702050.0,36533776.66666666,37010446.66666666,38131973.333333336,38493826.66666666,38382606.66666666,35234478.333333336,35132928.333333336,34976551.666666664,34862220.0,34904275.0,0
2019-11-18,8.898663072191761,8.898663072191761,8.741338795538145,8.800334930419922,38291400,0,8.759037017822267,8.799351501464844,8.719706058502197,8.684325885772704,8.75480227470398,30886120.0,31846180.0,40358370.0,36785106.66666666,35213656.666666664,8.800334930419922,8.643010139465332,8.662675857543945,8.888829231262207,8.928160667419434,8.784602165222168,8.802301025390625,8.821966743469238,8.843598937988281,8.839665985107422,8.804267883300781,8.798368263244631,8.778702735900879,8.75215425491333,8.71282320022583,8.723639154434204,8.732980251312256,8.74148097038269,8.747063589096069,8.741338539123536,8.67088279724121,8.659374491373699,8.652142969767253,8.641031233469645,8.631732590993245,8.749531841278076,8.74861470858256,8.750319655736286,8.750406964619954,8.747853676478067,28197160.0,28809260.0,30031780.0,31033080.0,32806240.0,32688690.0,35582550.0,35842180.0,35261590.0,36068380.0,40124310.0,40924640.0,41016310.0,40651265.0,40704655.0,36486740.0,36533776.66666666,37010446.66666666,38131973.333333336,38493826.66666666,35325171.666666664,35234478.333333336,35132928.333333336,34976551.666666664,34862220.0,0
2019-11-19,8.839665291345282,8.849498292279975,8.72167209330874,8.75117015838623,31168900,0,8.731505203247071,8.787552070617675,8.71134819984436,8.70064468383789,8.758447138468425,31379120.0,31206100.0,40122890.0,36787696.66666666,35201668.333333336,8.800334930419922,8.800334930419922,8.643010139465332,8.662675857543945,8.888829231262207,8.759037017822267,8.784602165222168,8.802301025390625,8.821966743469238,8.843598937988281,8.799351501464844,8.804267883300781,8.798368263244631,8.778702735900879,8.75215425491333,8.719706058502197,8.723639154434204,8.732980251312256,8.74148097038269,8.747063589096069,8.684325885772704,8.67088279724121,8.659374491373699,8.652142969767253,8.641031233469645,8.75480227470398,8.749531841278076,8.74861470858256,8.750319655736286,8.750406964619954,30886120.0,28197160.0,28809260.0,30031780.0,31033080.0,31846180.0,32688690.0,35582550.0,35842180.0,35261590.0,40358370.0,40124310.0,40924640.0,41016310.0,40651265.0,36785106.66666666,36486740.0,36533776.66666666,37010446.66666666,38131973.333333336,35213656.666666664,35325171.666666664,35234478.333333336,35132928.333333336,34976551.666666664,0
2019-11-20,8.73150518764789,8.741338188687768,8.534849855483284,8.584012985229492,38271500,0,8.71577262878418,8.76886968612671,8.687749481201173,8.710746606191,8.760273440678914,32135180.0,31083480.0,39797945.0,37500130.0,35455786.666666664,8.75117015838623,8.800334930419922,8.800334930419922,8.643010139465332,8.662675857543945,8.731505203247071,8.759037017822267,8.784602165222168,8.802301025390625,8.821966743469238,8.787552070617675,8.799351501464844,8.804267883300781,8.798368263244631,8.778702735900879,8.71134819984436,8.719706058502197,8.723639154434204,8.732980251312256,8.74148097038269,8.70064468383789,8.684325885772704,8.67088279724121,8.659374491373699,8.652142969767253,8.758447138468425,8.75480227470398,8.749531841278076,8.74861470858256,8.750319655736286,31379120.0,30886120.0,28197160.0,28809260.0,30031780.0,31206100.0,31846180.0,32688690.0,35582550.0,35842180.0,40122890.0,40358370.0,40124310.0,40924640.0,41016310.0,36787696.66666666,36785106.66666666,36486740.0,36533776.66666666,37010446.66666666,35201668.333333336,35213656.666666664,35325171.666666664,35234478.333333336,35132928.333333336,0
2019-11-21,8.623345291404126,8.64301035644602,8.525017153014783,8.564348220825195,33161400,1,8.700040245056153,8.751170635223389,8.693157482147218,8.718258253733318,8.757902399698894,33461900.0,31135580.0,35436255.0,37669856.66666666,35422688.333333336,8.584012985229492,8.75117015838623,8.800334930419922,8.800334930419922,8.643010139465332,8.71577262878418,8.731505203247071,8.759037017822267,8.784602165222168,8.802301025390625,8.76886968612671,8.787552070617675,8.799351501464844,8.804267883300781,8.798368263244631,8.687749481201173,8.71134819984436,8.719706058502197,8.723639154434204,8.732980251312256,8.710746606191,8.70064468383789,8.684325885772704,8.67088279724121,8.659374491373699,8.760273440678914,8.758447138468425,8.75480227470398,8.749531841278076,8.74861470858256,32135180.0,31379120.0,30886120.0,28197160.0,28809260.0,31083480.0,31206100.0,31846180.0,32688690.0,35582550.0,39797945.0,40122890.0,40358370.0,40124310.0,40924640.0,37500130.0,36787696.66666666,36785106.66666666,36486740.0,36533776.66666666,35455786.666666664,35201668.333333336,35213656.666666664,35325171.666666664,35234478.333333336,1
2019-11-22,8.652843590474001,8.751170793780382,8.623345523254754,8.741338729858397,34966700,1,8.688241004943848,8.736421585083008,8.701515340805054,8.726510143280029,8.756546386082967,35171980.0,31684570.0,34615910.0,37696223.333333336,35638616.666666664,8.564348220825195,8.584012985229492,8.75117015838623,8.800334930419922,8.800334930419922,8.700040245056153,8.71577262878418,8.731505203247071,8.759037017822267,8.784602165222168,8.751170635223389,8.76886968612671,8.787552070617675,8.799351501464844,8.804267883300781,8.693157482147218,8.687749481201173,8.71134819984436,8.719706058502197,8.723639154434204,8.718258253733318,8.710746606191,8.70064468383789,8.684325885772704,8.67088279724121,8.757902399698894,8.760273440678914,8.758447138468425,8.75480227470398,8.749531841278076,33461900.0,32135180.0,31379120.0,30886120.0,28197160.0,31135580.0,31083480.0,31206100.0,31846180.0,32688690.0,35436255.0,39797945.0,40122890.0,40358370.0,40124310.0,37669856.66666666,37500130.0,36787696.66666666,36785106.66666666,36486740.0,35422688.333333336,35455786.666666664,35201668.333333336,35213656.666666664,35325171.666666664,1
2019-11-25,8.75117060981332,8.85933175022122,8.72167254321418,8.849498748779297,30580900,1,8.698073768615723,8.728555393218992,8.720689296722412,8.737077490488689,8.756186882654825,33629880.0,32258000.0,34163190.0,37889103.333333336,35614000.0,8.741338729858397,8.564348220825195,8.584012985229492,8.75117015838623,8.800334930419922,8.688241004943848,8.700040245056153,8.71577262878418,8.731505203247071,8.759037017822267,8.736421585083008,8.751170635223389,8.76886968612671,8.787552070617675,8.799351501464844,8.701515340805054,8.693157482147218,8.687749481201173,8.71134819984436,8.719706058502197,8.726510143280029,8.718258253733318,8.710746606191,8.70064468383789,8.684325885772704,8.756546386082967,8.757902399698894,8.760273440678914,8.758447138468425,8.75480227470398,35171980.0,33461900.0,32135180.0,31379120.0,30886120.0,31684570.0,31135580.0,31083480.0,31206100.0,31846180.0,34615910.0,35436255.0,39797945.0,40122890.0,40358370.0,37696223.333333336,37669856.66666666,37500130.0,36787696.66666666,36785106.66666666,35638616.666666664,35422688.333333336,35455786.666666664,35201668.333333336,35213656.666666664,0
2019-11-26,8.829832128717563,8.869164131736072,8.7610029988883,8.859331130981445,30093800,1,8.719705963134766,8.725605583190918,8.738879919052124,8.73991092046102,8.757119878133137,33414860.0,32396990.0,33829290.0,37899840.0,35676713.333333336,8.849498748779297,8.741338729858397,8.564348220825195,8.584012985229492,8.75117015838623,8.698073768615723,8.688241004943848,8.700040245056153,8.71577262878418,8.731505203247071,8.728555393218992,8.736421585083008,8.751170635223389,8.76886968612671,8.787552070617675,8.720689296722412,8.701515340805054,8.693157482147218,8.687749481201173,8.71134819984436,8.737077490488689,8.726510143280029,8.718258253733318,8.710746606191,8.70064468383789,8.756186882654825,8.756546386082967,8.757902399698894,8.760273440678914,8.758447138468425,33629880.0,35171980.0,33461900.0,32135180.0,31379120.0,32258000.0,31684570.0,31135580.0,31083480.0,31206100.0,34163190.0,34615910.0,35436255.0,39797945.0,40122890.0,37889103.333333336,37696223.333333336,37669856.66666666,37500130.0,36787696.66666666,35614000.0,35638616.666666664,35422688.333333336,35455786.666666664,35201668.333333336,0
2019-11-27,8.878996316994686,8.996989514494848,8.869164253831274,8.947826385498047,37396100,0,8.792468643188476,8.754120635986329,8.766411685943604,8.74569419225057,8.757915465037028,33239780.0,32687480.0,34264830.0,38240033.333333336,35843208.333333336,8.859331130981445,8.849498748779297,8.741338729858397,8.564348220825195,8.584012985229492,8.719705963134766,8.698073768615723,8.688241004943848,8.700040245056153,8.71577262878418,8.725605583190918,8.728555393218992,8.736421585083008,8.751170635223389,8.76886968612671,8.738879919052124,8.720689296722412,8.701515340805054,8.693157482147218,8.687749481201173,8.73991092046102,8.737077490488689,8.726510143280029,8.718258253733318,8.710746606191,8.757119878133137,8.756186882654825,8.756546386082967,8.757902399698894,8.760273440678914,33414860.0,33629880.0,35171980.0,33461900.0,32135180.0,32396990.0,32258000.0,31684570.0,31135580.0,31083480.0,33829290.0,34163190.0,34615910.0,35436255.0,39797945.0,37899840.0,37889103.333333336,37696223.333333336,37669856.66666666,37500130.0,35676713.333333336,35614000.0,35638616.666666664,35422688.333333336,35455786.666666664,1
2019-11-29,8.888829899947375,8.94782697142402,8.878996898413494,8.908495903015137,13096200,0,8.861298179626463,8.780669212341309,8.789518737792969,8.748876571655272,8.755798276265462,29226740.0,31344320.0,33463435.0,37731200.0,35451031.666666664,8.947826385498047,8.859331130981445,8.849498748779297,8.741338729858397,8.564348220825195,8.792468643188476,8.719705963134766,8.698073768615723,8.688241004943848,8.700040245056153,8.754120635986329,8.725605583190918,8.728555393218992,8.736421585083008,8.751170635223389,8.766411685943604,8.738879919052124,8.720689296722412,8.701515340805054,8.693157482147218,8.74569419225057,8.73991092046102,8.737077490488689,8.726510143280029,8.718258253733318,8.757915465037028,8.757119878133137,8.756186882654825,8.756546386082967,8.757902399698894,33239780.0,33414860.0,33629880.0,35171980.0,33461900.0,32687480.0,32396990.0,32258000.0,31684570.0,31135580.0,34264830.0,33829290.0,34163190.0,34615910.0,35436255.0,38240033.333333336,37899840.0,37889103.333333336,37696223.333333336,37669856.66666666,35843208.333333336,35676713.333333336,35614000.0,35638616.666666664,35422688.333333336,1
2019-12-02,8.928160260810706,8.987157327611907,8.849498130226818,8.859331130981445,37232700,0,8.884896659851075,8.78656883239746,8.79541835784912,8.744615713755291,8.752861674626669,29679940.0,32425960.0,32557325.0,37558193.333333336,35584741.666666664,8.908495903015137,8.947826385498047,8.859331130981445,8.849498748779297,8.741338729858397,8.861298179626463,8.792468643188476,8.719705963134766,8.698073768615723,8.688241004943848,8.780669212341309,8.754120635986329,8.725605583190918,8.728555393218992,8.736421585083008,8.789518737792969,8.766411685943604,8.738879919052124,8.720689296722412,8.701515340805054,8.748876571655272,8.74569419225057,8.73991092046102,8.737077490488689,8.726510143280029,8.755798276265462,8.757915465037028,8.757119878133137,8.756186882654825,8.756546386082967,29226740.0,33239780.0,33414860.0,33629880.0,35171980.0,31344320.0,32687480.0,32396990.0,32258000.0,31684570.0,33463435.0,34264830.0,33829290.0,34163190.0,34615910.0,37731200.0,38240033.333333336,37899840.0,37889103.333333336,37696223.333333336,35451031.666666664,35843208.333333336,35676713.333333336,35614000.0,35638616.666666664,1
2019-12-03,8.800334864296898,8.800334864296898,8.652843590474001,8.741338729858397,40653100,1,8.863264656066894,8.780669212341309,8.790010356903077,8.7400271097819,8.744733858108521,31694380.0,32662130.0,32254155.0,37792956.66666666,35461303.333333336,8.859331130981445,8.908495903015137,8.947826385498047,8.859331130981445,8.849498748779297,8.884896659851075,8.861298179626463,8.792468643188476,8.719705963134766,8.698073768615723,8.78656883239746,8.780669212341309,8.754120635986329,8.725605583190918,8.728555393218992,8.79541835784912,8.789518737792969,8.766411685943604,8.738879919052124,8.720689296722412,8.744615713755291,8.748876571655272,8.74569419225057,8.73991092046102,8.737077490488689,8.752861674626669,8.755798276265462,8.757915465037028,8.757119878133137,8.756186882654825,29679940.0,29226740.0,33239780.0,33414860.0,33629880.0,32425960.0,31344320.0,32687480.0,32396990.0,32258000.0,32557325.0,33463435.0,34264830.0,33829290.0,34163190.0,37558193.333333336,37731200.0,38240033.333333336,37899840.0,37889103.333333336,35584741.666666664,35451031.666666664,35843208.333333336,35676713.333333336,35614000.0,1
2019-12-04,8.800334930419922,8.87899706874673,8.790501928697406,8.800334930419922,29982900,0,8.85146541595459,8.785585689544678,8.786568880081179,8.736094029744466,8.739524126052856,31672200.0,32543530.0,31874815.0,37596436.66666666,34784896.666666664,8.741338729858397,8.859331130981445,8.908495903015137,8.947826385498047,8.859331130981445,8.863264656066894,8.884896659851075,8.861298179626463,8.792468643188476,8.719705963134766,8.780669212341309,8.78656883239746,8.780669212341309,8.754120635986329,8.725605583190918,8.790010356903077,8.79541835784912,8.789518737792969,8.766411685943604,8.738879919052124,8.7400271097819,8.744615713755291,8.748876571655272,8.74569419225057,8.73991092046102,8.744733858108521,8.752861674626669,8.755798276265462,8.757915465037028,8.757119878133137,31694380.0,29679940.0,29226740.0,33239780.0,33414860.0,32662130.0,32425960.0,31344320.0,32687480.0,32396990.0,32254155.0,32557325.0,33463435.0,34264830.0,33829290.0,37792956.66666666,37558193.333333336,37731200.0,38240033.333333336,37899840.0,35461303.333333336,35584741.666666664,35451031.666666664,35843208.333333336,35676713.333333336,1
2019-12-05,8.82000027858261,8.849498343831938,8.731505145108036,8.780669212341309,25768600,1,8.818033981323243,8.805251312255859,8.787060499191284,8.726916758219401,8.733986632029216,29346700.0,31293240.0,31188360.0,36963043.333333336,34644535.0,8.800334930419922,8.741338729858397,8.859331130981445,8.908495903015137,8.947826385498047,8.85146541595459,8.863264656066894,8.884896659851075,8.861298179626463,8.792468643188476,8.785585689544678,8.780669212341309,8.78656883239746,8.780669212341309,8.754120635986329,8.786568880081179,8.790010356903077,8.79541835784912,8.789518737792969,8.766411685943604,8.736094029744466,8.7400271097819,8.744615713755291,8.748876571655272,8.74569419225057,8.739524126052856,8.744733858108521,8.752861674626669,8.755798276265462,8.757915465037028,31672200.0,31694380.0,29679940.0,29226740.0,33239780.0,32543530.0,32662130.0,32425960.0,31344320.0,32687480.0,31874815.0,32254155.0,32557325.0,33463435.0,34264830.0,37596436.66666666,37792956.66666666,37558193.333333336,37731200.0,38240033.333333336,34784896.666666664,35461303.333333336,35584741.666666664,35451031.666666664,35843208.333333336,1
2019-12-06,8.810167397827502,8.918327597035551,8.800334396701334,8.86916446685791,31086900,0,8.810167694091797,8.83573293685913,8.79345178604126,8.740682633717855,8.730085277557372,32944840.0,31085790.0,31110685.0,33986100.0,34567855.0,8.780669212341309,8.800334930419922,8.741338729858397,8.859331130981445,8.908495903015137,8.818033981323243,8.85146541595459,8.863264656066894,8.884896659851075,8.861298179626463,8.805251312255859,8.785585689544678,8.780669212341309,8.78656883239746,8.780669212341309,8.787060499191284,8.786568880081179,8.790010356903077,8.79541835784912,8.789518737792969,8.726916758219401,8.736094029744466,8.7400271097819,8.744615713755291,8.748876571655272,8.733986632029216,8.739524126052856,8.744733858108521,8.752861674626669,8.755798276265462,29346700.0,31672200.0,31694380.0,29679940.0,29226740.0,31293240.0,32543530.0,32662130.0,32425960.0,31344320.0,31188360.0,31874815.0,32254155.0,32557325.0,33463435.0,36963043.333333336,37596436.66666666,37792956.66666666,37558193.333333336,37731200.0,34644535.0,34784896.666666664,35461303.333333336,35584741.666666664,35451031.666666664,0
2019-12-09,8.820000065689499,8.918327260056081,8.810167064934873,8.859331130981445,21772900,1,8.810167694091797,8.847532176971436,8.791976881027221,8.75018761952718,8.725375111897787,29852880.0,29766410.0,30725490.0,32999410.0,34478048.333333336,8.86916446685791,8.780669212341309,8.800334930419922,8.741338729858397,8.859331130981445,8.810167694091797,8.818033981323243,8.85146541595459,8.863264656066894,8.884896659851075,8.83573293685913,8.805251312255859,8.785585689544678,8.780669212341309,8.78656883239746,8.79345178604126,8.787060499191284,8.786568880081179,8.790010356903077,8.79541835784912,8.740682633717855,8.726916758219401,8.736094029744466,8.7400271097819,8.744615713755291,8.730085277557372,8.733986632029216,8.739524126052856,8.744733858108521,8.752861674626669,32944840.0,29346700.0,31672200.0,31694380.0,29679940.0,31085790.0,31293240.0,32543530.0,32662130.0,32425960.0,31110685.0,31188360.0,31874815.0,32254155.0,32557325.0,33986100.0,36963043.333333336,37596436.66666666,37792956.66666666,37558193.333333336,34567855.0,34644535.0,34784896.666666664,35461303.333333336,35584741.666666664,1
2019-12-10,8.869164202828882,8.947826334043306,8.810167135554778,8.918327331542969,34217700,1,8.84556541442871,8.854415035247802,8.791485214233399,8.765264542897542,8.724066718419392,28565800.0,30130090.0,31194045.0,32818823.33333333,34214133.333333336,8.859331130981445,8.86916446685791,8.780669212341309,8.800334930419922,8.741338729858397,8.810167694091797,8.810167694091797,8.818033981323243,8.85146541595459,8.863264656066894,8.847532176971436,8.83573293685913,8.805251312255859,8.785585689544678,8.780669212341309,8.791976881027221,8.79345178604126,8.787060499191284,8.786568880081179,8.790010356903077,8.75018761952718,8.740682633717855,8.726916758219401,8.736094029744466,8.7400271097819,8.725375111897787,8.730085277557372,8.733986632029216,8.739524126052856,8.744733858108521,29852880.0,32944840.0,29346700.0,31672200.0,31694380.0,29766410.0,31085790.0,31293240.0,32543530.0,32662130.0,30725490.0,31110685.0,31188360.0,31874815.0,32254155.0,32999410.0,33986100.0,36963043.333333336,37596436.66666666,37792956.66666666,34478048.333333336,34567855.0,34644535.0,34784896.666666664,35461303.333333336,0
2019-12-11,8.908495636952386,8.987157771420815,8.908495636952386,8.957658767700195,33204200,1,8.877030181884766,8.864247798919678,8.794926691055299,8.780669212341309,8.723736317952474,29210060.0,30441130.0,31419060.0,32699903.33333333,34311016.666666664,8.918327331542969,8.859331130981445,8.86916446685791,8.780669212341309,8.800334930419922,8.84556541442871,8.810167694091797,8.810167694091797,8.818033981323243,8.85146541595459,8.854415035247802,8.847532176971436,8.83573293685913,8.805251312255859,8.785585689544678,8.791485214233399,8.791976881027221,8.79345178604126,8.787060499191284,8.786568880081179,8.765264542897542,8.75018761952718,8.740682633717855,8.726916758219401,8.736094029744466,8.724066718419392,8.725375111897787,8.730085277557372,8.733986632029216,8.739524126052856,28565800.0,29852880.0,32944840.0,29346700.0,31672200.0,30130090.0,29766410.0,31085790.0,31293240.0,32543530.0,31194045.0,30725490.0,31110685.0,31188360.0,31874815.0,32818823.33333333,32999410.0,33986100.0,36963043.333333336,37596436.66666666,34214133.333333336,34478048.333333336,34567855.0,34644535.0,34784896.666666664,0
2019-12-12,8.957659033476318,9.203478445415339,8.957659033476318,9.16414737701416,48390900,0,8.953725814819336,8.88587989807129,8.820000267028806,8.806234423319498,8.727331082026161,33734520.0,31540610.0,32114045.0,33356756.66666667,34712375.0,8.957658767700195,8.918327331542969,8.859331130981445,8.86916446685791,8.780669212341309,8.877030181884766,8.84556541442871,8.810167694091797,8.810167694091797,8.818033981323243,8.864247798919678,8.854415035247802,8.847532176971436,8.83573293685913,8.805251312255859,8.794926691055299,8.791485214233399,8.791976881027221,8.79345178604126,8.787060499191284,8.780669212341309,8.765264542897542,8.75018761952718,8.740682633717855,8.726916758219401,8.723736317952474,8.724066718419392,8.725375111897787,8.730085277557372,8.733986632029216,29210060.0,28565800.0,29852880.0,32944840.0,29346700.0,30441130.0,30130090.0,29766410.0,31085790.0,31293240.0,31419060.0,31194045.0,30725490.0,31110685.0,31188360.0,32699903.33333333,32818823.33333333,32999410.0,33986100.0,36963043.333333336,34311016.666666664,34214133.333333336,34478048.333333336,34567855.0,34644535.0,1
2019-12-13,9.164147259698996,9.232977331814904,9.036321054599881,9.07565212249756,35334500,1,8.995023345947265,8.902595520019531,8.84163236618042,8.827210998535156,8.731869427363078,34584040.0,33764440.0,32554380.0,33563770.0,34821605.0,9.16414737701416,8.957658767700195,8.918327331542969,8.859331130981445,8.86916446685791,8.953725814819336,8.877030181884766,8.84556541442871,8.810167694091797,8.810167694091797,8.88587989807129,8.864247798919678,8.854415035247802,8.847532176971436,8.83573293685913,8.820000267028806,8.794926691055299,8.791485214233399,8.791976881027221,8.79345178604126,8.806234423319498,8.780669212341309,8.765264542897542,8.75018761952718,8.740682633717855,8.727331082026161,8.723736317952474,8.724066718419392,8.725375111897787,8.730085277557372,33734520.0,29210060.0,28565800.0,29852880.0,32944840.0,31540610.0,30441130.0,30130090.0,29766410.0,31085790.0,32114045.0,31419060.0,31194045.0,30725490.0,31110685.0,33356756.66666667,32699903.33333333,32818823.33333333,32999410.0,33986100.0,34712375.0,34311016.666666664,34214133.333333336,34478048.333333336,34567855.0,1
2019-12-16,9.085484712224018,9.232976913452148,9.06581964802955,9.232976913452148,42337600,0,9.069752502441409,8.939960098266601,8.863264465332033,8.843598937988281,8.737901226679485,38696980.0,34274930.0,33350445.0,33129860.0,34902376.666666664,9.07565212249756,9.16414737701416,8.957658767700195,8.918327331542969,8.859331130981445,8.995023345947265,8.953725814819336,8.877030181884766,8.84556541442871,8.810167694091797,8.902595520019531,8.88587989807129,8.864247798919678,8.854415035247802,8.847532176971436,8.84163236618042,8.820000267028806,8.794926691055299,8.791485214233399,8.791976881027221,8.827210998535156,8.806234423319498,8.780669212341309,8.765264542897542,8.75018761952718,8.731869427363078,8.727331082026161,8.723736317952474,8.724066718419392,8.725375111897787,34584040.0,33734520.0,29210060.0,28565800.0,29852880.0,33764440.0,31540610.0,30441130.0,30130090.0,29766410.0,32554380.0,32114045.0,31419060.0,31194045.0,30725490.0,33563770.0,33356756.66666667,32699903.33333333,32818823.33333333,32999410.0,34821605.0,34712375.0,34311016.666666664,34214133.333333336,34478048.333333336,0
2019-12-17,9.223143912491624,9.252641977646617,9.154314781221114,9.232976913452148,35503900,1,9.132682418823242,8.989123916625976,8.884896564483643,8.856381543477376,8.74409426053365,38954220.0,33760010.0,33211070.0,32756106.66666667,35126590.0,9.232976913452148,9.07565212249756,9.16414737701416,8.957658767700195,8.918327331542969,9.069752502441409,8.995023345947265,8.953725814819336,8.877030181884766,8.84556541442871,8.939960098266601,8.902595520019531,8.88587989807129,8.864247798919678,8.854415035247802,8.863264465332033,8.84163236618042,8.820000267028806,8.794926691055299,8.791485214233399,8.843598937988281,8.827210998535156,8.806234423319498,8.780669212341309,8.765264542897542,8.737901226679485,8.731869427363078,8.727331082026161,8.723736317952474,8.724066718419392,38696980.0,34584040.0,33734520.0,29210060.0,28565800.0,34274930.0,33764440.0,31540610.0,30441130.0,30130090.0,33350445.0,32554380.0,32114045.0,31419060.0,31194045.0,33129860.0,33563770.0,33356756.66666667,32699903.33333333,32818823.33333333,34902376.666666664,34821605.0,34712375.0,34311016.666666664,34214133.333333336,1
2019-12-18,9.232977102016523,9.409966434287703,9.203478098532491,9.380468368530273,45905300,0,9.217244338989255,9.047137260437012,8.916361474990845,8.873425006866455,8.753551657994587,41494440.0,35352250.0,33947890.0,33033960.0,35340136.666666664,9.232976913452148,9.232976913452148,9.07565212249756,9.16414737701416,8.957658767700195,9.132682418823242,9.069752502441409,8.995023345947265,8.953725814819336,8.877030181884766,8.989123916625976,8.939960098266601,8.902595520019531,8.88587989807129,8.864247798919678,8.884896564483643,8.863264465332033,8.84163236618042,8.820000267028806,8.794926691055299,8.856381543477376,8.843598937988281,8.827210998535156,8.806234423319498,8.780669212341309,8.74409426053365,8.737901226679485,8.731869427363078,8.727331082026161,8.723736317952474,38954220.0,38696980.0,34584040.0,33734520.0,29210060.0,33760010.0,34274930.0,33764440.0,31540610.0,30441130.0,33211070.0,33350445.0,32554380.0,32114045.0,31419060.0,32756106.66666667,33129860.0,33563770.0,33356756.66666667,32699903.33333333,35126590.0,34902376.666666664,34821605.0,34712375.0,34311016.666666664,1
2019-12-19,9.390301841526744,9.409966907110944,9.223144564291141,9.252642631530762,42236000,1,9.234943389892578,9.094334602355957,8.949792957305908,8.889485200246176,8.75942751566569,40263460.0,36998990.0,34146115.0,33125236.66666667,35702231.666666664,9.380468368530273,9.232976913452148,9.232976913452148,9.07565212249756,9.16414737701416,9.217244338989255,9.132682418823242,9.069752502441409,8.995023345947265,8.953725814819336,9.047137260437012,8.989123916625976,8.939960098266601,8.902595520019531,8.88587989807129,8.916361474990845,8.884896564483643,8.863264465332033,8.84163236618042,8.820000267028806,8.873425006866455,8.856381543477376,8.843598937988281,8.827210998535156,8.806234423319498,8.753551657994587,8.74409426053365,8.737901226679485,8.731869427363078,8.727331082026161,41494440.0,38954220.0,38696980.0,34584040.0,33734520.0,35352250.0,33760010.0,34274930.0,33764440.0,31540610.0,33947890.0,33211070.0,33350445.0,32554380.0,32114045.0,33033960.0,32756106.66666667,33129860.0,33563770.0,33356756.66666667,35340136.666666664,35126590.0,34902376.666666664,34821605.0,34712375.0,0
2019-12-20,9.341137216437804,9.380468282997953,9.282140147734284,9.321471214294434,50191200,0,9.284107208251953,9.13956527709961,8.987649106979369,8.908822949727377,8.767417907714844,43234800.0,38909420.0,34997605.0,33710263.333333336,36096146.66666666,9.252642631530762,9.380468368530273,9.232976913452148,9.232976913452148,9.07565212249756,9.234943389892578,9.217244338989255,9.132682418823242,9.069752502441409,8.995023345947265,9.094334602355957,9.047137260437012,8.989123916625976,8.939960098266601,8.902595520019531,8.949792957305908,8.916361474990845,8.884896564483643,8.863264465332033,8.84163236618042,8.889485200246176,8.873425006866455,8.856381543477376,8.843598937988281,8.827210998535156,8.75942751566569,8.753551657994587,8.74409426053365,8.737901226679485,8.731869427363078,40263460.0,41494440.0,38954220.0,38696980.0,34584040.0,36998990.0,35352250.0,33760010.0,34274930.0,33764440.0,34146115.0,33947890.0,33211070.0,33350445.0,32554380.0,33125236.66666667,33033960.0,32756106.66666667,33129860.0,33563770.0,35702231.666666664,35340136.666666664,35126590.0,34902376.666666664,34821605.0,1
2019-12-23,9.341137804227424,9.409966940607095,9.242809662776473,9.282140731811523,54784400,1,9.293939971923828,9.181846237182617,9.014689207077025,8.92193333307902,8.775720198949179,45724160.0,42210570.0,35988490.0,34553850.0,36468228.333333336,9.321471214294434,9.252642631530762,9.380468368530273,9.232976913452148,9.232976913452148,9.284107208251953,9.234943389892578,9.217244338989255,9.132682418823242,9.069752502441409,9.13956527709961,9.094334602355957,9.047137260437012,8.989123916625976,8.939960098266601,8.987649106979369,8.949792957305908,8.916361474990845,8.884896564483643,8.863264465332033,8.908822949727377,8.889485200246176,8.873425006866455,8.856381543477376,8.843598937988281,8.767417907714844,8.75942751566569,8.753551657994587,8.74409426053365,8.737901226679485,43234800.0,40263460.0,41494440.0,38954220.0,38696980.0,38909420.0,36998990.0,35352250.0,33760010.0,34274930.0,34997605.0,34146115.0,33947890.0,33211070.0,33350445.0,33710263.333333336,33125236.66666667,33033960.0,32756106.66666667,33129860.0,36096146.66666666,35702231.666666664,35340136.666666664,35126590.0,34902376.666666664,1
2019-12-24,9.282140780540463,9.331304851524036,9.272308716525076,9.311639785766602,11881600,0,9.309672546386716,9.22117748260498,9.037796258926393,8.934715970357258,8.783224280675253,40999700.0,39976960.0,35053525.0,34121683.333333336,36307755.0,9.282140731811523,9.321471214294434,9.252642631530762,9.380468368530273,9.232976913452148,9.293939971923828,9.284107208251953,9.234943389892578,9.217244338989255,9.132682418823242,9.181846237182617,9.13956527709961,9.094334602355957,9.047137260437012,8.989123916625976,9.014689207077025,8.987649106979369,8.949792957305908,8.916361474990845,8.884896564483643,8.92193333307902,8.908822949727377,8.889485200246176,8.873425006866455,8.856381543477376,8.775720198949179,8.767417907714844,8.75942751566569,8.753551657994587,8.74409426053365,45724160.0,43234800.0,40263460.0,41494440.0,38954220.0,42210570.0,38909420.0,36998990.0,35352250.0,33760010.0,35988490.0,34997605.0,34146115.0,33947890.0,33211070.0,34553850.0,33710263.333333336,33125236.66666667,33033960.0,32756106.66666667,36468228.333333336,36096146.66666666,35702231.666666664,35340136.666666664,35126590.0,1
2019-12-26,9.311639116083409,9.331304180426553,9.272308049670526,9.291973114013672,28961300,0,9.2919734954834,9.254608917236329,9.059428358078003,8.948154099782307,8.794592666625977,37610900.0,39552670.0,34996900.0,34130263.333333336,36131118.333333336,9.311639785766602,9.282140731811523,9.321471214294434,9.252642631530762,9.380468368530273,9.309672546386716,9.293939971923828,9.284107208251953,9.234943389892578,9.217244338989255,9.22117748260498,9.181846237182617,9.13956527709961,9.094334602355957,9.047137260437012,9.037796258926393,9.014689207077025,8.987649106979369,8.949792957305908,8.916361474990845,8.934715970357258,8.92193333307902,8.908822949727377,8.889485200246176,8.873425006866455,8.783224280675253,8.775720198949179,8.767417907714844,8.75942751566569,8.753551657994587,40999700.0,45724160.0,43234800.0,40263460.0,41494440.0,39976960.0,42210570.0,38909420.0,36998990.0,35352250.0,35053525.0,35988490.0,34997605.0,34146115.0,33947890.0,34121683.333333336,34553850.0,33710263.333333336,33125236.66666667,33033960.0,36307755.0,36468228.333333336,36096146.66666666,35702231.666666664,35340136.666666664,1
2019-12-27,9.291972992197538,9.3018059931035,9.193645796317693,9.20347785949707,28272800,0,9.28214054107666,9.25854196548462,9.072210931777953,8.966180833180745,8.809161901473997,34818260.0,37540860.0,34540735.0,33922983.333333336,35466715.0,9.291973114013672,9.311639785766602,9.282140731811523,9.321471214294434,9.252642631530762,9.2919734954834,9.309672546386716,9.293939971923828,9.284107208251953,9.234943389892578,9.254608917236329,9.22117748260498,9.181846237182617,9.13956527709961,9.094334602355957,9.059428358078003,9.037796258926393,9.014689207077025,8.987649106979369,8.949792957305908,8.948154099782307,8.934715970357258,8.92193333307902,8.908822949727377,8.889485200246176,8.794592666625977,8.783224280675253,8.775720198949179,8.767417907714844,8.75942751566569,37610900.0,40999700.0,45724160.0,43234800.0,40263460.0,39552670.0,39976960.0,42210570.0,38909420.0,36998990.0,34996900.0,35053525.0,35988490.0,34997605.0,34146115.0,34130263.333333336,34121683.333333336,34553850.0,33710263.333333336,33125236.66666667,36131118.333333336,36307755.0,36468228.333333336,36096146.66666666,35702231.666666664,0
2019-12-30,9.183812975007225,9.193645976105474,9.075651838379674,9.095317840576172,36074900,1,9.236909866333008,9.26050853729248,9.081552028656006,8.981257756551107,8.820316123962403,31995000.0,37614900.0,35689670.0,34241220.0,35387498.333333336,9.20347785949707,9.291973114013672,9.311639785766602,9.282140731811523,9.321471214294434,9.28214054107666,9.2919734954834,9.309672546386716,9.293939971923828,9.284107208251953,9.25854196548462,9.254608917236329,9.22117748260498,9.181846237182617,9.13956527709961,9.072210931777953,9.059428358078003,9.037796258926393,9.014689207077025,8.987649106979369,8.966180833180745,8.948154099782307,8.934715970357258,8.92193333307902,8.908822949727377,8.809161901473997,8.794592666625977,8.783224280675253,8.775720198949179,8.767417907714844,34818260.0,37610900.0,40999700.0,45724160.0,43234800.0,37540860.0,39552670.0,39976960.0,42210570.0,38909420.0,34540735.0,34996900.0,35053525.0,35988490.0,34997605.0,33922983.333333336,34130263.333333336,34121683.333333336,34553850.0,33710263.333333336,35466715.0,36131118.333333336,36307755.0,36468228.333333336,36096146.66666666,1
2019-12-31,9.095317592511787,9.173979723699171,9.095317592511787,9.144481658935547,32342100,1,9.209378051757813,9.25165901184082,9.09580955505371,8.992729314168294,8.831806055704753,27506540.0,36615350.0,35445140.0,34438746.666666664,35462743.333333336,9.095317840576172,9.20347785949707,9.291973114013672,9.311639785766602,9.282140731811523,9.236909866333008,9.28214054107666,9.2919734954834,9.309672546386716,9.293939971923828,9.26050853729248,9.25854196548462,9.254608917236329,9.22117748260498,9.181846237182617,9.081552028656006,9.072210931777953,9.059428358078003,9.037796258926393,9.014689207077025,8.981257756551107,8.966180833180745,8.948154099782307,8.934715970357258,8.92193333307902,8.820316123962403,8.809161901473997,8.794592666625977,8.783224280675253,8.775720198949179,31995000.0,34818260.0,37610900.0,40999700.0,45724160.0,37614900.0,37540860.0,39552670.0,39976960.0,42210570.0,35689670.0,34540735.0,34996900.0,35053525.0,35988490.0,34241220.0,33922983.333333336,34130263.333333336,34121683.333333336,34553850.0,35387498.333333336,35466715.0,36131118.333333336,36307755.0,36468228.333333336,0
2020-01-02,9.134648813941078,9.26247501373291,9.036320679416104,9.26247501373291,43425700,0,9.199545097351074,9.254608821868896,9.121866369247435,9.00813398361206,8.846229934692383,33815360.0,37407530.0,35583770.0,34609890.0,35697498.333333336,9.144481658935547,9.095317840576172,9.20347785949707,9.291973114013672,9.311639785766602,9.209378051757813,9.236909866333008,9.28214054107666,9.2919734954834,9.309672546386716,9.25165901184082,9.26050853729248,9.25854196548462,9.254608917236329,9.22117748260498,9.09580955505371,9.081552028656006,9.072210931777953,9.059428358078003,9.037796258926393,8.992729314168294,8.981257756551107,8.966180833180745,8.948154099782307,8.934715970357258,8.831806055704753,8.820316123962403,8.809161901473997,8.794592666625977,8.783224280675253,27506540.0,31995000.0,34818260.0,37610900.0,40999700.0,36615350.0,37614900.0,37540860.0,39552670.0,39976960.0,35445140.0,35689670.0,34540735.0,34996900.0,35053525.0,34438746.666666664,34241220.0,33922983.333333336,34130263.333333336,34121683.333333336,35462743.333333336,35387498.333333336,35466715.0,36131118.333333336,36307755.0,0
2020-01-03,9.154315499965511,9.213311634907537,8.99699028542458,9.055987358093262,45040800,0,9.152347946166993,9.222160720825196,9.134648990631103,9.018294556935627,8.85946962038676,37031260.0,37321080.0,36336665.0,35072286.666666664,35929991.666666664,9.26247501373291,9.144481658935547,9.095317840576172,9.20347785949707,9.291973114013672,9.199545097351074,9.209378051757813,9.236909866333008,9.28214054107666,9.2919734954834,9.254608821868896,9.25165901184082,9.26050853729248,9.25854196548462,9.254608917236329,9.121866369247435,9.09580955505371,9.081552028656006,9.072210931777953,9.059428358078003,9.00813398361206,8.992729314168294,8.981257756551107,8.966180833180745,8.948154099782307,8.846229934692383,8.831806055704753,8.820316123962403,8.809161901473997,8.794592666625977,33815360.0,27506540.0,31995000.0,34818260.0,37610900.0,37407530.0,36615350.0,37614900.0,37540860.0,39552670.0,35583770.0,35445140.0,35689670.0,34540735.0,34996900.0,34609890.0,34438746.666666664,34241220.0,33922983.333333336,34130263.333333336,35697498.333333336,35462743.333333336,35387498.333333336,35466715.0,36131118.333333336,1
2020-01-06,8.947826455709848,9.01665558702672,8.908495389567838,9.00682258605957,43372300,1,9.113016891479493,9.197578716278077,9.145956659317015,9.03238821029663,8.871567408243815,40051160.0,37434710.0,37216850.0,35242313.333333336,36371221.66666666,9.055987358093262,9.26247501373291,9.144481658935547,9.095317840576172,9.20347785949707,9.152347946166993,9.199545097351074,9.209378051757813,9.236909866333008,9.28214054107666,9.222160720825196,9.254608821868896,9.25165901184082,9.26050853729248,9.25854196548462,9.134648990631103,9.121866369247435,9.09580955505371,9.081552028656006,9.072210931777953,9.018294556935627,9.00813398361206,8.992729314168294,8.981257756551107,8.966180833180745,8.85946962038676,8.846229934692383,8.831806055704753,8.820316123962403,8.809161901473997,37031260.0,33815360.0,27506540.0,31995000.0,34818260.0,37321080.0,37407530.0,36615350.0,37614900.0,37540860.0,36336665.0,35583770.0,35445140.0,35689670.0,34540735.0,35072286.666666664,34609890.0,34438746.666666664,34241220.0,33922983.333333336,35929991.666666664,35697498.333333336,35462743.333333336,35387498.333333336,35466715.0,0
2020-01-07,9.046153772811524,9.095317840576172,8.96749163947872,9.095317840576172,44984100,0,9.113016891479493,9.17496337890625,9.15726432800293,9.050087197621664,8.884172725677493,41833000.0,36914000.0,37911710.0,35636403.333333336,36653130.0,9.00682258605957,9.055987358093262,9.26247501373291,9.144481658935547,9.095317840576172,9.113016891479493,9.152347946166993,9.199545097351074,9.209378051757813,9.236909866333008,9.197578716278077,9.222160720825196,9.254608821868896,9.25165901184082,9.26050853729248,9.145956659317015,9.134648990631103,9.121866369247435,9.09580955505371,9.081552028656006,9.03238821029663,9.018294556935627,9.00813398361206,8.992729314168294,8.981257756551107,8.871567408243815,8.85946962038676,8.846229934692383,8.831806055704753,8.820316123962403,40051160.0,37031260.0,33815360.0,27506540.0,31995000.0,37434710.0,37321080.0,37407530.0,36615350.0,37614900.0,37216850.0,36336665.0,35583770.0,35445140.0,35689670.0,35242313.333333336,35072286.666666664,34609890.0,34438746.666666664,34241220.0,36371221.66666666,35929991.666666664,35697498.333333336,35462743.333333336,35387498.333333336,1
2020-01-08,9.075651838379674,9.144481908340822,9.016655707243373,9.095317840576172,45994900,1,9.103184127807618,9.156281089782713,9.169063663482666,9.061886501312255,8.894198322296143,44563560.0,36035050.0,39122810.0,36004010.0,36850116.66666666,9.095317840576172,9.00682258605957,9.055987358093262,9.26247501373291,9.144481658935547,9.113016891479493,9.113016891479493,9.152347946166993,9.199545097351074,9.209378051757813,9.17496337890625,9.197578716278077,9.222160720825196,9.254608821868896,9.25165901184082,9.15726432800293,9.145956659317015,9.134648990631103,9.121866369247435,9.09580955505371,9.050087197621664,9.03238821029663,9.018294556935627,9.00813398361206,8.992729314168294,8.884172725677493,8.871567408243815,8.85946962038676,8.846229934692383,8.831806055704753,41833000.0,40051160.0,37031260.0,33815360.0,27506540.0,36914000.0,37434710.0,37321080.0,37407530.0,36615350.0,37911710.0,37216850.0,36336665.0,35583770.0,35445140.0,35636403.333333336,35242313.333333336,35072286.666666664,34609890.0,34438746.666666664,36653130.0,36371221.66666666,35929991.666666664,35697498.333333336,35462743.333333336,1
2020-01-09,9.144482244565165,9.154315246024954,9.026489040227586,9.105151176452637,51817400,0,9.071719360351562,9.135632228851318,9.17840485572815,9.070408248901368,8.903742869695026,46241900.0,40028630.0,40002795.0,36711893.333333336,37300498.333333336,9.095317840576172,9.095317840576172,9.00682258605957,9.055987358093262,9.26247501373291,9.103184127807618,9.113016891479493,9.113016891479493,9.152347946166993,9.199545097351074,9.156281089782713,9.17496337890625,9.197578716278077,9.222160720825196,9.254608821868896,9.169063663482666,9.15726432800293,9.145956659317015,9.134648990631103,9.121866369247435,9.061886501312255,9.050087197621664,9.03238821029663,9.018294556935627,9.00813398361206,8.894198322296143,8.884172725677493,8.871567408243815,8.85946962038676,8.846229934692383,44563560.0,41833000.0,40051160.0,37031260.0,33815360.0,36035050.0,36914000.0,37434710.0,37321080.0,37407530.0,39122810.0,37911710.0,37216850.0,36336665.0,35583770.0,36004010.0,35636403.333333336,35242313.333333336,35072286.666666664,34609890.0,36850116.66666666,36653130.0,36371221.66666666,35929991.666666664,35697498.333333336,1
2020-01-10,9.114983842772672,9.203478039477123,9.095317840576172,9.095317840576172,39796300,0,9.079585456848145,9.115966701507569,9.185287809371948,9.078274472554524,8.909092696507773,45193000.0,41112130.0,40332400.0,37035310.0,37467575.0,9.105151176452637,9.095317840576172,9.095317840576172,9.00682258605957,9.055987358093262,9.071719360351562,9.103184127807618,9.113016891479493,9.113016891479493,9.152347946166993,9.135632228851318,9.156281089782713,9.17496337890625,9.197578716278077,9.222160720825196,9.17840485572815,9.169063663482666,9.15726432800293,9.145956659317015,9.134648990631103,9.070408248901368,9.061886501312255,9.050087197621664,9.03238821029663,9.018294556935627,8.903742869695026,8.894198322296143,8.884172725677493,8.871567408243815,8.85946962038676,46241900.0,44563560.0,41833000.0,40051160.0,37031260.0,40028630.0,36035050.0,36914000.0,37434710.0,37321080.0,40002795.0,39122810.0,37911710.0,37216850.0,36336665.0,36711893.333333336,36004010.0,35636403.333333336,35242313.333333336,35072286.666666664,37300498.333333336,36850116.66666666,36653130.0,36371221.66666666,35929991.666666664,0
2020-01-13,9.095317505435633,9.105150506171563,8.957658308312341,9.085484504699707,48553700,1,9.095317840576172,9.104167366027832,9.181354665756226,9.082863076527913,8.914278634389241,46229280.0,43140220.0,40340540.0,37407230.0,37823631.66666666,9.095317840576172,9.105151176452637,9.095317840576172,9.095317840576172,9.00682258605957,9.079585456848145,9.071719360351562,9.103184127807618,9.113016891479493,9.113016891479493,9.115966701507569,9.135632228851318,9.156281089782713,9.17496337890625,9.197578716278077,9.185287809371948,9.17840485572815,9.169063663482666,9.15726432800293,9.145956659317015,9.078274472554524,9.070408248901368,9.061886501312255,9.050087197621664,9.03238821029663,8.909092696507773,8.903742869695026,8.894198322296143,8.884172725677493,8.871567408243815,45193000.0,46241900.0,44563560.0,41833000.0,40051160.0,41112130.0,40028630.0,36035050.0,36914000.0,37434710.0,40332400.0,40002795.0,39122810.0,37911710.0,37216850.0,37035310.0,36711893.333333336,36004010.0,35636403.333333336,35242313.333333336,37467575.0,37300498.333333336,36850116.66666666,36653130.0,36371221.66666666,1
2020-01-14,9.06582014171475,9.173980344990717,9.055987140218763,9.134649276733398,42935600,0,9.103184127807618,9.108100509643554,9.184304523468018,9.090401522318523,8.919639046986898,45819580.0,43826290.0,40720595.0,38401876.66666666,38066538.333333336,9.085484504699707,9.095317840576172,9.105151176452637,9.095317840576172,9.095317840576172,9.095317840576172,9.079585456848145,9.071719360351562,9.103184127807618,9.113016891479493,9.104167366027832,9.115966701507569,9.135632228851318,9.156281089782713,9.17496337890625,9.181354665756226,9.185287809371948,9.17840485572815,9.169063663482666,9.15726432800293,9.082863076527913,9.078274472554524,9.070408248901368,9.061886501312255,9.050087197621664,8.914278634389241,8.909092696507773,8.903742869695026,8.894198322296143,8.884172725677493,46229280.0,45193000.0,46241900.0,44563560.0,41833000.0,43140220.0,41112130.0,40028630.0,36035050.0,36914000.0,40340540.0,40332400.0,40002795.0,39122810.0,37911710.0,37407230.0,37035310.0,36711893.333333336,36004010.0,35636403.333333336,37823631.66666666,37467575.0,37300498.333333336,36850116.66666666,36653130.0,0
2020-01-15,9.114983756656539,9.144481821946002,9.026488623061569,9.036320686340332,55923900,0,9.09138469696045,9.097284412384033,9.174471712112426,9.096301174163818,8.920458443959554,47805380.0,46184470.0,41399910.0,39024916.66666666,38291555.0,9.134649276733398,9.085484504699707,9.095317840576172,9.105151176452637,9.095317840576172,9.103184127807618,9.095317840576172,9.079585456848145,9.071719360351562,9.103184127807618,9.108100509643554,9.104167366027832,9.115966701507569,9.135632228851318,9.156281089782713,9.184304523468018,9.181354665756226,9.185287809371948,9.17840485572815,9.169063663482666,9.090401522318523,9.082863076527913,9.078274472554524,9.070408248901368,9.061886501312255,8.919639046986898,8.914278634389241,8.909092696507773,8.903742869695026,8.894198322296143,45819580.0,46229280.0,45193000.0,46241900.0,44563560.0,43826290.0,43140220.0,41112130.0,40028630.0,36035050.0,40720595.0,40340540.0,40332400.0,40002795.0,39122810.0,38401876.66666666,37407230.0,37035310.0,36711893.333333336,36004010.0,38066538.333333336,37823631.66666666,37467575.0,37300498.333333336,36850116.66666666,0
2020-01-16,9.075652054477077,9.124816123412355,8.996989919271275,9.016655921936037,44310400,0,9.073685646057127,9.072702503204344,9.163655662536618,9.105478413899739,8.92275276184082,46303980.0,46272940.0,41840235.0,39146826.66666666,38469891.66666666,9.036320686340332,9.134649276733398,9.085484504699707,9.095317840576172,9.105151176452637,9.09138469696045,9.103184127807618,9.095317840576172,9.079585456848145,9.071719360351562,9.097284412384033,9.108100509643554,9.104167366027832,9.115966701507569,9.135632228851318,9.174471712112426,9.184304523468018,9.181354665756226,9.185287809371948,9.17840485572815,9.096301174163818,9.090401522318523,9.082863076527913,9.078274472554524,9.070408248901368,8.920458443959554,8.919639046986898,8.914278634389241,8.909092696507773,8.903742869695026,47805380.0,45819580.0,46229280.0,45193000.0,46241900.0,46184470.0,43826290.0,43140220.0,41112130.0,40028630.0,41399910.0,40720595.0,40340540.0,40332400.0,40002795.0,39024916.66666666,38401876.66666666,37407230.0,37035310.0,36711893.333333336,38291555.0,38066538.333333336,37823631.66666666,37467575.0,37300498.333333336,0
2020-01-17,9.036320651234432,9.07565171737644,8.977324520884709,9.00682258605957,41644900,1,9.055986595153806,9.067786026000977,9.144973373413086,9.112361335754397,8.92422768274943,46673700.0,45933350.0,41627215.0,39535560.0,38565998.333333336,9.016655921936037,9.036320686340332,9.134649276733398,9.085484504699707,9.095317840576172,9.073685646057127,9.09138469696045,9.103184127807618,9.095317840576172,9.079585456848145,9.072702503204344,9.097284412384033,9.108100509643554,9.104167366027832,9.115966701507569,9.163655662536618,9.174471712112426,9.184304523468018,9.181354665756226,9.185287809371948,9.105478413899739,9.096301174163818,9.090401522318523,9.082863076527913,9.078274472554524,8.92275276184082,8.920458443959554,8.919639046986898,8.914278634389241,8.909092696507773,46303980.0,47805380.0,45819580.0,46229280.0,45193000.0,46272940.0,46184470.0,43826290.0,43140220.0,41112130.0,41840235.0,41399910.0,40720595.0,40340540.0,40332400.0,39146826.66666666,39024916.66666666,38401876.66666666,37407230.0,37035310.0,38469891.66666666,38291555.0,38066538.333333336,37823631.66666666,37467575.0,1
2020-01-21,8.99699028542458,9.06582035982582,8.947827152215114,9.055987358093262,49556400,0,9.050087165832519,9.072702503204344,9.13514060974121,9.12153860727946,8.92422768274943,46874240.0,46551760.0,41993235.0,40328486.66666666,38645765.0,9.00682258605957,9.016655921936037,9.036320686340332,9.134649276733398,9.085484504699707,9.055986595153806,9.073685646057127,9.09138469696045,9.103184127807618,9.095317840576172,9.067786026000977,9.072702503204344,9.097284412384033,9.108100509643554,9.104167366027832,9.144973373413086,9.163655662536618,9.174471712112426,9.184304523468018,9.181354665756226,9.112361335754397,9.105478413899739,9.096301174163818,9.090401522318523,9.082863076527913,8.92422768274943,8.92275276184082,8.920458443959554,8.919639046986898,8.914278634389241,46673700.0,46303980.0,47805380.0,45819580.0,46229280.0,45933350.0,46272940.0,46184470.0,43826290.0,43140220.0,41627215.0,41840235.0,41399910.0,40720595.0,40340540.0,39535560.0,39146826.66666666,39024916.66666666,38401876.66666666,37407230.0,38565998.333333336,38469891.66666666,38291555.0,38066538.333333336,37823631.66666666,1
2020-01-22,9.06581965413588,9.09531771931074,8.996989585092422,9.00682258605957,39914800,0,9.024521827697754,9.063852977752683,9.119408178329467,9.126127211252848,8.933404922485352,46270080.0,46044830.0,41479415.0,40622750.0,37304425.0,9.055987358093262,9.00682258605957,9.016655921936037,9.036320686340332,9.134649276733398,9.050087165832519,9.055986595153806,9.073685646057127,9.09138469696045,9.103184127807618,9.072702503204344,9.067786026000977,9.072702503204344,9.097284412384033,9.108100509643554,9.13514060974121,9.144973373413086,9.163655662536618,9.174471712112426,9.184304523468018,9.12153860727946,9.112361335754397,9.105478413899739,9.096301174163818,9.090401522318523,8.92422768274943,8.92422768274943,8.92275276184082,8.920458443959554,8.919639046986898,46874240.0,46673700.0,46303980.0,47805380.0,45819580.0,46551760.0,45933350.0,46272940.0,46184470.0,43826290.0,41993235.0,41627215.0,41840235.0,41399910.0,40720595.0,40328486.66666666,39535560.0,39146826.66666666,39024916.66666666,38401876.66666666,38645765.0,38565998.333333336,38469891.66666666,38291555.0,38066538.333333336,1
2020-01-23,8.987157821655273,9.006822886518995,8.780669483089811,8.987157821655273,75848700,0,9.014689254760745,9.053036975860596,9.104659032821656,9.130388100941977,8.940287860234578,50255040.0,49030210.0,42532630.0,42425276.66666666,37712343.333333336,9.00682258605957,9.055987358093262,9.00682258605957,9.016655921936037,9.036320686340332,9.024521827697754,9.050087165832519,9.055986595153806,9.073685646057127,9.09138469696045,9.063852977752683,9.072702503204344,9.067786026000977,9.072702503204344,9.097284412384033,9.119408178329467,9.13514060974121,9.144973373413086,9.163655662536618,9.174471712112426,9.126127211252848,9.12153860727946,9.112361335754397,9.105478413899739,9.096301174163818,8.933404922485352,8.92422768274943,8.92422768274943,8.92275276184082,8.920458443959554,46270080.0,46874240.0,46673700.0,46303980.0,47805380.0,46044830.0,46551760.0,45933350.0,46272940.0,46184470.0,41479415.0,41993235.0,41627215.0,41840235.0,41399910.0,40622750.0,40328486.66666666,39535560.0,39146826.66666666,39024916.66666666,37304425.0,38645765.0,38565998.333333336,38469891.66666666,38291555.0,1
2020-01-24,8.95765895146057,8.967491952902492,8.810167680738232,8.849498748779297,68100900,0,8.981257820129395,9.02747173309326,9.08155198097229,9.128093814849851,8.946679178873698,55013140.0,50658560.0,45343595.0,43554716.66666666,38186770.0,8.987157821655273,9.00682258605957,9.055987358093262,9.00682258605957,9.016655921936037,9.014689254760745,9.024521827697754,9.050087165832519,9.055986595153806,9.073685646057127,9.053036975860596,9.063852977752683,9.072702503204344,9.067786026000977,9.072702503204344,9.104659032821656,9.119408178329467,9.13514060974121,9.144973373413086,9.163655662536618,9.130388100941977,9.126127211252848,9.12153860727946,9.112361335754397,9.105478413899739,8.940287860234578,8.933404922485352,8.92422768274943,8.92422768274943,8.92275276184082,50255040.0,46270080.0,46874240.0,46673700.0,46303980.0,49030210.0,46044830.0,46551760.0,45933350.0,46272940.0,42532630.0,41479415.0,41993235.0,41627215.0,41840235.0,42425276.66666666,40622750.0,40328486.66666666,39535560.0,39146826.66666666,37712343.333333336,37304425.0,38645765.0,38565998.333333336,38469891.66666666,0
2020-01-27,8.731505728209767,8.810167865945527,8.633177587176734,8.741338729858397,60769300,1,8.92816104888916,8.992073822021485,9.054020261764526,9.120883146921793,8.950776179631553,58838020.0,52755860.0,46933995.0,44473553.333333336,38586728.333333336,8.849498748779297,8.987157821655273,9.00682258605957,9.055987358093262,9.00682258605957,8.981257820129395,9.014689254760745,9.024521827697754,9.050087165832519,9.055986595153806,9.02747173309326,9.053036975860596,9.063852977752683,9.072702503204344,9.067786026000977,9.08155198097229,9.104659032821656,9.119408178329467,9.13514060974121,9.144973373413086,9.128093814849851,9.130388100941977,9.126127211252848,9.12153860727946,9.112361335754397,8.946679178873698,8.940287860234578,8.933404922485352,8.92422768274943,8.92422768274943,55013140.0,50255040.0,46270080.0,46874240.0,46673700.0,50658560.0,49030210.0,46044830.0,46551760.0,45933350.0,45343595.0,42532630.0,41479415.0,41993235.0,41627215.0,43554716.66666666,42425276.66666666,40622750.0,40328486.66666666,39535560.0,38186770.0,37712343.333333336,37304425.0,38645765.0,38565998.333333336,0
2020-01-28,8.790501644285412,8.84949871498503,8.711839508503676,8.820000648498535,85163400,1,8.880963706970215,8.965525436401368,9.0348464012146,9.109411589304607,8.957823006312053,65959420.0,56416830.0,49778525.0,45699303.33333334,39528030.0,8.741338729858397,8.849498748779297,8.987157821655273,9.00682258605957,9.055987358093262,8.92816104888916,8.981257820129395,9.014689254760745,9.024521827697754,9.050087165832519,8.992073822021485,9.02747173309326,9.053036975860596,9.063852977752683,9.072702503204344,9.054020261764526,9.08155198097229,9.104659032821656,9.119408178329467,9.13514060974121,9.120883146921793,9.128093814849851,9.130388100941977,9.126127211252848,9.12153860727946,8.950776179631553,8.946679178873698,8.940287860234578,8.933404922485352,8.92422768274943,58838020.0,55013140.0,50255040.0,46270080.0,46874240.0,52755860.0,50658560.0,49030210.0,46044830.0,46551760.0,46933995.0,45343595.0,42532630.0,41479415.0,41993235.0,44473553.333333336,43554716.66666666,42425276.66666666,40622750.0,40328486.66666666,38586728.333333336,38186770.0,37712343.333333336,37304425.0,38645765.0,0
2020-01-29,8.850000381469727,8.960000038146973,8.84000015258789,8.859999656677246,59057400,0,8.85159912109375,8.938060474395751,9.023080492019654,9.102223173777263,8.964717086156211,69787940.0,58029010.0,50927650.0,46490066.66666666,40026918.333333336,8.820000648498535,8.741338729858397,8.849498748779297,8.987157821655273,9.00682258605957,8.880963706970215,8.92816104888916,8.981257820129395,9.014689254760745,9.024521827697754,8.965525436401368,8.992073822021485,9.02747173309326,9.053036975860596,9.063852977752683,9.0348464012146,9.054020261764526,9.08155198097229,9.104659032821656,9.119408178329467,9.109411589304607,9.120883146921793,9.128093814849851,9.130388100941977,9.126127211252848,8.957823006312053,8.950776179631553,8.946679178873698,8.940287860234578,8.933404922485352,65959420.0,58838020.0,55013140.0,50255040.0,46270080.0,56416830.0,52755860.0,50658560.0,49030210.0,46044830.0,49778525.0,46933995.0,45343595.0,42532630.0,41479415.0,45699303.33333334,44473553.333333336,43554716.66666666,42425276.66666666,40622750.0,39528030.0,38586728.333333336,38186770.0,37712343.333333336,37304425.0,0
2020-01-30,8.8100004196167,8.84000015258789,8.729999542236326,8.84000015258789,42827800,0,8.822167587280273,8.918428421020508,9.007856416702273,9.08912394841512,8.966361443201698,63183760.0,56719400.0,51451935.0,46506406.66666666,39818133.333333336,8.859999656677246,8.820000648498535,8.741338729858397,8.849498748779297,8.987157821655273,8.85159912109375,8.880963706970215,8.92816104888916,8.981257820129395,9.014689254760745,8.938060474395751,8.965525436401368,8.992073822021485,9.02747173309326,9.053036975860596,9.023080492019654,9.0348464012146,9.054020261764526,9.08155198097229,9.104659032821656,9.102223173777263,9.109411589304607,9.120883146921793,9.128093814849851,9.130388100941977,8.964717086156211,8.957823006312053,8.950776179631553,8.946679178873698,8.940287860234578,69787940.0,65959420.0,58838020.0,55013140.0,50255040.0,58029010.0,56416830.0,52755860.0,50658560.0,49030210.0,50927650.0,49778525.0,46933995.0,45343595.0,42532630.0,46490066.66666666,45699303.33333334,44473553.333333336,43554716.66666666,42425276.66666666,40026918.333333336,39528030.0,38586728.333333336,38186770.0,37712343.333333336,1
2020-01-31,8.779999732971191,8.84000015258789,8.739999771118164,8.819999694824219,59813700,1,8.816267776489259,8.898762798309326,8.985732650756836,9.075358041127522,8.965869792302449,61526320.0,58269730.0,52271335.0,47316733.33333334,40036420.0,8.84000015258789,8.859999656677246,8.820000648498535,8.741338729858397,8.849498748779297,8.822167587280273,8.85159912109375,8.880963706970215,8.92816104888916,8.981257820129395,8.918428421020508,8.938060474395751,8.965525436401368,8.992073822021485,9.02747173309326,9.007856416702273,9.023080492019654,9.0348464012146,9.054020261764526,9.08155198097229,9.08912394841512,9.102223173777263,9.109411589304607,9.120883146921793,9.128093814849851,8.966361443201698,8.964717086156211,8.957823006312053,8.950776179631553,8.946679178873698,63183760.0,69787940.0,65959420.0,58838020.0,55013140.0,56719400.0,58029010.0,56416830.0,52755860.0,50658560.0,51451935.0,50927650.0,49778525.0,46933995.0,45343595.0,46506406.66666666,46490066.66666666,45699303.33333334,44473553.333333336,43554716.66666666,39818133.333333336,40026918.333333336,39528030.0,38586728.333333336,38186770.0,0
2020-02-03,8.850000381469727,9.140000343322754,8.850000381469727,8.979999542236328,71432700,1,8.863999938964842,8.896080493927002,8.98193325996399,9.062009080251057,8.967717043558757,63659000.0,61248510.0,53590930.0,48167646.66666666,40600803.333333336,8.819999694824219,8.84000015258789,8.859999656677246,8.820000648498535,8.741338729858397,8.816267776489259,8.822167587280273,8.85159912109375,8.880963706970215,8.92816104888916,8.898762798309326,8.918428421020508,8.938060474395751,8.965525436401368,8.992073822021485,8.985732650756836,9.007856416702273,9.023080492019654,9.0348464012146,9.054020261764526,9.075358041127522,9.08912394841512,9.102223173777263,9.109411589304607,9.120883146921793,8.965869792302449,8.966361443201698,8.964717086156211,8.957823006312053,8.950776179631553,61526320.0,63183760.0,69787940.0,65959420.0,58838020.0,58269730.0,56719400.0,58029010.0,56416830.0,52755860.0,52271335.0,51451935.0,50927650.0,49778525.0,46933995.0,47316733.33333334,46506406.66666666,46490066.66666666,45699303.33333334,44473553.333333336,40036420.0,39818133.333333336,40026918.333333336,39528030.0,38586728.333333336,0
2020-02-04,9.079999923706056,9.239999771118164,9.06999969482422,9.18000030517578,86196400,0,8.935999870300293,8.908481788635251,8.9905921459198,9.059587669372556,8.974536434809368,63865600.0,64912510.0,55732135.0,49632993.33333334,41379115.0,8.979999542236328,8.819999694824219,8.84000015258789,8.859999656677246,8.820000648498535,8.863999938964842,8.816267776489259,8.822167587280273,8.85159912109375,8.880963706970215,8.896080493927002,8.898762798309326,8.918428421020508,8.938060474395751,8.965525436401368,8.98193325996399,8.985732650756836,9.007856416702273,9.023080492019654,9.0348464012146,9.062009080251057,9.075358041127522,9.08912394841512,9.102223173777263,9.109411589304607,8.967717043558757,8.965869792302449,8.966361443201698,8.964717086156211,8.957823006312053,63659000.0,61526320.0,63183760.0,69787940.0,65959420.0,61248510.0,58269730.0,56719400.0,58029010.0,56416830.0,53590930.0,52271335.0,51451935.0,50927650.0,49778525.0,48167646.66666666,47316733.33333334,46506406.66666666,46490066.66666666,45699303.33333334,40600803.333333336,40036420.0,39818133.333333336,40026918.333333336,39528030.0,0
2020-02-05,8.409999847412111,8.479999542236326,8.260000228881836,8.310000419616701,145792500,0,8.826000022888184,8.838799571990966,8.951326274871828,9.025871976216633,8.967347462972006,81212620.0,75500280.0,60772555.0,52819703.33333334,43264983.333333336,9.18000030517578,8.979999542236328,8.819999694824219,8.84000015258789,8.859999656677246,8.935999870300293,8.863999938964842,8.816267776489259,8.822167587280273,8.85159912109375,8.908481788635251,8.896080493927002,8.898762798309326,8.918428421020508,8.938060474395751,8.9905921459198,8.98193325996399,8.985732650756836,9.007856416702273,9.023080492019654,9.059587669372556,9.062009080251057,9.075358041127522,9.08912394841512,9.102223173777263,8.974536434809368,8.967717043558757,8.965869792302449,8.966361443201698,8.964717086156211,63865600.0,63659000.0,61526320.0,63183760.0,69787940.0,64912510.0,61248510.0,58269730.0,56719400.0,58029010.0,55732135.0,53590930.0,52271335.0,51451935.0,50927650.0,49632993.33333334,48167646.66666666,47316733.33333334,46506406.66666666,46490066.66666666,41379115.0,40600803.333333336,40036420.0,39818133.333333336,40026918.333333336,0
2020-02-06,8.369999885559082,8.380000114440918,8.25,8.25,68823400,0,8.707999992370606,8.765083789825441,8.909060382843018,8.99146728515625,8.956700309117632,86411740.0,74797750.0,61913980.0,53287670.0,43920760.0,8.310000419616701,9.18000030517578,8.979999542236328,8.819999694824219,8.84000015258789,8.826000022888184,8.935999870300293,8.863999938964842,8.816267776489259,8.822167587280273,8.838799571990966,8.908481788635251,8.896080493927002,8.898762798309326,8.918428421020508,8.951326274871828,8.9905921459198,8.98193325996399,8.985732650756836,9.007856416702273,9.025871976216633,9.059587669372556,9.062009080251057,9.075358041127522,9.08912394841512,8.967347462972006,8.974536434809368,8.967717043558757,8.965869792302449,8.966361443201698,81212620.0,63865600.0,63659000.0,61526320.0,63183760.0,75500280.0,64912510.0,61248510.0,58269730.0,56719400.0,60772555.0,55732135.0,53590930.0,52271335.0,51451935.0,52819703.33333334,49632993.33333334,48167646.66666666,47316733.33333334,46506406.66666666,43264983.333333336,41379115.0,40600803.333333336,40036420.0,39818133.333333336,0
2020-02-07,8.210000038146973,8.210000038146973,8.020000457763674,8.109999656677246,98256500,0,8.565999984741211,8.691133880615235,8.859302806854249,8.951412614186605,8.94306429227193,94100300.0,77813310.0,64235935.0,56166833.33333334,45144258.33333334,8.25,8.310000419616701,9.18000030517578,8.979999542236328,8.819999694824219,8.707999992370606,8.826000022888184,8.935999870300293,8.863999938964842,8.816267776489259,8.765083789825441,8.838799571990966,8.908481788635251,8.896080493927002,8.898762798309326,8.909060382843018,8.951326274871828,8.9905921459198,8.98193325996399,8.985732650756836,8.99146728515625,9.025871976216633,9.059587669372556,9.062009080251057,9.075358041127522,8.956700309117632,8.967347462972006,8.974536434809368,8.967717043558757,8.965869792302449,86411740.0,81212620.0,63865600.0,63659000.0,61526320.0,74797750.0,75500280.0,64912510.0,61248510.0,58269730.0,61913980.0,60772555.0,55732135.0,53590930.0,52271335.0,53287670.0,52819703.33333334,49632993.33333334,48167646.66666666,47316733.33333334,43920760.0,43264983.333333336,41379115.0,40600803.333333336,40036420.0,1
