Date,Open,High,Low,Close,Volume,sgn,ma5,ma10,ma20,ma30,ma60,ma_vol5,ma_vol10,ma_vol20,ma_vol30,ma_vol60,Pre1Close,Pre2Close,Pre3Close,Pre4Close,Pre5Close,Pre1ma5,Pre2ma5,Pre3ma5,Pre4ma5,Pre5ma5,Pre1ma10,Pre2ma10,Pre3ma10,Pre4ma10,Pre5ma10,Pre1ma20,Pre2ma20,Pre3ma20,Pre4ma20,Pre5ma20,Pre1ma30,Pre2ma30,Pre3ma30,Pre4ma30,Pre5ma30,Pre1ma60,Pre2ma60,Pre3ma60,Pre4ma60,Pre5ma60,Pre1ma_vol5,Pre2ma_vol5,Pre3ma_vol5,Pre4ma_vol5,Pre5ma_vol5,Pre1ma_vol10,Pre2ma_vol10,Pre3ma_vol10,Pre4ma_vol10,Pre5ma_vol10,Pre1ma_vol20,Pre2ma_vol20,Pre3ma_vol20,Pre4ma_vol20,Pre5ma_vol20,Pre1ma_vol30,Pre2ma_vol30,Pre3ma_vol30,Pre4ma_vol30,Pre5ma_vol30,Pre1ma_vol60,Pre2ma_vol60,Pre3ma_vol60,Pre4ma_vol60,Pre5ma_vol60,predict
2018-02-09,14.283285865078778,14.645421337510482,13.996947870236347,14.519095420837402,30841800,1,14.396138000488284,14.80754041671753,15.447601509094238,15.540213489532473,15.074847586949662,23623900.0,20487340.0,20102940.0,17669543.333333332,16138620.0,14.148536682128904,14.56120491027832,14.594890594482422,14.156962394714355,14.738061904907227,14.439931297302243,14.652159500122073,14.768379402160644,14.91997127532959,15.218942832946775,14.925832271575928,15.085362720489506,15.230395984649654,15.39799394607544,15.624442100524902,15.524733400344848,15.60700831413269,15.671159410476685,15.730280113220214,15.815061616897585,15.561518891652426,15.594897397359214,15.61284726460775,15.630231952667234,15.653569825490315,15.076298252741495,15.086852820714315,15.093875773747762,15.101592143376667,15.117164993286133,21154240.0,20629000.0,20498980.0,18592220.0,17350780.0,19115850.0,19117760.0,18887980.0,18074910.0,17298650.0,19430230.0,19235720.0,18804455.0,18018810.0,17409480.0,17009630.0,16713040.0,16337533.333333336,15942956.666666664,15781670.0,15782343.333333336,15660143.333333336,15505153.333333336,15208778.333333336,14971793.333333336,0
2018-02-12,14.611735565386136,14.687531438674025,14.359082118986109,14.569625854492188,17074200,1,14.478670692443847,14.699320983886716,15.359611415863034,15.515294392903645,15.074657344818116,22356360.0,20474290.0,20150800.0,17888640.0,16172526.666666664,14.519095420837402,14.148536682128904,14.56120491027832,14.594890594482422,14.156962394714355,14.396138000488284,14.439931297302243,14.652159500122073,14.768379402160644,14.91997127532959,14.80754041671753,14.925832271575928,15.085362720489506,15.230395984649654,15.39799394607544,15.447601509094238,15.524733400344848,15.60700831413269,15.671159410476685,15.730280113220214,15.540213489532473,15.561518891652426,15.594897397359214,15.61284726460775,15.630231952667234,15.074847586949662,15.076298252741495,15.086852820714315,15.093875773747762,15.101592143376667,23623900.0,21154240.0,20629000.0,20498980.0,18592220.0,20487340.0,19115850.0,19117760.0,18887980.0,18074910.0,20102940.0,19430230.0,19235720.0,18804455.0,18018810.0,17669543.333333332,17009630.0,16713040.0,16337533.333333336,15942956.666666664,16138620.0,15782343.333333336,15660143.333333336,15505153.333333336,15208778.333333336,0
2018-02-13,14.485409896602704,14.69595363576076,14.434878242653468,14.645421981811525,9058300,1,14.488776969909669,14.628578186035154,15.28084888458252,15.499594084421794,15.081307379404704,18563620.0,19531300.0,19587615.0,17841440.0,16007301.666666664,14.569625854492188,14.519095420837402,14.148536682128904,14.56120491027832,14.594890594482422,14.478670692443847,14.396138000488284,14.439931297302243,14.652159500122073,14.768379402160644,14.699320983886716,14.80754041671753,14.925832271575928,15.085362720489506,15.230395984649654,15.359611415863034,15.447601509094238,15.524733400344848,15.60700831413269,15.671159410476685,15.515294392903645,15.540213489532473,15.561518891652426,15.594897397359214,15.61284726460775,15.074657344818116,15.074847586949662,15.076298252741495,15.086852820714315,15.093875773747762,22356360.0,23623900.0,21154240.0,20629000.0,20498980.0,20474290.0,20487340.0,19115850.0,19117760.0,18887980.0,20150800.0,20102940.0,19430230.0,19235720.0,18804455.0,17888640.0,17669543.333333332,17009630.0,16713040.0,16337533.333333336,16172526.666666664,16138620.0,15782343.333333336,15660143.333333336,15505153.333333336,0
2018-02-14,14.493829029095412,14.805434443956187,14.443298985663244,14.695952415466307,10854100,0,14.515726470947266,14.583942985534668,15.197083806991575,15.46522216796875,15.091588099797569,16862500.0,18745750.0,19155250.0,17663606.666666668,15931605.0,14.645421981811525,14.569625854492188,14.519095420837402,14.148536682128904,14.56120491027832,14.488776969909669,14.478670692443847,14.396138000488284,14.439931297302243,14.652159500122073,14.628578186035154,14.699320983886716,14.80754041671753,14.925832271575928,15.085362720489506,15.28084888458252,15.359611415863034,15.447601509094238,15.524733400344848,15.60700831413269,15.499594084421794,15.515294392903645,15.540213489532473,15.561518891652426,15.594897397359214,15.081307379404704,15.074657344818116,15.074847586949662,15.076298252741495,15.086852820714315,18563620.0,22356360.0,23623900.0,21154240.0,20629000.0,19531300.0,20474290.0,20487340.0,19115850.0,19117760.0,19587615.0,20150800.0,20102940.0,19430230.0,19235720.0,17841440.0,17888640.0,17669543.333333332,17009630.0,16713040.0,16007301.666666664,16172526.666666664,16138620.0,15782343.333333336,15660143.333333336,0
2018-02-15,14.805435371553187,14.864387360304384,14.443299890571566,14.578047752380373,14914000,0,14.60162868499756,14.520779991149904,15.130847072601318,15.422458426157634,15.097394053141274,16548480.0,18851360.0,18050560.0,17697620.0,15976223.333333336,14.695952415466307,14.645421981811525,14.569625854492188,14.519095420837402,14.148536682128904,14.515726470947266,14.488776969909669,14.478670692443847,14.396138000488284,14.439931297302243,14.583942985534668,14.628578186035154,14.699320983886716,14.80754041671753,14.925832271575928,15.197083806991575,15.28084888458252,15.359611415863034,15.447601509094238,15.524733400344848,15.46522216796875,15.499594084421794,15.515294392903645,15.540213489532473,15.561518891652426,15.091588099797569,15.081307379404704,15.074657344818116,15.074847586949662,15.076298252741495,16862500.0,18563620.0,22356360.0,23623900.0,21154240.0,18745750.0,19531300.0,20474290.0,20487340.0,19115850.0,19155250.0,19587615.0,20150800.0,20102940.0,19430230.0,17663606.666666668,17841440.0,17888640.0,17669543.333333332,17009630.0,15931605.0,16007301.666666664,16172526.666666664,16138620.0,15782343.333333336,0
2018-02-16,14.535936856930867,14.60331077489899,14.283283459809716,14.367501258850098,15042500,0,14.571309852600098,14.48372392654419,15.054083013534546,15.371282386779786,15.098993857701618,13388620.0,18506260.0,17902455.0,17775073.333333332,16060471.666666664,14.578047752380373,14.695952415466307,14.645421981811525,14.569625854492188,14.519095420837402,14.60162868499756,14.515726470947266,14.488776969909669,14.478670692443847,14.396138000488284,14.520779991149904,14.583942985534668,14.628578186035154,14.699320983886716,14.80754041671753,15.130847072601318,15.197083806991575,15.28084888458252,15.359611415863034,15.447601509094238,15.422458426157634,15.46522216796875,15.499594084421794,15.515294392903645,15.540213489532473,15.097394053141274,15.091588099797569,15.081307379404704,15.074657344818116,15.074847586949662,16548480.0,16862500.0,18563620.0,22356360.0,23623900.0,18851360.0,18745750.0,19531300.0,20474290.0,20487340.0,18050560.0,19155250.0,19587615.0,20150800.0,20102940.0,17697620.0,17663606.666666668,17841440.0,17888640.0,17669543.333333332,15976223.333333336,15931605.0,16007301.666666664,16172526.666666664,16138620.0,0
2018-02-20,14.359085615742517,14.47699122863699,14.232759664939936,14.316977500915527,13406600,0,14.520780181884765,14.499725437164305,14.948859691619873,15.320095221201576,15.10240058898926,12655100.0,17505730.0,17790320.0,17847783.333333332,16109743.333333336,14.367501258850098,14.578047752380373,14.695952415466307,14.645421981811525,14.569625854492188,14.571309852600098,14.60162868499756,14.515726470947266,14.488776969909669,14.478670692443847,14.48372392654419,14.520779991149904,14.583942985534668,14.628578186035154,14.699320983886716,15.054083013534546,15.130847072601318,15.197083806991575,15.28084888458252,15.359611415863034,15.371282386779786,15.422458426157634,15.46522216796875,15.499594084421794,15.515294392903645,15.098993857701618,15.097394053141274,15.091588099797569,15.081307379404704,15.074657344818116,13388620.0,16548480.0,16862500.0,18563620.0,22356360.0,18506260.0,18851360.0,18745750.0,19531300.0,20474290.0,17902455.0,18050560.0,19155250.0,19587615.0,20150800.0,17775073.333333332,17697620.0,17663606.666666668,17841440.0,17888640.0,16060471.666666664,15976223.333333336,15931605.0,16007301.666666664,16172526.666666664,0
2018-02-21,14.291706993522705,14.367502860476348,14.10642910003662,14.10642910003662,13464500,0,14.412981605529785,14.450879287719724,14.840637636184692,15.264399369557701,15.099091450373333,13536340.0,16049980.0,17468980.0,17886296.666666668,16177510.0,14.316977500915527,14.367501258850098,14.578047752380373,14.695952415466307,14.645421981811525,14.520780181884765,14.571309852600098,14.60162868499756,14.515726470947266,14.488776969909669,14.499725437164305,14.48372392654419,14.520779991149904,14.583942985534668,14.628578186035154,14.948859691619873,15.054083013534546,15.130847072601318,15.197083806991575,15.28084888458252,15.320095221201576,15.371282386779786,15.422458426157634,15.46522216796875,15.499594084421794,15.10240058898926,15.098993857701618,15.097394053141274,15.091588099797569,15.081307379404704,12655100.0,13388620.0,16548480.0,16862500.0,18563620.0,17505730.0,18506260.0,18851360.0,18745750.0,19531300.0,17790320.0,17902455.0,18050560.0,19155250.0,19587615.0,17847783.333333332,17775073.333333332,17697620.0,17663606.666666668,17841440.0,16109743.333333336,16060471.666666664,15976223.333333336,15931605.0,16007301.666666664,0
2018-02-22,14.182227595745909,14.350663243823636,13.988527724881495,14.030635833740234,10561700,1,14.27991828918457,14.397822380065918,14.74159255027771,15.203946336110432,15.093264214197795,13477860.0,15170180.0,17143970.0,17880540.0,16267770.0,14.10642910003662,14.316977500915527,14.367501258850098,14.578047752380373,14.695952415466307,14.412981605529785,14.520780181884765,14.571309852600098,14.60162868499756,14.515726470947266,14.450879287719724,14.499725437164305,14.48372392654419,14.520779991149904,14.583942985534668,14.840637636184692,14.948859691619873,15.054083013534546,15.130847072601318,15.197083806991575,15.264399369557701,15.320095221201576,15.371282386779786,15.422458426157634,15.46522216796875,15.099091450373333,15.10240058898926,15.098993857701618,15.097394053141274,15.091588099797569,13536340.0,12655100.0,13388620.0,16548480.0,16862500.0,16049980.0,17505730.0,18506260.0,18851360.0,18745750.0,17468980.0,17790320.0,17902455.0,18050560.0,19155250.0,17886296.666666668,17847783.333333332,17775073.333333332,17697620.0,17663606.666666668,16177510.0,16109743.333333336,16060471.666666664,15976223.333333336,15931605.0,0
2018-02-23,14.064323681225307,14.34224137761736,14.013792022738464,14.325397491455078,9748900,0,14.229388236999512,14.415508460998534,14.670670366287231,15.154991753896073,15.09555648167928,12444840.0,14496660.0,16806255.0,17785706.666666668,16230886.666666664,14.030635833740234,14.10642910003662,14.316977500915527,14.367501258850098,14.578047752380373,14.27991828918457,14.412981605529785,14.520780181884765,14.571309852600098,14.60162868499756,14.397822380065918,14.450879287719724,14.499725437164305,14.48372392654419,14.520779991149904,14.74159255027771,14.840637636184692,14.948859691619873,15.054083013534546,15.130847072601318,15.203946336110432,15.264399369557701,15.320095221201576,15.371282386779786,15.422458426157634,15.093264214197795,15.099091450373333,15.10240058898926,15.098993857701618,15.097394053141274,13477860.0,13536340.0,12655100.0,13388620.0,16548480.0,15170180.0,16049980.0,17505730.0,18506260.0,18851360.0,17143970.0,17468980.0,17790320.0,17902455.0,18050560.0,17880540.0,17886296.666666668,17847783.333333332,17775073.333333332,17697620.0,16267770.0,16177510.0,16109743.333333336,16060471.666666664,15976223.333333336,0
2018-02-26,14.367503429463794,14.367503429463794,14.114851600493422,14.24959945678711,12715300,0,14.205807876586912,14.388558864593506,14.598049640655518,15.09458729426066,15.095609474182131,11979400.0,12684010.0,16585675.0,17629963.333333332,16174610.0,14.325397491455078,14.030635833740234,14.10642910003662,14.316977500915527,14.367501258850098,14.229388236999512,14.27991828918457,14.412981605529785,14.520780181884765,14.571309852600098,14.415508460998534,14.397822380065918,14.450879287719724,14.499725437164305,14.48372392654419,14.670670366287231,14.74159255027771,14.840637636184692,14.948859691619873,15.054083013534546,15.154991753896073,15.203946336110432,15.264399369557701,15.320095221201576,15.371282386779786,15.09555648167928,15.093264214197795,15.099091450373333,15.10240058898926,15.098993857701618,12444840.0,13477860.0,13536340.0,12655100.0,13388620.0,14496660.0,15170180.0,16049980.0,17505730.0,18506260.0,16806255.0,17143970.0,17468980.0,17790320.0,17902455.0,17785706.666666668,17880540.0,17886296.666666668,17847783.333333332,17775073.333333332,16230886.666666664,16267770.0,16177510.0,16109743.333333336,16060471.666666664,0
2018-02-27,14.258021628028304,14.27486551191635,14.013790130615234,14.013790130615234,11665300,0,14.145170402526855,14.332975292205813,14.516148138046265,15.01739937464396,15.095496813456215,11631140.0,12143120.0,16308705.0,17481573.333333332,16006655.0,14.24959945678711,14.325397491455078,14.030635833740234,14.10642910003662,14.316977500915527,14.205807876586912,14.229388236999512,14.27991828918457,14.412981605529785,14.520780181884765,14.388558864593506,14.415508460998534,14.397822380065918,14.450879287719724,14.499725437164305,14.598049640655518,14.670670366287231,14.74159255027771,14.840637636184692,14.948859691619873,15.09458729426066,15.154991753896073,15.203946336110432,15.264399369557701,15.320095221201576,15.095609474182131,15.09555648167928,15.093264214197795,15.099091450373333,15.10240058898926,11979400.0,12444840.0,13477860.0,13536340.0,12655100.0,12684010.0,14496660.0,15170180.0,16049980.0,17505730.0,16585675.0,16806255.0,17143970.0,17468980.0,17790320.0,17629963.333333332,17785706.666666668,17880540.0,17886296.666666668,17847783.333333332,16174610.0,16230886.666666664,16267770.0,16177510.0,16109743.333333336,0
2018-02-28,14.106430799275586,14.11485274176505,13.63481326411454,13.643235206604006,16956900,1,14.052531623840332,14.23275661468506,14.430667400360107,14.931484794616699,15.082655270894367,12329620.0,12932980.0,16232140.0,17369403.333333332,15816548.333333336,14.013790130615234,14.24959945678711,14.325397491455078,14.030635833740234,14.10642910003662,14.145170402526855,14.205807876586912,14.229388236999512,14.27991828918457,14.412981605529785,14.332975292205813,14.388558864593506,14.415508460998534,14.397822380065918,14.450879287719724,14.516148138046265,14.598049640655518,14.670670366287231,14.74159255027771,14.840637636184692,15.01739937464396,15.09458729426066,15.154991753896073,15.203946336110432,15.264399369557701,15.095496813456215,15.095609474182131,15.09555648167928,15.093264214197795,15.099091450373333,11631140.0,11979400.0,12444840.0,13477860.0,13536340.0,12143120.0,12684010.0,14496660.0,15170180.0,16049980.0,16308705.0,16585675.0,16806255.0,17143970.0,17468980.0,17481573.333333332,17629963.333333332,17785706.666666668,17880540.0,17886296.666666668,16006655.0,16174610.0,16230886.666666664,16267770.0,16177510.0,0
2018-03-01,13.62639002472666,13.719029776972455,13.441111323395633,13.651654243469238,15126400,0,13.976735305786132,14.128326797485352,14.35613489151001,14.8408314704895,15.067444403966267,13242560.0,13360210.0,16052980.0,17223570.0,15817283.333333336,13.643235206604006,14.013790130615234,14.24959945678711,14.325397491455078,14.030635833740234,14.052531623840332,14.145170402526855,14.205807876586912,14.229388236999512,14.27991828918457,14.23275661468506,14.332975292205813,14.388558864593506,14.415508460998534,14.397822380065918,14.430667400360107,14.516148138046265,14.598049640655518,14.670670366287231,14.74159255027771,14.931484794616699,15.01739937464396,15.09458729426066,15.154991753896073,15.203946336110432,15.082655270894367,15.095496813456215,15.095609474182131,15.09555648167928,15.093264214197795,12329620.0,11631140.0,11979400.0,12444840.0,13477860.0,12932980.0,12143120.0,12684010.0,14496660.0,15170180.0,16232140.0,16308705.0,16585675.0,16806255.0,17143970.0,17369403.333333332,17481573.333333332,17629963.333333332,17785706.666666668,17880540.0,15816548.333333336,16006655.0,16174610.0,16230886.666666664,16267770.0,0
2018-03-02,13.57586106611872,13.626391113964164,13.356894580532803,13.559017181396484,13356400,1,13.823459243774414,14.026423740386965,14.273601865768432,14.762705961863198,15.052920373280845,13964060.0,13204450.0,16027905.0,16435190.0,15771418.333333336,13.651654243469238,13.643235206604006,14.013790130615234,14.24959945678711,14.325397491455078,13.976735305786132,14.052531623840332,14.145170402526855,14.205807876586912,14.229388236999512,14.128326797485352,14.23275661468506,14.332975292205813,14.388558864593506,14.415508460998534,14.35613489151001,14.430667400360107,14.516148138046265,14.598049640655518,14.670670366287231,14.8408314704895,14.931484794616699,15.01739937464396,15.09458729426066,15.154991753896073,15.067444403966267,15.082655270894367,15.095496813456215,15.095609474182131,15.09555648167928,13242560.0,12329620.0,11631140.0,11979400.0,12444840.0,13360210.0,12932980.0,12143120.0,12684010.0,14496660.0,16052980.0,16232140.0,16308705.0,16585675.0,16806255.0,17223570.0,17369403.333333332,17481573.333333332,17629963.333333332,17785706.666666668,15817283.333333336,15816548.333333336,16006655.0,16174610.0,16230886.666666664,0
2018-03-05,13.500064112050389,13.710607835284556,13.432689381707736,13.651654243469238,13559700,0,13.70387020111084,13.954839038848878,14.219281482696536,14.687668355305991,15.041473960876464,14132940.0,13056170.0,15781215.0,16287026.666666664,15764510.0,13.559017181396484,13.651654243469238,13.643235206604006,14.013790130615234,14.24959945678711,13.823459243774414,13.976735305786132,14.052531623840332,14.145170402526855,14.205807876586912,14.026423740386965,14.128326797485352,14.23275661468506,14.332975292205813,14.388558864593506,14.273601865768432,14.35613489151001,14.430667400360107,14.516148138046265,14.598049640655518,14.762705961863198,14.8408314704895,14.931484794616699,15.01739937464396,15.09458729426066,15.052920373280845,15.067444403966267,15.082655270894367,15.095496813456215,15.095609474182131,13964060.0,13242560.0,12329620.0,11631140.0,11979400.0,13204450.0,13360210.0,12932980.0,12143120.0,12684010.0,16027905.0,16052980.0,16232140.0,16308705.0,16585675.0,16435190.0,17223570.0,17369403.333333332,17481573.333333332,17629963.333333332,15771418.333333336,15817283.333333336,15816548.333333336,16006655.0,16174610.0,0
2018-03-06,13.710608886311851,13.719030828645362,13.474799319937295,13.567439079284668,13083200,0,13.614599990844727,13.879885196685793,14.189805316925051,14.592534859975181,15.029042228062947,14416520.0,13023830.0,15264780.0,16201490.0,15727045.0,13.651654243469238,13.559017181396484,13.651654243469238,13.643235206604006,14.013790130615234,13.70387020111084,13.823459243774414,13.976735305786132,14.052531623840332,14.145170402526855,13.954839038848878,14.026423740386965,14.128326797485352,14.23275661468506,14.332975292205813,14.219281482696536,14.273601865768432,14.35613489151001,14.430667400360107,14.516148138046265,14.687668355305991,14.762705961863198,14.8408314704895,14.931484794616699,15.01739937464396,15.041473960876464,15.052920373280845,15.067444403966267,15.082655270894367,15.095496813456215,14132940.0,13964060.0,13242560.0,12329620.0,11631140.0,13056170.0,13204450.0,13360210.0,12932980.0,12143120.0,15781215.0,16027905.0,16052980.0,16232140.0,16308705.0,16287026.666666664,16435190.0,17223570.0,17369403.333333332,17481573.333333332,15764510.0,15771418.333333336,15817283.333333336,15816548.333333336,16006655.0,0
2018-03-07,13.491640615102394,13.609544572499287,13.449531714677589,13.516904830932615,9583400,0,13.58933391571045,13.820932769775393,14.135906028747561,14.50073601404826,15.012282625834148,12941820.0,12635720.0,14342850.0,15857893.333333336,15592620.0,13.567439079284668,13.651654243469238,13.559017181396484,13.651654243469238,13.643235206604006,13.614599990844727,13.70387020111084,13.823459243774414,13.976735305786132,14.052531623840332,13.879885196685793,13.954839038848878,14.026423740386965,14.128326797485352,14.23275661468506,14.189805316925051,14.219281482696536,14.273601865768432,14.35613489151001,14.430667400360107,14.592534859975181,14.687668355305991,14.762705961863198,14.8408314704895,14.931484794616699,15.029042228062947,15.041473960876464,15.052920373280845,15.067444403966267,15.082655270894367,14416520.0,14132940.0,13964060.0,13242560.0,12329620.0,13023830.0,13056170.0,13204450.0,13360210.0,12932980.0,15264780.0,15781215.0,16027905.0,16052980.0,16232140.0,16201490.0,16287026.666666664,16435190.0,17223570.0,17369403.333333332,15727045.0,15764510.0,15771418.333333336,15817283.333333336,15816548.333333336,0
2018-03-08,13.559016927587138,13.559016927587138,13.432690204016952,13.483221054077148,11030700,1,13.555647277832033,13.766191291809086,14.0820068359375,14.416458797454831,14.98896632194519,12122680.0,12682620.0,13926400.0,15656853.333333336,15423640.0,13.516904830932615,13.567439079284668,13.651654243469238,13.559017181396484,13.651654243469238,13.58933391571045,13.614599990844727,13.70387020111084,13.823459243774414,13.976735305786132,13.820932769775393,13.879885196685793,13.954839038848878,14.026423740386965,14.128326797485352,14.135906028747561,14.189805316925051,14.219281482696536,14.273601865768432,14.35613489151001,14.50073601404826,14.592534859975181,14.687668355305991,14.762705961863198,14.8408314704895,15.012282625834148,15.029042228062947,15.041473960876464,15.052920373280845,15.067444403966267,12941820.0,14416520.0,14132940.0,13964060.0,13242560.0,12635720.0,13023830.0,13056170.0,13204450.0,13360210.0,14342850.0,15264780.0,15781215.0,16027905.0,16052980.0,15857893.333333336,16201490.0,16287026.666666664,16435190.0,17223570.0,15592620.0,15727045.0,15764510.0,15771418.333333336,15817283.333333336,0
2018-03-09,13.575859164926396,13.752715110778807,13.559015282563017,13.752715110778807,8484700,1,13.594386863708493,13.708923053741454,14.062215757369994,14.350087928771973,14.967771418889365,11148340.0,12556200.0,13526430.0,15389570.0,15328381.666666664,13.483221054077148,13.516904830932615,13.567439079284668,13.651654243469238,13.559017181396484,13.555647277832033,13.58933391571045,13.614599990844727,13.70387020111084,13.823459243774414,13.766191291809086,13.820932769775393,13.879885196685793,13.954839038848878,14.026423740386965,14.0820068359375,14.135906028747561,14.189805316925051,14.219281482696536,14.273601865768432,14.416458797454831,14.50073601404826,14.592534859975181,14.687668355305991,14.762705961863198,14.98896632194519,15.012282625834148,15.029042228062947,15.041473960876464,15.052920373280845,12122680.0,12941820.0,14416520.0,14132940.0,13964060.0,12682620.0,12635720.0,13023830.0,13056170.0,13204450.0,13926400.0,14342850.0,15264780.0,15781215.0,16027905.0,15656853.333333336,15857893.333333336,16201490.0,16287026.666666664,16435190.0,15423640.0,15592620.0,15727045.0,15764510.0,15771418.333333336,0
2018-03-12,13.735872219317407,13.988525654031385,13.65165440774608,13.937994003295898,11294800,0,13.651654815673828,13.677762508392336,14.03316068649292,14.291287263234455,14.952592436472573,10695360.0,12414150.0,12549080.0,15195166.666666664,15285275.0,13.752715110778807,13.483221054077148,13.516904830932615,13.567439079284668,13.651654243469238,13.594386863708493,13.555647277832033,13.58933391571045,13.614599990844727,13.70387020111084,13.708923053741454,13.766191291809086,13.820932769775393,13.879885196685793,13.954839038848878,14.062215757369994,14.0820068359375,14.135906028747561,14.189805316925051,14.219281482696536,14.350087928771973,14.416458797454831,14.50073601404826,14.592534859975181,14.687668355305991,14.967771418889365,14.98896632194519,15.012282625834148,15.029042228062947,15.041473960876464,11148340.0,12122680.0,12941820.0,14416520.0,14132940.0,12556200.0,12682620.0,12635720.0,13023830.0,13056170.0,13526430.0,13926400.0,14342850.0,15264780.0,15781215.0,15389570.0,15656853.333333336,15857893.333333336,16201490.0,16287026.666666664,15328381.666666664,15423640.0,15592620.0,15727045.0,15764510.0,1
2018-03-13,13.988526178034425,13.988526178034425,13.81166860647753,13.895886421203613,9944700,0,13.717344284057615,13.665972137451172,13.999473714828492,14.2327561378479,14.935317373275756,10067660.0,12242090.0,12192605.0,14953166.666666664,15221600.0,13.937994003295898,13.752715110778807,13.483221054077148,13.516904830932615,13.567439079284668,13.651654815673828,13.594386863708493,13.555647277832033,13.58933391571045,13.614599990844727,13.677762508392336,13.708923053741454,13.766191291809086,13.820932769775393,13.879885196685793,14.03316068649292,14.062215757369994,14.0820068359375,14.135906028747561,14.189805316925051,14.291287263234455,14.350087928771973,14.416458797454831,14.50073601404826,14.592534859975181,14.952592436472573,14.967771418889365,14.98896632194519,15.012282625834148,15.029042228062947,10695360.0,11148340.0,12122680.0,12941820.0,14416520.0,12414150.0,12556200.0,12682620.0,12635720.0,13023830.0,12549080.0,13526430.0,13926400.0,14342850.0,15264780.0,15195166.666666664,15389570.0,15656853.333333336,15857893.333333336,16201490.0,15285275.0,15328381.666666664,15423640.0,15592620.0,15727045.0,0
2018-03-14,13.971681991815705,13.980103933738384,13.769560204634864,13.828512191772461,9659900,0,13.779665756225588,13.684499835968015,13.958628225326539,14.181944878896074,14.917058849334714,10082960.0,11512390.0,12222685.0,14658890.0,15160803.333333336,13.895886421203613,13.937994003295898,13.752715110778807,13.483221054077148,13.516904830932615,13.717344284057615,13.651654815673828,13.594386863708493,13.555647277832033,13.58933391571045,13.665972137451172,13.677762508392336,13.708923053741454,13.766191291809086,13.820932769775393,13.999473714828492,14.03316068649292,14.062215757369994,14.0820068359375,14.135906028747561,14.2327561378479,14.291287263234455,14.350087928771973,14.416458797454831,14.50073601404826,14.935317373275756,14.952592436472573,14.967771418889365,14.98896632194519,15.012282625834148,10067660.0,10695360.0,11148340.0,12122680.0,12941820.0,12242090.0,12414150.0,12556200.0,12682620.0,12635720.0,12192605.0,12549080.0,13526430.0,13926400.0,14342850.0,14953166.666666664,15195166.666666664,15389570.0,15656853.333333336,15857893.333333336,15221600.0,15285275.0,15328381.666666664,15423640.0,15592620.0,1
2018-03-15,13.853777847828765,13.904307892424676,12.691575577874662,13.735872268676758,72457200,1,13.830195999145507,13.69292163848877,13.91062421798706,14.135063807169594,14.89600149790446,22368260.0,17245470.0,15302840.0,16450476.666666664,15986240.0,13.828512191772461,13.895886421203613,13.937994003295898,13.752715110778807,13.483221054077148,13.779665756225588,13.717344284057615,13.651654815673828,13.594386863708493,13.555647277832033,13.684499835968015,13.665972137451172,13.677762508392336,13.708923053741454,13.766191291809086,13.958628225326539,13.999473714828492,14.03316068649292,14.062215757369994,14.0820068359375,14.181944878896074,14.2327561378479,14.291287263234455,14.350087928771973,14.416458797454831,14.917058849334714,14.935317373275756,14.952592436472573,14.967771418889365,14.98896632194519,10082960.0,10067660.0,10695360.0,11148340.0,12122680.0,11512390.0,12242090.0,12414150.0,12556200.0,12682620.0,12222685.0,12192605.0,12549080.0,13526430.0,13926400.0,14658890.0,14953166.666666664,15195166.666666664,15389570.0,15656853.333333336,15160803.333333336,15221600.0,15285275.0,15328381.666666664,15423640.0,0
2018-03-16,13.702186319233403,13.895886165108747,13.575860402633015,13.820090293884276,21259000,0,13.843671035766599,13.719028949737547,13.872726345062256,14.088744227091473,14.87537178993225,24923120.0,18035730.0,15620090.0,16697180.0,16119015.0,13.735872268676758,13.828512191772461,13.895886421203613,13.937994003295898,13.752715110778807,13.830195999145507,13.779665756225588,13.717344284057615,13.651654815673828,13.594386863708493,13.69292163848877,13.684499835968015,13.665972137451172,13.677762508392336,13.708923053741454,13.91062421798706,13.958628225326539,13.999473714828492,14.03316068649292,14.062215757369994,14.135063807169594,14.181944878896074,14.2327561378479,14.291287263234455,14.350087928771973,14.89600149790446,14.917058849334714,14.935317373275756,14.952592436472573,14.967771418889365,22368260.0,10082960.0,10067660.0,10695360.0,11148340.0,17245470.0,11512390.0,12242090.0,12414150.0,12556200.0,15302840.0,12222685.0,12192605.0,12549080.0,13526430.0,16450476.666666664,14658890.0,14953166.666666664,15195166.666666664,15389570.0,15986240.0,15160803.333333336,15221600.0,15285275.0,15328381.666666664,0
2018-03-19,13.811667836313289,13.811667836313289,13.365315370739946,13.474798202514648,20386500,0,13.751031875610352,13.70134334564209,13.828091192245484,14.046635437011721,14.850102631251016,26741460.0,18718410.0,15887290.0,16760280.0,16270975.0,13.820090293884276,13.735872268676758,13.828512191772461,13.895886421203613,13.937994003295898,13.843671035766599,13.830195999145507,13.779665756225588,13.717344284057615,13.651654815673828,13.719028949737547,13.69292163848877,13.684499835968015,13.665972137451172,13.677762508392336,13.872726345062256,13.91062421798706,13.958628225326539,13.999473714828492,14.03316068649292,14.088744227091473,14.135063807169594,14.181944878896074,14.2327561378479,14.291287263234455,14.87537178993225,14.89600149790446,14.917058849334714,14.935317373275756,14.952592436472573,24923120.0,22368260.0,10082960.0,10067660.0,10695360.0,18035730.0,17245470.0,11512390.0,12242090.0,12414150.0,15620090.0,15302840.0,12222685.0,12192605.0,12549080.0,16697180.0,16450476.666666664,14658890.0,14953166.666666664,15195166.666666664,16119015.0,15986240.0,15160803.333333336,15221600.0,15285275.0,1
2018-03-20,13.516905529174151,13.634811098982626,13.028444989759624,13.14634895324707,23064900,1,13.601124382019046,13.65923433303833,13.769559764862061,14.012948322296145,14.821590137481687,29365500.0,19716580.0,16370205.0,16748713.333333336,16345835.0,13.474798202514648,13.820090293884276,13.735872268676758,13.828512191772461,13.895886421203613,13.751031875610352,13.843671035766599,13.830195999145507,13.779665756225588,13.717344284057615,13.70134334564209,13.719028949737547,13.69292163848877,13.684499835968015,13.665972137451172,13.828091192245484,13.872726345062256,13.91062421798706,13.958628225326539,13.999473714828492,14.046635437011721,14.088744227091473,14.135063807169594,14.181944878896074,14.2327561378479,14.850102631251016,14.87537178993225,14.89600149790446,14.917058849334714,14.935317373275756,26741460.0,24923120.0,22368260.0,10082960.0,10067660.0,18718410.0,18035730.0,17245470.0,11512390.0,12242090.0,15887290.0,15620090.0,15302840.0,12222685.0,12192605.0,16760280.0,16697180.0,16450476.666666664,14658890.0,14953166.666666664,16270975.0,16119015.0,15986240.0,15160803.333333336,15221600.0,1
2018-03-21,13.399003028869627,13.474798901194545,13.213724319093235,13.399003028869627,21448400,0,13.515222549438475,13.647444152832033,13.734188461303713,13.973085403442385,14.792966334025063,31723200.0,20903080.0,16769400.0,16529593.333333336,16433563.333333336,13.14634895324707,13.474798202514648,13.820090293884276,13.735872268676758,13.828512191772461,13.601124382019046,13.751031875610352,13.843671035766599,13.830195999145507,13.779665756225588,13.65923433303833,13.70134334564209,13.719028949737547,13.69292163848877,13.684499835968015,13.769559764862061,13.828091192245484,13.872726345062256,13.91062421798706,13.958628225326539,14.012948322296145,14.046635437011721,14.088744227091473,14.135063807169594,14.181944878896074,14.821590137481687,14.850102631251016,14.87537178993225,14.89600149790446,14.917058849334714,29365500.0,26741460.0,24923120.0,22368260.0,10082960.0,19716580.0,18718410.0,18035730.0,17245470.0,11512390.0,16370205.0,15887290.0,15620090.0,15302840.0,12222685.0,16748713.333333336,16760280.0,16697180.0,16450476.666666664,14658890.0,16345835.0,16270975.0,16119015.0,15986240.0,15160803.333333336,1
2018-03-22,13.255831857988374,13.297940760840133,12.935805320739744,12.935805320739744,18754700,0,13.355209159851075,13.592702579498289,13.679446935653687,13.918905417124428,14.756901407241822,20982700.0,21675480.0,17179050.0,16509426.666666664,16611233.333333336,13.399003028869627,13.14634895324707,13.474798202514648,13.820090293884276,13.735872268676758,13.515222549438475,13.601124382019046,13.751031875610352,13.843671035766599,13.830195999145507,13.647444152832033,13.65923433303833,13.70134334564209,13.719028949737547,13.69292163848877,13.734188461303713,13.769559764862061,13.828091192245484,13.872726345062256,13.91062421798706,13.973085403442385,14.012948322296145,14.046635437011721,14.088744227091473,14.135063807169594,14.792966334025063,14.821590137481687,14.850102631251016,14.87537178993225,14.89600149790446,31723200.0,29365500.0,26741460.0,24923120.0,22368260.0,20903080.0,19716580.0,18718410.0,18035730.0,17245470.0,16769400.0,16370205.0,15887290.0,15620090.0,15302840.0,16529593.333333336,16748713.333333336,16760280.0,16697180.0,16450476.666666664,16433563.333333336,16345835.0,16270975.0,16119015.0,15986240.0,0
2018-03-23,12.969494249145816,13.028447043342373,12.624202639088653,12.641046524047852,20378000,1,13.11940040588379,13.481535720825196,13.595229387283325,13.868655745188393,14.71508731842041,20806500.0,22864810.0,17710505.0,16639223.333333336,16824426.666666668,12.935805320739744,13.399003028869627,13.14634895324707,13.474798202514648,13.820090293884276,13.355209159851075,13.515222549438475,13.601124382019046,13.751031875610352,13.843671035766599,13.592702579498289,13.647444152832033,13.65923433303833,13.70134334564209,13.719028949737547,13.679446935653687,13.734188461303713,13.769559764862061,13.828091192245484,13.872726345062256,13.918905417124428,13.973085403442385,14.012948322296145,14.046635437011721,14.088744227091473,14.756901407241822,14.792966334025063,14.821590137481687,14.850102631251016,14.87537178993225,20982700.0,31723200.0,29365500.0,26741460.0,24923120.0,21675480.0,20903080.0,19716580.0,18718410.0,18035730.0,17179050.0,16769400.0,16370205.0,15887290.0,15620090.0,16509426.666666664,16529593.333333336,16748713.333333336,16760280.0,16697180.0,16611233.333333336,16433563.333333336,16345835.0,16270975.0,16119015.0,0
2018-03-26,12.716841415361252,12.784215343659914,12.48103186315536,12.742106437683105,18038200,0,12.972862052917481,13.361946964263913,13.519854736328124,13.809422779083253,14.67481813430786,20336840.0,23539150.0,17976650.0,16212436.666666664,16940990.0,12.641046524047852,12.935805320739744,13.399003028869627,13.14634895324707,13.474798202514648,13.11940040588379,13.355209159851075,13.515222549438475,13.601124382019046,13.751031875610352,13.481535720825196,13.592702579498289,13.647444152832033,13.65923433303833,13.70134334564209,13.595229387283325,13.679446935653687,13.734188461303713,13.769559764862061,13.828091192245484,13.868655745188393,13.918905417124428,13.973085403442385,14.012948322296145,14.046635437011721,14.71508731842041,14.756901407241822,14.792966334025063,14.821590137481687,14.850102631251016,20806500.0,20982700.0,31723200.0,29365500.0,26741460.0,22864810.0,21675480.0,20903080.0,19716580.0,18718410.0,17710505.0,17179050.0,16769400.0,16370205.0,15887290.0,16639223.333333336,16509426.666666664,16529593.333333336,16748713.333333336,16760280.0,16824426.666666668,16611233.333333336,16433563.333333336,16345835.0,16270975.0,0
2018-03-27,12.792635850765688,12.977914546020253,12.565249054773734,12.708418846130373,20579500,0,12.88527603149414,13.243200206756592,13.454586172103882,13.747382545471194,14.631338469187419,19839760.0,24602630.0,18422360.0,16329280.0,17108960.0,12.742106437683105,12.641046524047852,12.935805320739744,13.399003028869627,13.14634895324707,12.972862052917481,13.11940040588379,13.355209159851075,13.515222549438475,13.601124382019046,13.361946964263913,13.481535720825196,13.592702579498289,13.647444152832033,13.65923433303833,13.519854736328124,13.595229387283325,13.679446935653687,13.734188461303713,13.769559764862061,13.809422779083253,13.868655745188393,13.918905417124428,13.973085403442385,14.012948322296145,14.67481813430786,14.71508731842041,14.756901407241822,14.792966334025063,14.821590137481687,20336840.0,20806500.0,20982700.0,31723200.0,29365500.0,23539150.0,22864810.0,21675480.0,20903080.0,19716580.0,17976650.0,17710505.0,17179050.0,16769400.0,16370205.0,16212436.666666664,16639223.333333336,16509426.666666664,16529593.333333336,16748713.333333336,16940990.0,16824426.666666668,16611233.333333336,16433563.333333336,16345835.0,0
2018-03-28,12.70842018964002,12.792637203178597,12.430502518957525,12.472611427307127,23041600,1,12.699997711181641,13.10761013031006,13.396054983139038,13.674955526987713,14.587274805704752,20158400.0,25940800.0,18726595.0,16795390.0,17318415.0,12.708418846130373,12.742106437683105,12.641046524047852,12.935805320739744,13.399003028869627,12.88527603149414,12.972862052917481,13.11940040588379,13.355209159851075,13.515222549438475,13.243200206756592,13.361946964263913,13.481535720825196,13.592702579498289,13.647444152832033,13.454586172103882,13.519854736328124,13.595229387283325,13.679446935653687,13.734188461303713,13.747382545471194,13.809422779083253,13.868655745188393,13.918905417124428,13.973085403442385,14.631338469187419,14.67481813430786,14.71508731842041,14.756901407241822,14.792966334025063,19839760.0,20336840.0,20806500.0,20982700.0,31723200.0,24602630.0,23539150.0,22864810.0,21675480.0,20903080.0,18422360.0,17976650.0,17710505.0,17179050.0,16769400.0,16329280.0,16212436.666666664,16639223.333333336,16509426.666666664,16529593.333333336,17108960.0,16940990.0,16824426.666666668,16611233.333333336,16433563.333333336,0
2018-03-29,12.497875406779425,12.733684149409068,12.45576650194828,12.683154106140135,16265800,0,12.64946746826172,13.002338314056393,13.347629976272582,13.607862250010172,14.536542208989461,19660620.0,20321660.0,18783565.0,16975780.0,17319693.333333332,12.472611427307127,12.708418846130373,12.742106437683105,12.641046524047852,12.935805320739744,12.699997711181641,12.88527603149414,12.972862052917481,13.11940040588379,13.355209159851075,13.10761013031006,13.243200206756592,13.361946964263913,13.481535720825196,13.592702579498289,13.396054983139038,13.454586172103882,13.519854736328124,13.595229387283325,13.679446935653687,13.674955526987713,13.747382545471194,13.809422779083253,13.868655745188393,13.918905417124428,14.587274805704752,14.631338469187419,14.67481813430786,14.71508731842041,14.756901407241822,20158400.0,19839760.0,20336840.0,20806500.0,20982700.0,25940800.0,24602630.0,23539150.0,22864810.0,21675480.0,18726595.0,18422360.0,17976650.0,17710505.0,17179050.0,16795390.0,16329280.0,16212436.666666664,16639223.333333336,16509426.666666664,17318415.0,17108960.0,16940990.0,16824426.666666668,16611233.333333336,0
2018-04-02,12.649467341725245,12.767371313312946,12.438923617420848,12.548405647277832,13307800,1,12.630939292907716,12.875169849395752,13.297099399566653,13.54020751317342,14.481332969665527,18246580.0,19526540.0,18781135.0,16922240.0,17309930.0,12.683154106140135,12.472611427307127,12.708418846130373,12.742106437683105,12.641046524047852,12.64946746826172,12.699997711181641,12.88527603149414,12.972862052917481,13.11940040588379,13.002338314056393,13.10761013031006,13.243200206756592,13.361946964263913,13.481535720825196,13.347629976272582,13.396054983139038,13.454586172103882,13.519854736328124,13.595229387283325,13.607862250010172,13.674955526987713,13.747382545471194,13.809422779083253,13.868655745188393,14.536542208989461,14.587274805704752,14.631338469187419,14.67481813430786,14.71508731842041,19660620.0,20158400.0,19839760.0,20336840.0,20806500.0,20321660.0,25940800.0,24602630.0,23539150.0,22864810.0,18783565.0,18726595.0,18422360.0,17976650.0,17710505.0,16975780.0,16795390.0,16329280.0,16212436.666666664,16639223.333333336,17319693.333333332,17318415.0,17108960.0,16940990.0,16824426.666666668,0
2018-04-03,12.598937614810493,12.649468466527452,12.37154998682516,12.641046524047852,17176400,1,12.610727310180664,12.791794681549073,13.24656901359558,13.482659022013344,14.426970704396565,18074220.0,19205530.0,18961970.0,16993370.0,17384221.666666668,12.548405647277832,12.683154106140135,12.472611427307127,12.708418846130373,12.742106437683105,12.630939292907716,12.64946746826172,12.699997711181641,12.88527603149414,12.972862052917481,12.875169849395752,13.002338314056393,13.10761013031006,13.243200206756592,13.361946964263913,13.297099399566653,13.347629976272582,13.396054983139038,13.454586172103882,13.519854736328124,13.54020751317342,13.607862250010172,13.674955526987713,13.747382545471194,13.809422779083253,14.481332969665527,14.536542208989461,14.587274805704752,14.631338469187419,14.67481813430786,18246580.0,19660620.0,20158400.0,19839760.0,20336840.0,19526540.0,20321660.0,25940800.0,24602630.0,23539150.0,18781135.0,18783565.0,18726595.0,18422360.0,17976650.0,16922240.0,16975780.0,16795390.0,16329280.0,16212436.666666664,17309930.0,17319693.333333332,17318415.0,17108960.0,16940990.0,0
2018-04-04,12.539985312173213,12.809481039538666,12.405236645329866,12.767372131347654,13408500,1,12.622517967224118,12.753896999359133,13.206565666198733,13.431005509694414,14.375550365447998,16640020.0,18239890.0,18978235.0,16993433.333333332,17420608.333333332,12.641046524047852,12.548405647277832,12.683154106140135,12.472611427307127,12.708418846130373,12.610727310180664,12.630939292907716,12.64946746826172,12.699997711181641,12.88527603149414,12.791794681549073,12.875169849395752,13.002338314056393,13.10761013031006,13.243200206756592,13.24656901359558,13.297099399566653,13.347629976272582,13.396054983139038,13.454586172103882,13.482659022013344,13.54020751317342,13.607862250010172,13.674955526987713,13.747382545471194,14.426970704396565,14.481332969665527,14.536542208989461,14.587274805704752,14.631338469187419,18074220.0,18246580.0,19660620.0,20158400.0,19839760.0,19205530.0,19526540.0,20321660.0,25940800.0,24602630.0,18961970.0,18781135.0,18783565.0,18726595.0,18422360.0,16993370.0,16922240.0,16975780.0,16795390.0,16329280.0,17384221.666666668,17309930.0,17319693.333333332,17318415.0,17108960.0,0
2018-04-05,12.83474527095114,13.163193770774429,12.775793285018976,13.0537109375,11549900,0,12.738737869262696,12.719367790222169,13.1834059715271,13.395914904276529,14.330157136917114,14341680.0,17250040.0,19076560.0,16929613.333333332,17407955.0,12.767372131347654,12.641046524047852,12.548405647277832,12.683154106140135,12.472611427307127,12.622517967224118,12.610727310180664,12.630939292907716,12.64946746826172,12.699997711181641,12.753896999359133,12.791794681549073,12.875169849395752,13.002338314056393,13.10761013031006,13.206565666198733,13.24656901359558,13.297099399566653,13.347629976272582,13.396054983139038,13.431005509694414,13.482659022013344,13.54020751317342,13.607862250010172,13.674955526987713,14.375550365447998,14.426970704396565,14.481332969665527,14.536542208989461,14.587274805704752,16640020.0,18074220.0,18246580.0,19660620.0,20158400.0,18239890.0,19205530.0,19526540.0,20321660.0,25940800.0,18978235.0,18961970.0,18781135.0,18783565.0,18726595.0,16993433.333333332,16993370.0,16922240.0,16975780.0,16795390.0,17420608.333333332,17384221.666666668,17309930.0,17319693.333333332,17318415.0,0
2018-04-06,12.977914855295678,13.0200237601971,12.657888302469654,12.775793075561525,10589100,0,12.757265663146972,12.703366565704346,13.148034572601318,13.354086812337242,14.279016574223835,13206340.0,16433480.0,19054480.0,16930526.666666668,17405533.333333332,13.0537109375,12.767372131347654,12.641046524047852,12.548405647277832,12.683154106140135,12.738737869262696,12.622517967224118,12.610727310180664,12.630939292907716,12.64946746826172,12.719367790222169,12.753896999359133,12.791794681549073,12.875169849395752,13.002338314056393,13.1834059715271,13.206565666198733,13.24656901359558,13.297099399566653,13.347629976272582,13.395914904276529,13.431005509694414,13.482659022013344,13.54020751317342,13.607862250010172,14.330157136917114,14.375550365447998,14.426970704396565,14.481332969665527,14.536542208989461,14341680.0,16640020.0,18074220.0,18246580.0,19660620.0,17250040.0,18239890.0,19205530.0,19526540.0,20321660.0,19076560.0,18978235.0,18961970.0,18781135.0,18783565.0,16929613.333333332,16993433.333333332,16993370.0,16922240.0,16975780.0,17407955.0,17420608.333333332,17384221.666666668,17309930.0,17319693.333333332,0
2018-04-09,12.860012463707292,12.977916448109267,12.615780945935983,12.716842651367188,15866200,1,12.790953063964846,12.710946178436279,13.096240949630735,13.300468317667644,14.22773003578186,13718020.0,15982300.0,19423555.0,17134436.666666668,17460071.666666668,12.775793075561525,13.0537109375,12.767372131347654,12.641046524047852,12.548405647277832,12.757265663146972,12.738737869262696,12.622517967224118,12.610727310180664,12.630939292907716,12.703366565704346,12.719367790222169,12.753896999359133,12.791794681549073,12.875169849395752,13.148034572601318,13.1834059715271,13.206565666198733,13.24656901359558,13.297099399566653,13.354086812337242,13.395914904276529,13.431005509694414,13.482659022013344,13.54020751317342,14.279016574223835,14.330157136917114,14.375550365447998,14.426970704396565,14.481332969665527,13206340.0,14341680.0,16640020.0,18074220.0,18246580.0,16433480.0,17250040.0,18239890.0,19205530.0,19526540.0,19054480.0,19076560.0,18978235.0,18961970.0,18781135.0,16930526.666666668,16929613.333333332,16993433.333333332,16993370.0,16922240.0,17405533.333333332,17407955.0,17420608.333333332,17384221.666666668,17309930.0,0
2018-04-10,12.758948495015776,13.20530173815131,12.699996513272055,13.14634895324707,23847200,0,12.892013549804688,12.751370429992676,13.056658697128295,13.263693300882974,14.179140297571818,15052180.0,16563200.0,20051175.0,17505500.0,17567731.666666668,12.716842651367188,12.775793075561525,13.0537109375,12.767372131347654,12.641046524047852,12.790953063964846,12.757265663146972,12.738737869262696,12.622517967224118,12.610727310180664,12.710946178436279,12.703366565704346,12.719367790222169,12.753896999359133,12.791794681549073,13.096240949630735,13.148034572601318,13.1834059715271,13.206565666198733,13.24656901359558,13.300468317667644,13.354086812337242,13.395914904276529,13.431005509694414,13.482659022013344,14.22773003578186,14.279016574223835,14.330157136917114,14.375550365447998,14.426970704396565,13718020.0,13206340.0,14341680.0,16640020.0,18074220.0,15982300.0,16433480.0,17250040.0,18239890.0,19205530.0,19423555.0,19054480.0,19076560.0,18978235.0,18961970.0,17134436.666666668,16930526.666666668,16929613.333333332,16993433.333333332,16993370.0,17460071.666666668,17405533.333333332,17407955.0,17420608.333333332,17384221.666666668,0
2018-04-11,13.045287380113695,13.18845715949812,12.876852581767453,12.927383422851562,15816000,0,12.924015808105471,12.773266887664795,13.008233547210693,13.22747974395752,14.122439559300739,15533680.0,16086850.0,20344740.0,17643856.666666668,17562715.0,13.14634895324707,12.716842651367188,12.775793075561525,13.0537109375,12.767372131347654,12.892013549804688,12.790953063964846,12.757265663146972,12.738737869262696,12.622517967224118,12.751370429992676,12.710946178436279,12.703366565704346,12.719367790222169,12.753896999359133,13.056658697128295,13.096240949630735,13.148034572601318,13.1834059715271,13.206565666198733,13.263693300882974,13.300468317667644,13.354086812337242,13.395914904276529,13.431005509694414,14.179140297571818,14.22773003578186,14.279016574223835,14.330157136917114,14.375550365447998,15052180.0,13718020.0,13206340.0,14341680.0,16640020.0,16563200.0,15982300.0,16433480.0,17250040.0,18239890.0,20051175.0,19423555.0,19054480.0,19076560.0,18978235.0,17505500.0,17134436.666666668,16930526.666666668,16929613.333333332,16993433.333333332,17567731.666666668,17460071.666666668,17405533.333333332,17407955.0,17420608.333333332,0
2018-04-12,12.969491563054495,12.986335444525185,12.826321783195546,12.91896152496338,16922700,0,12.897065925598145,12.81790189743042,12.962756013870239,13.203337287902832,14.067411041259765,16608240.0,15474960.0,20707880.0,17642716.666666668,17506060.0,12.927383422851562,13.14634895324707,12.716842651367188,12.775793075561525,13.0537109375,12.924015808105471,12.892013549804688,12.790953063964846,12.757265663146972,12.738737869262696,12.773266887664795,12.751370429992676,12.710946178436279,12.703366565704346,12.719367790222169,13.008233547210693,13.056658697128295,13.096240949630735,13.148034572601318,13.1834059715271,13.22747974395752,13.263693300882974,13.300468317667644,13.354086812337242,13.395914904276529,14.122439559300739,14.179140297571818,14.22773003578186,14.279016574223835,14.330157136917114,15533680.0,15052180.0,13718020.0,13206340.0,14341680.0,16086850.0,16563200.0,15982300.0,16433480.0,17250040.0,20344740.0,20051175.0,19423555.0,19054480.0,19076560.0,17643856.666666668,17505500.0,17134436.666666668,16930526.666666668,16929613.333333332,17562715.0,17567731.666666668,17460071.666666668,17405533.333333332,17407955.0,0
2018-04-13,12.969493522155252,12.994759348177805,12.843167604684885,12.910541534423828,11745200,1,12.924015617370605,12.840640640258787,12.921489477157593,13.178633530934654,14.009732500712078,16839460.0,15022900.0,17672280.0,17530010.0,17376790.0,12.91896152496338,12.927383422851562,13.14634895324707,12.716842651367188,12.775793075561525,12.897065925598145,12.924015808105471,12.892013549804688,12.790953063964846,12.757265663146972,12.81790189743042,12.773266887664795,12.751370429992676,12.710946178436279,12.703366565704346,12.962756013870239,13.008233547210693,13.056658697128295,13.096240949630735,13.148034572601318,13.203337287902832,13.22747974395752,13.263693300882974,13.300468317667644,13.354086812337242,14.067411041259765,14.122439559300739,14.179140297571818,14.22773003578186,14.279016574223835,16608240.0,15533680.0,15052180.0,13718020.0,13206340.0,15474960.0,16086850.0,16563200.0,15982300.0,16433480.0,20707880.0,20344740.0,20051175.0,19423555.0,19054480.0,17642716.666666668,17643856.666666668,17505500.0,17134436.666666668,16930526.666666668,17506060.0,17562715.0,17567731.666666668,17460071.666666668,17405533.333333332,0
2018-04-16,12.961072493959813,13.264255180373384,12.876854679486847,13.205303192138672,13595000,1,13.021707725524902,12.906330394744876,12.890750122070312,13.166843064626054,13.964774513244631,16385220.0,15051620.0,17289080.0,17537963.333333332,16986576.666666668,12.910541534423828,12.91896152496338,12.927383422851562,13.14634895324707,12.716842651367188,12.924015617370605,12.897065925598145,12.924015808105471,12.892013549804688,12.790953063964846,12.840640640258787,12.81790189743042,12.773266887664795,12.751370429992676,12.710946178436279,12.921489477157593,12.962756013870239,13.008233547210693,13.056658697128295,13.096240949630735,13.178633530934654,13.203337287902832,13.22747974395752,13.263693300882974,13.300468317667644,14.009732500712078,14.067411041259765,14.122439559300739,14.179140297571818,14.22773003578186,16839460.0,16608240.0,15533680.0,15052180.0,13718020.0,15022900.0,15474960.0,16086850.0,16563200.0,15982300.0,17672280.0,20707880.0,20344740.0,20051175.0,19423555.0,17530010.0,17642716.666666668,17643856.666666668,17505500.0,17134436.666666668,17376790.0,17506060.0,17562715.0,17567731.666666668,17460071.666666668,0
2018-04-17,13.289519416162046,13.516906216711373,13.264254394581132,13.491641998291016,14451100,1,13.090766334533694,12.991389942169187,12.891592311859133,13.161509323120118,13.924588839213051,14506000.0,14779090.0,16992310.0,17567676.666666668,16927351.666666668,13.205303192138672,12.910541534423828,12.91896152496338,12.927383422851562,13.14634895324707,13.021707725524902,12.924015617370605,12.897065925598145,12.924015808105471,12.892013549804688,12.906330394744876,12.840640640258787,12.81790189743042,12.773266887664795,12.751370429992676,12.890750122070312,12.921489477157593,12.962756013870239,13.008233547210693,13.056658697128295,13.166843064626054,13.178633530934654,13.203337287902832,13.22747974395752,13.263693300882974,13.964774513244631,14.009732500712078,14.067411041259765,14.122439559300739,14.179140297571818,16385220.0,16839460.0,16608240.0,15533680.0,15052180.0,15051620.0,15022900.0,15474960.0,16086850.0,16563200.0,17289080.0,17672280.0,20707880.0,20344740.0,20051175.0,17537963.333333332,17530010.0,17642716.666666668,17643856.666666668,17505500.0,16986576.666666668,17376790.0,17506060.0,17562715.0,17567731.666666668,0
2018-04-18,13.601122770310836,13.744292551317097,13.575858554223291,13.617966651916506,17786300,1,13.228882980346679,13.076449394226074,12.915173196792605,13.163193575541179,13.877864217758178,14900060.0,15216870.0,16728380.0,17724446.666666668,16962968.333333332,13.491641998291016,13.205303192138672,12.910541534423828,12.91896152496338,12.927383422851562,13.090766334533694,13.021707725524902,12.924015617370605,12.897065925598145,12.924015808105471,12.991389942169187,12.906330394744876,12.840640640258787,12.81790189743042,12.773266887664795,12.891592311859133,12.890750122070312,12.921489477157593,12.962756013870239,13.008233547210693,13.161509323120118,13.166843064626054,13.178633530934654,13.203337287902832,13.22747974395752,13.924588839213051,13.964774513244631,14.009732500712078,14.067411041259765,14.122439559300739,14506000.0,16385220.0,16839460.0,16608240.0,15533680.0,14779090.0,15051620.0,15022900.0,15474960.0,16086850.0,16992310.0,17289080.0,17672280.0,20707880.0,20344740.0,17567676.666666668,17537963.333333332,17530010.0,17642716.666666668,17643856.666666668,16927351.666666668,16986576.666666668,17376790.0,17506060.0,17562715.0,0
2018-04-19,14.148537110748773,14.300128843688116,13.836933309769973,13.929573059082033,21268500,0,13.43100528717041,13.164035606384278,12.941701698303225,13.176949183146156,13.838842598597207,15769220.0,16188730.0,16719385.0,18113950.0,16985921.666666668,13.617966651916506,13.491641998291016,13.205303192138672,12.910541534423828,12.91896152496338,13.228882980346679,13.090766334533694,13.021707725524902,12.924015617370605,12.897065925598145,13.076449394226074,12.991389942169187,12.906330394744876,12.840640640258787,12.81790189743042,12.915173196792605,12.891592311859133,12.890750122070312,12.921489477157593,12.962756013870239,13.163193575541179,13.161509323120118,13.166843064626054,13.178633530934654,13.203337287902832,13.877864217758178,13.924588839213051,13.964774513244631,14.009732500712078,14.067411041259765,14900060.0,14506000.0,16385220.0,16839460.0,16608240.0,15216870.0,14779090.0,15051620.0,15022900.0,15474960.0,16728380.0,16992310.0,17289080.0,17672280.0,20707880.0,17724446.666666668,17567676.666666668,17537963.333333332,17530010.0,17642716.666666668,16962968.333333332,16927351.666666668,16986576.666666668,17376790.0,17506060.0,0
2018-04-20,13.963258565168298,13.996946329276975,13.786402622560738,13.87061882019043,14922500,0,13.62302074432373,13.273518180847168,12.988442373275756,13.189862442016599,13.803160619735715,16404680.0,16622070.0,16527775.0,18243676.666666668,16950265.0,13.929573059082033,13.617966651916506,13.491641998291016,13.205303192138672,12.910541534423828,13.43100528717041,13.228882980346679,13.090766334533694,13.021707725524902,12.924015617370605,13.164035606384278,13.076449394226074,12.991389942169187,12.906330394744876,12.840640640258787,12.941701698303225,12.915173196792605,12.891592311859133,12.890750122070312,12.921489477157593,13.176949183146156,13.163193575541179,13.161509323120118,13.166843064626054,13.178633530934654,13.838842598597207,13.877864217758178,13.924588839213051,13.964774513244631,14.009732500712078,15769220.0,14900060.0,14506000.0,16385220.0,16839460.0,16188730.0,15216870.0,14779090.0,15051620.0,15022900.0,16719385.0,16728380.0,16992310.0,17289080.0,17672280.0,18113950.0,17724446.666666668,17567676.666666668,17537963.333333332,17530010.0,16985921.666666668,16962968.333333332,16927351.666666668,16986576.666666668,17376790.0,0
2018-04-23,13.811669171426272,13.87904310469874,13.693765189779773,13.845356941223145,10180600,0,13.751031494140625,13.386369609832766,13.04865789413452,13.192950503031414,13.771519215901694,15721800.0,16053510.0,16017905.0,18300206.666666668,16844888.333333332,13.87061882019043,13.929573059082033,13.617966651916506,13.491641998291016,13.205303192138672,13.62302074432373,13.43100528717041,13.228882980346679,13.090766334533694,13.021707725524902,13.273518180847168,13.164035606384278,13.076449394226074,12.991389942169187,12.906330394744876,12.988442373275756,12.941701698303225,12.915173196792605,12.891592311859133,12.890750122070312,13.189862442016599,13.176949183146156,13.163193575541179,13.161509323120118,13.166843064626054,13.803160619735715,13.838842598597207,13.877864217758178,13.924588839213051,13.964774513244631,16404680.0,15769220.0,14900060.0,14506000.0,16385220.0,16622070.0,16188730.0,15216870.0,14779090.0,15051620.0,16527775.0,16719385.0,16728380.0,16992310.0,17289080.0,18243676.666666668,18113950.0,17724446.666666668,17567676.666666668,17537963.333333332,16950265.0,16985921.666666668,16962968.333333332,16927351.666666668,16986576.666666668,0
2018-04-24,13.895888368409246,13.904310311694125,13.626392608578794,13.702188491821287,11046300,0,13.79314079284668,13.441953563690186,13.09666199684143,13.185090319315592,13.738188791275025,15040840.0,14773420.0,15668310.0,18291923.33333333,16743545.0,13.845356941223145,13.87061882019043,13.929573059082033,13.617966651916506,13.491641998291016,13.751031494140625,13.62302074432373,13.43100528717041,13.228882980346679,13.090766334533694,13.386369609832766,13.273518180847168,13.164035606384278,13.076449394226074,12.991389942169187,13.04865789413452,12.988442373275756,12.941701698303225,12.915173196792605,12.891592311859133,13.192950503031414,13.189862442016599,13.176949183146156,13.163193575541179,13.161509323120118,13.771519215901694,13.803160619735715,13.838842598597207,13.877864217758178,13.924588839213051,15721800.0,16404680.0,15769220.0,14900060.0,14506000.0,16053510.0,16622070.0,16188730.0,15216870.0,14779090.0,16017905.0,16527775.0,16719385.0,16728380.0,16992310.0,18300206.666666668,18243676.666666668,18113950.0,17724446.666666668,17567676.666666668,16844888.333333332,16950265.0,16985921.666666668,16962968.333333332,16927351.666666668,0
2018-04-25,13.643233689911973,13.719029557569794,13.449533049990823,13.693763732910154,11536600,0,13.80830020904541,13.518591594696044,13.14592924118042,13.178352896372475,13.705554517110189,13790900.0,14345480.0,15216165.0,18344986.666666668,16649076.666666664,13.702188491821287,13.845356941223145,13.87061882019043,13.929573059082033,13.617966651916506,13.79314079284668,13.751031494140625,13.62302074432373,13.43100528717041,13.228882980346679,13.441953563690186,13.386369609832766,13.273518180847168,13.164035606384278,13.076449394226074,13.09666199684143,13.04865789413452,12.988442373275756,12.941701698303225,12.915173196792605,13.185090319315592,13.192950503031414,13.189862442016599,13.176949183146156,13.163193575541179,13.738188791275025,13.771519215901694,13.803160619735715,13.838842598597207,13.877864217758178,15040840.0,15721800.0,16404680.0,15769220.0,14900060.0,14773420.0,16053510.0,16622070.0,16188730.0,15216870.0,15668310.0,16017905.0,16527775.0,16719385.0,16728380.0,18291923.33333333,18300206.666666668,18243676.666666668,18113950.0,17724446.666666668,16743545.0,16844888.333333332,16950265.0,16985921.666666668,16962968.333333332,0
2018-04-26,13.727451026701493,13.752716853448115,13.525329231692236,13.660077095031738,11383700,0,13.754401016235352,13.592703151702883,13.205302524566653,13.172738393147789,13.67734163602193,11813940.0,13791580.0,14633270.0,18402446.666666668,16530668.333333336,13.693763732910154,13.702188491821287,13.845356941223145,13.87061882019043,13.929573059082033,13.80830020904541,13.79314079284668,13.751031494140625,13.62302074432373,13.43100528717041,13.518591594696044,13.441953563690186,13.386369609832766,13.273518180847168,13.164035606384278,13.14592924118042,13.09666199684143,13.04865789413452,12.988442373275756,12.941701698303225,13.178352896372475,13.185090319315592,13.192950503031414,13.189862442016599,13.176949183146156,13.705554517110189,13.738188791275025,13.771519215901694,13.803160619735715,13.838842598597207,13790900.0,15040840.0,15721800.0,16404680.0,15769220.0,14345480.0,14773420.0,16053510.0,16622070.0,16188730.0,15216165.0,15668310.0,16017905.0,16527775.0,16719385.0,18344986.666666668,18291923.33333333,18300206.666666668,18243676.666666668,18113950.0,16649076.666666664,16743545.0,16844888.333333332,16950265.0,16985921.666666668,0
2018-04-27,13.617445560778119,13.75387487754885,13.498068790470615,13.600391387939453,9826500,0,13.700355529785154,13.661688137054446,13.251164388656616,13.168222363789875,13.651643085479733,10794740.0,13599710.0,14311305.0,16314756.666666664,16382616.666666664,13.660077095031738,13.693763732910154,13.702188491821287,13.845356941223145,13.87061882019043,13.754401016235352,13.80830020904541,13.79314079284668,13.751031494140625,13.62302074432373,13.592703151702883,13.518591594696044,13.441953563690186,13.386369609832766,13.273518180847168,13.205302524566653,13.14592924118042,13.09666199684143,13.04865789413452,12.988442373275756,13.172738393147789,13.178352896372475,13.185090319315592,13.192950503031414,13.189862442016599,13.67734163602193,13.705554517110189,13.738188791275025,13.771519215901694,13.803160619735715,11813940.0,13790900.0,15040840.0,15721800.0,16404680.0,13791580.0,14345480.0,14773420.0,16053510.0,16622070.0,14633270.0,15216165.0,15668310.0,16017905.0,16527775.0,18402446.666666668,18344986.666666668,18291923.33333333,18300206.666666668,18243676.666666668,16530668.333333336,16649076.666666664,16743545.0,16844888.333333332,16950265.0,1
2018-04-30,13.591862685399981,13.660078555455813,13.489540100097654,13.489540100097654,14201600,1,13.629192161560061,13.69011182785034,13.298221111297607,13.15720402399699,13.62297412554423,11598940.0,13660370.0,14355995.0,16079510.0,16388345.0,13.600391387939453,13.660077095031738,13.693763732910154,13.702188491821287,13.845356941223145,13.700355529785154,13.754401016235352,13.80830020904541,13.79314079284668,13.751031494140625,13.661688137054446,13.592703151702883,13.518591594696044,13.441953563690186,13.386369609832766,13.251164388656616,13.205302524566653,13.14592924118042,13.09666199684143,13.04865789413452,13.168222363789875,13.172738393147789,13.178352896372475,13.185090319315592,13.192950503031414,13.651643085479733,13.67734163602193,13.705554517110189,13.738188791275025,13.771519215901694,10794740.0,11813940.0,13790900.0,15040840.0,15721800.0,13599710.0,13791580.0,14345480.0,14773420.0,16053510.0,14311305.0,14633270.0,15216165.0,15668310.0,16017905.0,16314756.666666664,18402446.666666668,18344986.666666668,18291923.33333333,18300206.666666668,16382616.666666664,16530668.333333336,16649076.666666664,16743545.0,16844888.333333332,1
2018-05-01,13.463959157594669,13.660078048706053,13.446905800604055,13.660078048706055,10253500,1,13.620770072937011,13.706955432891846,13.349172687530515,13.163380018870035,13.605007727940876,11440380.0,13240610.0,14009850.0,15741743.333333336,16251011.666666664,13.489540100097654,13.600391387939453,13.660077095031738,13.693763732910154,13.702188491821287,13.629192161560061,13.700355529785154,13.754401016235352,13.80830020904541,13.79314079284668,13.69011182785034,13.661688137054446,13.592703151702883,13.518591594696044,13.441953563690186,13.298221111297607,13.251164388656616,13.205302524566653,13.14592924118042,13.09666199684143,13.15720402399699,13.168222363789875,13.172738393147789,13.178352896372475,13.185090319315592,13.62297412554423,13.651643085479733,13.67734163602193,13.705554517110189,13.738188791275025,11598940.0,10794740.0,11813940.0,13790900.0,15040840.0,13660370.0,13599710.0,13791580.0,14345480.0,14773420.0,14355995.0,14311305.0,14633270.0,15216165.0,15668310.0,16079510.0,16314756.666666664,18402446.666666668,18344986.666666668,18291923.33333333,16388345.0,16382616.666666664,16530668.333333336,16649076.666666664,16743545.0,1
2018-05-02,13.608915650526171,13.82208707446266,13.557753955813878,13.77945327758789,14992900,0,13.63790798187256,13.723104095458984,13.39977674484253,13.184483496348063,13.598715909322102,12131640.0,12961270.0,14089070.0,15472676.666666664,16110695.0,13.660078048706055,13.489540100097654,13.600391387939453,13.660077095031738,13.693763732910154,13.620770072937011,13.629192161560061,13.700355529785154,13.754401016235352,13.80830020904541,13.706955432891846,13.69011182785034,13.661688137054446,13.592703151702883,13.518591594696044,13.349172687530515,13.298221111297607,13.251164388656616,13.205302524566653,13.14592924118042,13.163380018870035,13.15720402399699,13.168222363789875,13.172738393147789,13.178352896372475,13.605007727940876,13.62297412554423,13.651643085479733,13.67734163602193,13.705554517110189,11440380.0,11598940.0,10794740.0,11813940.0,13790900.0,13240610.0,13660370.0,13599710.0,13791580.0,14345480.0,14009850.0,14355995.0,14311305.0,14633270.0,15216165.0,15741743.333333336,16079510.0,16314756.666666664,18402446.666666668,18344986.666666668,16251011.666666664,16388345.0,16382616.666666664,16530668.333333336,16649076.666666664,1
2018-05-03,13.787981583786811,13.830615384438731,13.3786904293899,13.489540100097654,17124700,1,13.603800582885745,13.679100799560548,13.421568202972413,13.187501398722329,13.580293401082356,13279840.0,12546890.0,14367810.0,15328553.333333336,15929073.333333336,13.77945327758789,13.660078048706055,13.489540100097654,13.600391387939453,13.660077095031738,13.63790798187256,13.620770072937011,13.629192161560061,13.700355529785154,13.754401016235352,13.723104095458984,13.706955432891846,13.69011182785034,13.661688137054446,13.592703151702883,13.39977674484253,13.349172687530515,13.298221111297607,13.251164388656616,13.205302524566653,13.184483496348063,13.163380018870035,13.15720402399699,13.168222363789875,13.172738393147789,13.598715909322102,13.605007727940876,13.62297412554423,13.651643085479733,13.67734163602193,12131640.0,11440380.0,11598940.0,10794740.0,11813940.0,12961270.0,13240610.0,13660370.0,13599710.0,13791580.0,14089070.0,14009850.0,14355995.0,14311305.0,14633270.0,15472676.666666664,15741743.333333336,16079510.0,16314756.666666664,18402446.666666668,16110695.0,16251011.666666664,16388345.0,16382616.666666664,16530668.333333336,1
2018-05-04,13.429850730143919,13.796507232520245,13.42132364562644,13.73681926727295,14511800,1,13.631086158752444,13.665720844268801,13.469619512557983,13.214201863606773,13.566553640365601,14216900.0,12505820.0,14563945.0,15187123.333333336,15848275.0,13.489540100097654,13.77945327758789,13.660078048706055,13.489540100097654,13.600391387939453,13.603800582885745,13.63790798187256,13.620770072937011,13.629192161560061,13.700355529785154,13.679100799560548,13.723104095458984,13.706955432891846,13.69011182785034,13.661688137054446,13.421568202972413,13.39977674484253,13.349172687530515,13.298221111297607,13.251164388656616,13.187501398722329,13.184483496348063,13.163380018870035,13.15720402399699,13.168222363789875,13.580293401082356,13.598715909322102,13.605007727940876,13.62297412554423,13.651643085479733,13279840.0,12131640.0,11440380.0,11598940.0,10794740.0,12546890.0,12961270.0,13240610.0,13660370.0,13599710.0,14367810.0,14089070.0,14009850.0,14355995.0,14311305.0,15328553.333333336,15472676.666666664,15741743.333333336,16079510.0,16314756.666666664,15929073.333333336,16110695.0,16251011.666666664,16388345.0,16382616.666666664,0
2018-05-07,13.80503474471466,14.052313697881965,13.796507659933011,13.822087287902832,13680000,0,13.697595596313475,13.663393878936768,13.524881744384766,13.253569889068606,13.561112817128501,14112580.0,12855760.0,14454635.0,14963856.666666664,15801540.0,13.73681926727295,13.489540100097654,13.77945327758789,13.660078048706055,13.489540100097654,13.631086158752444,13.603800582885745,13.63790798187256,13.620770072937011,13.629192161560061,13.665720844268801,13.679100799560548,13.723104095458984,13.706955432891846,13.69011182785034,13.469619512557983,13.421568202972413,13.39977674484253,13.349172687530515,13.298221111297607,13.214201863606773,13.187501398722329,13.184483496348063,13.163380018870035,13.15720402399699,13.566553640365601,13.580293401082356,13.598715909322102,13.605007727940876,13.62297412554423,14216900.0,13279840.0,12131640.0,11440380.0,11598940.0,12505820.0,12546890.0,12961270.0,13240610.0,13660370.0,14563945.0,14367810.0,14089070.0,14009850.0,14355995.0,15187123.333333336,15328553.333333336,15472676.666666664,15741743.333333336,16079510.0,15848275.0,15929073.333333336,16110695.0,16251011.666666664,16388345.0,0
2018-05-08,13.898829172644556,13.898829172644556,13.677131477840495,13.70271110534668,17513400,1,13.706122207641602,13.663446140289304,13.552699851989749,13.28559004465739,13.54750641187032,15564560.0,13502470.0,14137945.0,14946363.333333336,15579400.0,13.822087287902832,13.73681926727295,13.489540100097654,13.77945327758789,13.660078048706055,13.697595596313475,13.631086158752444,13.603800582885745,13.63790798187256,13.620770072937011,13.663393878936768,13.665720844268801,13.679100799560548,13.723104095458984,13.706955432891846,13.524881744384766,13.469619512557983,13.421568202972413,13.39977674484253,13.349172687530515,13.253569889068606,13.214201863606773,13.187501398722329,13.184483496348063,13.163380018870035,13.561112817128501,13.566553640365601,13.580293401082356,13.598715909322102,13.605007727940876,14112580.0,14216900.0,13279840.0,12131640.0,11440380.0,12855760.0,12505820.0,12546890.0,12961270.0,13240610.0,14454635.0,14563945.0,14367810.0,14089070.0,14009850.0,14963856.666666664,15187123.333333336,15328553.333333336,15472676.666666664,15741743.333333336,15801540.0,15848275.0,15929073.333333336,16110695.0,16251011.666666664,0
2018-05-09,13.822087565985274,14.086422320409074,13.796507937500825,14.026734352111815,17015500,1,13.755578422546387,13.696743202209472,13.607667398452758,13.329533894856773,13.538458220163982,15969080.0,14050360.0,14197920.0,14827563.333333336,15578421.666666664,13.70271110534668,13.822087287902832,13.73681926727295,13.489540100097654,13.77945327758789,13.706122207641602,13.697595596313475,13.631086158752444,13.603800582885745,13.63790798187256,13.663446140289304,13.663393878936768,13.665720844268801,13.679100799560548,13.723104095458984,13.552699851989749,13.524881744384766,13.469619512557983,13.421568202972413,13.39977674484253,13.28559004465739,13.253569889068606,13.214201863606773,13.187501398722329,13.184483496348063,13.54750641187032,13.561112817128501,13.566553640365601,13.580293401082356,13.598715909322102,15564560.0,14112580.0,14216900.0,13279840.0,12131640.0,13502470.0,12855760.0,12505820.0,12546890.0,12961270.0,14137945.0,14454635.0,14563945.0,14367810.0,14089070.0,14946363.333333336,14963856.666666664,15187123.333333336,15328553.333333336,15472676.666666664,15579400.0,15801540.0,15848275.0,15929073.333333336,16110695.0,0
2018-05-10,14.112003118023988,14.214326519564395,13.984100085879948,14.069369316101074,14148900,1,13.87154426574707,13.737672424316404,13.665187788009643,13.382759157816567,13.52885734240214,15373920.0,14326880.0,14059230.0,14531140.0,15663265.0,14.026734352111815,13.70271110534668,13.822087287902832,13.73681926727295,13.489540100097654,13.755578422546387,13.706122207641602,13.697595596313475,13.631086158752444,13.603800582885745,13.696743202209472,13.663446140289304,13.663393878936768,13.665720844268801,13.679100799560548,13.607667398452758,13.552699851989749,13.524881744384766,13.469619512557983,13.421568202972413,13.329533894856773,13.28559004465739,13.253569889068606,13.214201863606773,13.187501398722329,13.538458220163982,13.54750641187032,13.561112817128501,13.566553640365601,13.580293401082356,15969080.0,15564560.0,14112580.0,14216900.0,13279840.0,14050360.0,13502470.0,12855760.0,12505820.0,12546890.0,14197920.0,14137945.0,14454635.0,14563945.0,14367810.0,14827563.333333336,14946363.333333336,14963856.666666664,15187123.333333336,15328553.333333336,15578421.666666664,15579400.0,15801540.0,15848275.0,15929073.333333336,1
2018-05-11,14.129055090435813,14.197270138721333,14.035258789152579,14.07789421081543,15939600,1,13.939759254455565,13.785422706604006,13.723555421829223,13.42925049463908,13.518556372324625,15659480.0,14938190.0,14268950.0,14520266.666666664,15748023.333333336,14.069369316101074,14.026734352111815,13.70271110534668,13.822087287902832,13.73681926727295,13.87154426574707,13.755578422546387,13.706122207641602,13.697595596313475,13.631086158752444,13.737672424316404,13.696743202209472,13.663446140289304,13.663393878936768,13.665720844268801,13.665187788009643,13.607667398452758,13.552699851989749,13.524881744384766,13.469619512557983,13.382759157816567,13.329533894856773,13.28559004465739,13.253569889068606,13.214201863606773,13.52885734240214,13.538458220163982,13.54750641187032,13.561112817128501,13.566553640365601,15373920.0,15969080.0,15564560.0,14112580.0,14216900.0,14326880.0,14050360.0,13502470.0,12855760.0,12505820.0,14059230.0,14197920.0,14137945.0,14454635.0,14563945.0,14531140.0,14827563.333333336,14946363.333333336,14963856.666666664,15187123.333333336,15663265.0,15578421.666666664,15579400.0,15801540.0,15848275.0,1
2018-05-14,14.112001455786483,14.239906099240065,14.086421828195846,14.188743591308596,9110700,0,14.01309051513672,13.855343055725095,13.772727441787719,13.48392842610677,13.512067969640094,14745620.0,14429100.0,14044735.0,14380363.333333336,15651301.666666664,14.07789421081543,14.069369316101074,14.026734352111815,13.70271110534668,13.822087287902832,13.939759254455565,13.87154426574707,13.755578422546387,13.706122207641602,13.697595596313475,13.785422706604006,13.737672424316404,13.696743202209472,13.663446140289304,13.663393878936768,13.723555421829223,13.665187788009643,13.607667398452758,13.552699851989749,13.524881744384766,13.42925049463908,13.382759157816567,13.329533894856773,13.28559004465739,13.253569889068606,13.518556372324625,13.52885734240214,13.538458220163982,13.54750641187032,13.561112817128501,15659480.0,15373920.0,15969080.0,15564560.0,14112580.0,14938190.0,14326880.0,14050360.0,13502470.0,12855760.0,14268950.0,14059230.0,14197920.0,14137945.0,14454635.0,14520266.666666664,14531140.0,14827563.333333336,14946363.333333336,14963856.666666664,15748023.333333336,15663265.0,15578421.666666664,15579400.0,15801540.0,1
2018-05-15,14.197271458554154,14.214325628804712,13.992626294672984,14.018207550048828,12467500,0,14.076189804077151,13.891156005859376,13.79905571937561,13.529833793640135,13.506246407826744,13736440.0,14650500.0,13945555.0,14223400.0,15608385.0,14.188743591308596,14.07789421081543,14.069369316101074,14.026734352111815,13.70271110534668,14.01309051513672,13.939759254455565,13.87154426574707,13.755578422546387,13.706122207641602,13.855343055725095,13.785422706604006,13.737672424316404,13.696743202209472,13.663446140289304,13.772727441787719,13.723555421829223,13.665187788009643,13.607667398452758,13.552699851989749,13.48392842610677,13.42925049463908,13.382759157816567,13.329533894856773,13.28559004465739,13.512067969640094,13.518556372324625,13.52885734240214,13.538458220163982,13.54750641187032,14745620.0,15659480.0,15373920.0,15969080.0,15564560.0,14429100.0,14938190.0,14326880.0,14050360.0,13502470.0,14044735.0,14268950.0,14059230.0,14197920.0,14137945.0,14380363.333333336,14520266.666666664,14531140.0,14827563.333333336,14946363.333333336,15651301.666666664,15748023.333333336,15663265.0,15578421.666666664,15579400.0,1
2018-05-16,14.01820581705843,14.052312526967945,13.915882434579904,13.984097480773926,10032200,0,14.06766242980957,13.911620426177981,13.81736226081848,13.57039130528768,13.500698407491047,12339780.0,14154430.0,13557850.0,14110856.666666664,15552145.0,14.018207550048828,14.188743591308596,14.07789421081543,14.069369316101074,14.026734352111815,14.076189804077151,14.01309051513672,13.939759254455565,13.87154426574707,13.755578422546387,13.891156005859376,13.855343055725095,13.785422706604006,13.737672424316404,13.696743202209472,13.79905571937561,13.772727441787719,13.723555421829223,13.665187788009643,13.607667398452758,13.529833793640135,13.48392842610677,13.42925049463908,13.382759157816567,13.329533894856773,13.506246407826744,13.512067969640094,13.518556372324625,13.52885734240214,13.538458220163982,13736440.0,14745620.0,15659480.0,15373920.0,15969080.0,14650500.0,14429100.0,14938190.0,14326880.0,14050360.0,13945555.0,14044735.0,14268950.0,14059230.0,14197920.0,14223400.0,14380363.333333336,14520266.666666664,14531140.0,14827563.333333336,15608385.0,15651301.666666664,15748023.333333336,15663265.0,15578421.666666664,1
2018-05-17,14.026734105821085,14.077894988266829,13.847668577698304,13.898829460144045,14536000,0,14.033554458618164,13.952549362182618,13.815825080871582,13.598561922709148,13.49723841349284,12417200.0,13895560.0,13221225.0,14210393.333333336,15570003.333333336,13.984097480773926,14.018207550048828,14.188743591308596,14.07789421081543,14.069369316101074,14.06766242980957,14.076189804077151,14.01309051513672,13.939759254455565,13.87154426574707,13.911620426177981,13.891156005859376,13.855343055725095,13.785422706604006,13.737672424316404,13.81736226081848,13.79905571937561,13.772727441787719,13.723555421829223,13.665187788009643,13.57039130528768,13.529833793640135,13.48392842610677,13.42925049463908,13.382759157816567,13.500698407491047,13.506246407826744,13.512067969640094,13.518556372324625,13.52885734240214,12339780.0,13736440.0,14745620.0,15659480.0,15373920.0,14154430.0,14650500.0,14429100.0,14938190.0,14326880.0,13557850.0,13945555.0,14044735.0,14268950.0,14059230.0,14110856.666666664,14223400.0,14380363.333333336,14520266.666666664,14531140.0,15552145.0,15608385.0,15651301.666666664,15748023.333333336,15663265.0,1
2018-05-18,13.890303714392555,13.924410426525837,13.660077308586304,13.70271110534668,12329300,0,13.958517837524415,13.94913854598999,13.807429695129395,13.629459190368653,13.491773001352945,11695140.0,13677310.0,13091565.0,14268400.0,15599463.333333336,13.898829460144045,13.984097480773926,14.018207550048828,14.188743591308596,14.07789421081543,14.033554458618164,14.06766242980957,14.076189804077151,14.01309051513672,13.939759254455565,13.952549362182618,13.911620426177981,13.891156005859376,13.855343055725095,13.785422706604006,13.815825080871582,13.81736226081848,13.79905571937561,13.772727441787719,13.723555421829223,13.598561922709148,13.57039130528768,13.529833793640135,13.48392842610677,13.42925049463908,13.49723841349284,13.500698407491047,13.506246407826744,13.512067969640094,13.518556372324625,12417200.0,12339780.0,13736440.0,14745620.0,15659480.0,13895560.0,14154430.0,14650500.0,14429100.0,14938190.0,13221225.0,13557850.0,13945555.0,14044735.0,14268950.0,14210393.333333336,14110856.666666664,14223400.0,14380363.333333336,14520266.666666664,15570003.333333336,15552145.0,15608385.0,15651301.666666664,15748023.333333336,1
2018-05-21,13.736819406581821,13.77945320322651,13.600388492481143,13.625968933105467,13106200,0,13.84596290588379,13.929526710510256,13.796460294723511,13.659763399759926,13.480115858713784,12494240.0,13619930.0,13237845.0,14176400.0,15655418.333333336,13.70271110534668,13.898829460144045,13.984097480773926,14.018207550048828,14.188743591308596,13.958517837524415,14.033554458618164,14.06766242980957,14.076189804077151,14.01309051513672,13.94913854598999,13.952549362182618,13.911620426177981,13.891156005859376,13.855343055725095,13.807429695129395,13.815825080871582,13.81736226081848,13.79905571937561,13.772727441787719,13.629459190368653,13.598561922709148,13.57039130528768,13.529833793640135,13.48392842610677,13.491773001352945,13.49723841349284,13.500698407491047,13.506246407826744,13.512067969640094,11695140.0,12417200.0,12339780.0,13736440.0,14745620.0,13677310.0,13895560.0,14154430.0,14650500.0,14429100.0,13091565.0,13221225.0,13557850.0,13945555.0,14044735.0,14268400.0,14210393.333333336,14110856.666666664,14223400.0,14380363.333333336,15599463.333333336,15570003.333333336,15552145.0,15608385.0,15651301.666666664,1
2018-05-22,13.643024377746935,13.762400320612144,13.532174707095228,13.591862678527832,13340400,1,13.76069393157959,13.918441867828367,13.790944004058838,13.674613857269287,13.469153579076133,12668820.0,13202630.0,13352550.0,13826173.333333336,15665836.666666664,13.625968933105467,13.70271110534668,13.898829460144045,13.984097480773926,14.018207550048828,13.84596290588379,13.958517837524415,14.033554458618164,14.06766242980957,14.076189804077151,13.929526710510256,13.94913854598999,13.952549362182618,13.911620426177981,13.891156005859376,13.796460294723511,13.807429695129395,13.815825080871582,13.81736226081848,13.79905571937561,13.659763399759926,13.629459190368653,13.598561922709148,13.57039130528768,13.529833793640135,13.480115858713784,13.491773001352945,13.49723841349284,13.500698407491047,13.506246407826744,12494240.0,11695140.0,12417200.0,12339780.0,13736440.0,13619930.0,13677310.0,13895560.0,14154430.0,14650500.0,13237845.0,13091565.0,13221225.0,13557850.0,13945555.0,14176400.0,14268400.0,14210393.333333336,14110856.666666664,14223400.0,15655418.333333336,15599463.333333336,15570003.333333336,15552145.0,15608385.0,1
2018-05-23,13.515120262628225,13.822087180506847,13.472485652238808,13.805034637451172,14377100,0,13.724881362915037,13.896271896362304,13.796507549285886,13.70386889775594,13.465674320856731,13537800.0,12938790.0,13494575.0,13778210.0,15711033.333333336,13.591862678527832,13.625968933105467,13.70271110534668,13.898829460144045,13.984097480773926,13.76069393157959,13.84596290588379,13.958517837524415,14.033554458618164,14.06766242980957,13.918441867828367,13.929526710510256,13.94913854598999,13.952549362182618,13.911620426177981,13.790944004058838,13.796460294723511,13.807429695129395,13.815825080871582,13.81736226081848,13.674613857269287,13.659763399759926,13.629459190368653,13.598561922709148,13.57039130528768,13.469153579076133,13.480115858713784,13.491773001352945,13.49723841349284,13.500698407491047,12668820.0,12494240.0,11695140.0,12417200.0,12339780.0,13202630.0,13619930.0,13677310.0,13895560.0,14154430.0,13352550.0,13237845.0,13091565.0,13221225.0,13557850.0,13826173.333333336,14176400.0,14268400.0,14210393.333333336,14110856.666666664,15665836.666666664,15655418.333333336,15599463.333333336,15570003.333333336,15552145.0,1
2018-05-24,13.762400395471607,13.762400395471607,13.51512142299502,13.540701866149902,13410800,1,13.653255844116213,13.843405151367188,13.790538787841795,13.724593575795494,13.463965431849164,13312760.0,12864980.0,13595930.0,13661146.666666664,15651931.666666664,13.805034637451172,13.591862678527832,13.625968933105467,13.70271110534668,13.898829460144045,13.724881362915037,13.76069393157959,13.84596290588379,13.958517837524415,14.033554458618164,13.896271896362304,13.918441867828367,13.929526710510256,13.94913854598999,13.952549362182618,13.796507549285886,13.790944004058838,13.796460294723511,13.807429695129395,13.815825080871582,13.70386889775594,13.674613857269287,13.659763399759926,13.629459190368653,13.598561922709148,13.465674320856731,13.469153579076133,13.480115858713784,13.491773001352945,13.49723841349284,13537800.0,12668820.0,12494240.0,11695140.0,12417200.0,12938790.0,13202630.0,13619930.0,13677310.0,13895560.0,13494575.0,13352550.0,13237845.0,13091565.0,13221225.0,13778210.0,13826173.333333336,14176400.0,14268400.0,14210393.333333336,15711033.333333336,15665836.666666664,15655418.333333336,15599463.333333336,15570003.333333336,1
2018-05-25,13.429852859279384,13.557755894568885,13.284895652251198,13.549229621887207,17522000,1,13.622559547424315,13.790538692474366,13.787980699539185,13.745883178710935,13.462258354822795,14351300.0,13023220.0,13980705.0,13853706.666666664,15691858.333333336,13.540701866149902,13.805034637451172,13.591862678527832,13.625968933105467,13.70271110534668,13.653255844116213,13.724881362915037,13.76069393157959,13.84596290588379,13.958517837524415,13.843405151367188,13.896271896362304,13.918441867828367,13.929526710510256,13.94913854598999,13.790538787841795,13.796507549285886,13.790944004058838,13.796460294723511,13.807429695129395,13.724593575795494,13.70386889775594,13.674613857269287,13.659763399759926,13.629459190368653,13.463965431849164,13.465674320856731,13.469153579076133,13.480115858713784,13.491773001352945,13312760.0,13537800.0,12668820.0,12494240.0,11695140.0,12864980.0,12938790.0,13202630.0,13619930.0,13677310.0,13595930.0,13494575.0,13352550.0,13237845.0,13091565.0,13661146.666666664,13778210.0,13826173.333333336,14176400.0,14268400.0,15651931.666666664,15711033.333333336,15665836.666666664,15655418.333333336,15599463.333333336,1
2018-05-29,13.941464774153564,14.03525945350146,13.634496229151065,13.677131652832033,26449700,1,13.632792091369627,13.739377498626707,13.797360277175903,13.761610794067385,13.46422692934672,17020000.0,14757120.0,14593110.0,14282196.666666664,15910080.0,13.549229621887207,13.540701866149902,13.805034637451172,13.591862678527832,13.625968933105467,13.622559547424315,13.653255844116213,13.724881362915037,13.76069393157959,13.84596290588379,13.790538692474366,13.843405151367188,13.896271896362304,13.918441867828367,13.929526710510256,13.787980699539185,13.790538787841795,13.796507549285886,13.790944004058838,13.796460294723511,13.745883178710935,13.724593575795494,13.70386889775594,13.674613857269287,13.659763399759926,13.462258354822795,13.463965431849164,13.465674320856731,13.469153579076133,13.480115858713784,14351300.0,13312760.0,13537800.0,12668820.0,12494240.0,13023220.0,12864980.0,12938790.0,13202630.0,13619930.0,13980705.0,13595930.0,13494575.0,13352550.0,13237845.0,13853706.666666664,13661146.666666664,13778210.0,13826173.333333336,14176400.0,15691858.333333336,15651931.666666664,15711033.333333336,15665836.666666664,15655418.333333336,1
2018-05-30,13.736821034090474,14.197272272631766,13.72829394847625,14.120530128479006,17941000,1,13.738525581359866,13.749609756469727,13.820382881164553,13.782573731740316,13.472041527430214,17940120.0,15304470.0,14977485.0,14398526.666666664,15983101.666666664,13.677131652832033,13.549229621887207,13.540701866149902,13.805034637451172,13.591862678527832,13.632792091369627,13.622559547424315,13.653255844116213,13.724881362915037,13.76069393157959,13.739377498626707,13.790538692474366,13.843405151367188,13.896271896362304,13.918441867828367,13.797360277175903,13.787980699539185,13.790538787841795,13.796507549285886,13.790944004058838,13.761610794067385,13.745883178710935,13.724593575795494,13.70386889775594,13.674613857269287,13.46422692934672,13.462258354822795,13.463965431849164,13.465674320856731,13.469153579076133,17020000.0,14351300.0,13312760.0,13537800.0,12668820.0,14757120.0,13023220.0,12864980.0,12938790.0,13202630.0,14593110.0,13980705.0,13595930.0,13494575.0,13352550.0,14282196.666666664,13853706.666666664,13661146.666666664,13778210.0,13826173.333333336,15910080.0,15691858.333333336,15651931.666666664,15711033.333333336,15665836.666666664,1
2018-05-31,14.086421653196044,14.274012634155653,14.026733687725955,14.222851753234865,24678200,1,13.822089004516602,13.77348518371582,13.8425528049469,13.802736568450928,13.482965071996055,20000340.0,16769070.0,15461750.0,14628256.666666664,16176351.666666664,14.120530128479006,13.677131652832033,13.549229621887207,13.540701866149902,13.805034637451172,13.738525581359866,13.632792091369627,13.622559547424315,13.653255844116213,13.724881362915037,13.749609756469727,13.739377498626707,13.790538692474366,13.843405151367188,13.896271896362304,13.820382881164553,13.797360277175903,13.787980699539185,13.790538787841795,13.796507549285886,13.782573731740316,13.761610794067385,13.745883178710935,13.724593575795494,13.70386889775594,13.472041527430214,13.46422692934672,13.462258354822795,13.463965431849164,13.465674320856731,17940120.0,17020000.0,14351300.0,13312760.0,13537800.0,15304470.0,14757120.0,13023220.0,12864980.0,12938790.0,14977485.0,14593110.0,13980705.0,13595930.0,13494575.0,14398526.666666664,14282196.666666664,13853706.666666664,13661146.666666664,13778210.0,15983101.666666664,15910080.0,15691858.333333336,15651931.666666664,15711033.333333336,1
2018-06-01,14.265485171548386,14.478657400506522,14.205797207660115,14.410442352294922,16805200,1,13.996037101745605,13.824646472930908,13.888597917556762,13.818765544891358,13.497857364018758,20679220.0,16995990.0,15445775.0,14479480.0,16296715.0,14.222851753234865,14.120530128479006,13.677131652832033,13.549229621887207,13.540701866149902,13.822089004516602,13.738525581359866,13.632792091369627,13.622559547424315,13.653255844116213,13.77348518371582,13.749609756469727,13.739377498626707,13.790538692474366,13.843405151367188,13.8425528049469,13.820382881164553,13.797360277175903,13.787980699539185,13.790538787841795,13.802736568450928,13.782573731740316,13.761610794067385,13.745883178710935,13.724593575795494,13.482965071996055,13.472041527430214,13.46422692934672,13.462258354822795,13.463965431849164,20000340.0,17940120.0,17020000.0,14351300.0,13312760.0,16769070.0,15304470.0,14757120.0,13023220.0,12864980.0,15461750.0,14977485.0,14593110.0,13980705.0,13595930.0,14628256.666666664,14398526.666666664,14282196.666666664,13853706.666666664,13661146.666666664,16176351.666666664,15983101.666666664,15910080.0,15691858.333333336,15651931.666666664,0
2018-06-04,14.444552421569824,14.555401278314429,14.325174853104215,14.444552421569824,18695800,0,14.175101661682131,13.898830604553222,13.923984575271607,13.83789666493734,13.51387955347697,20913980.0,17632640.0,15654975.0,14605256.666666664,16424466.666666664,14.410442352294922,14.222851753234865,14.120530128479006,13.677131652832033,13.549229621887207,13.996037101745605,13.822089004516602,13.738525581359866,13.632792091369627,13.622559547424315,13.824646472930908,13.77348518371582,13.749609756469727,13.739377498626707,13.790538692474366,13.888597917556762,13.8425528049469,13.820382881164553,13.797360277175903,13.787980699539185,13.818765544891358,13.802736568450928,13.782573731740316,13.761610794067385,13.745883178710935,13.497857364018758,13.482965071996055,13.472041527430214,13.46422692934672,13.462258354822795,20679220.0,20000340.0,17940120.0,17020000.0,14351300.0,16995990.0,16769070.0,15304470.0,14757120.0,13023220.0,15445775.0,15461750.0,14977485.0,14593110.0,13980705.0,14479480.0,14628256.666666664,14398526.666666664,14282196.666666664,13853706.666666664,16296715.0,16176351.666666664,15983101.666666664,15910080.0,15691858.333333336,1
2018-06-05,14.376338573064366,14.58951084549355,14.350757314877727,14.35928440093994,23440100,0,14.31153221130371,13.97216215133667,13.950844430923462,13.85502758026123,13.523989041646324,20312060.0,18666030.0,16142980.0,15047240.0,16673723.333333336,14.444552421569824,14.410442352294922,14.222851753234865,14.120530128479006,13.677131652832033,14.175101661682131,13.996037101745605,13.822089004516602,13.738525581359866,13.632792091369627,13.898830604553222,13.824646472930908,13.77348518371582,13.749609756469727,13.739377498626707,13.923984575271607,13.888597917556762,13.8425528049469,13.820382881164553,13.797360277175903,13.83789666493734,13.818765544891358,13.802736568450928,13.782573731740316,13.761610794067385,13.51387955347697,13.497857364018758,13.482965071996055,13.472041527430214,13.46422692934672,20913980.0,20679220.0,20000340.0,17940120.0,17020000.0,17632640.0,16995990.0,16769070.0,15304470.0,14757120.0,15654975.0,15445775.0,15461750.0,14977485.0,14593110.0,14605256.666666664,14479480.0,14628256.666666664,14398526.666666664,14282196.666666664,16424466.666666664,16296715.0,16176351.666666664,15983101.666666664,15910080.0,1
2018-06-06,14.401915187751609,14.461603151307411,14.214324212808359,14.2569580078125,17558100,1,14.33881778717041,14.038671684265134,13.978556776046753,13.873519897460938,13.529305108388266,20235480.0,19087800.0,16145215.0,15264300.0,16778111.666666668,14.35928440093994,14.444552421569824,14.410442352294922,14.222851753234865,14.120530128479006,14.31153221130371,14.175101661682131,13.996037101745605,13.822089004516602,13.738525581359866,13.97216215133667,13.898830604553222,13.824646472930908,13.77348518371582,13.749609756469727,13.950844430923462,13.923984575271607,13.888597917556762,13.8425528049469,13.820382881164553,13.85502758026123,13.83789666493734,13.818765544891358,13.802736568450928,13.782573731740316,13.523989041646324,13.51387955347697,13.497857364018758,13.482965071996055,13.472041527430214,20312060.0,20913980.0,20679220.0,20000340.0,17940120.0,18666030.0,17632640.0,16995990.0,16769070.0,15304470.0,16142980.0,15654975.0,15445775.0,15461750.0,14977485.0,15047240.0,14605256.666666664,14479480.0,14628256.666666664,14398526.666666664,16673723.333333336,16424466.666666664,16296715.0,16176351.666666664,15983101.666666664,0
2018-06-07,14.299593204365852,14.580980475544115,14.282539036082321,14.54687213897705,11120200,0,14.403621864318847,14.112855434417725,14.004563665390014,13.901956844329836,13.540154870351154,17523880.0,18762110.0,15850450.0,15250420.0,16797703.333333332,14.2569580078125,14.35928440093994,14.444552421569824,14.410442352294922,14.222851753234865,14.33881778717041,14.31153221130371,14.175101661682131,13.996037101745605,13.822089004516602,14.038671684265134,13.97216215133667,13.898830604553222,13.824646472930908,13.77348518371582,13.978556776046753,13.950844430923462,13.923984575271607,13.888597917556762,13.8425528049469,13.873519897460938,13.85502758026123,13.83789666493734,13.818765544891358,13.802736568450928,13.529305108388266,13.523989041646324,13.51387955347697,13.497857364018758,13.482965071996055,20235480.0,20312060.0,20913980.0,20679220.0,20000340.0,19087800.0,18666030.0,17632640.0,16995990.0,16769070.0,16145215.0,16142980.0,15654975.0,15445775.0,15461750.0,15264300.0,15047240.0,14605256.666666664,14479480.0,14628256.666666664,16778111.666666668,16673723.333333336,16424466.666666664,16296715.0,16176351.666666664,0
2018-06-08,14.555399315160056,14.580980567747115,14.282539126398124,14.36780834197998,10346200,1,14.395095062255859,14.195566082000733,14.01948561668396,13.925547885894776,13.549143139521279,16232080.0,18455650.0,15660315.0,15215836.666666664,16809141.666666668,14.54687213897705,14.2569580078125,14.35928440093994,14.444552421569824,14.410442352294922,14.403621864318847,14.33881778717041,14.31153221130371,14.175101661682131,13.996037101745605,14.112855434417725,14.038671684265134,13.97216215133667,13.898830604553222,13.824646472930908,14.004563665390014,13.978556776046753,13.950844430923462,13.923984575271607,13.888597917556762,13.901956844329836,13.873519897460938,13.85502758026123,13.83789666493734,13.818765544891358,13.540154870351154,13.529305108388266,13.523989041646324,13.51387955347697,13.497857364018758,17523880.0,20235480.0,20312060.0,20913980.0,20679220.0,18762110.0,19087800.0,18666030.0,17632640.0,16995990.0,15850450.0,16145215.0,16142980.0,15654975.0,15445775.0,15250420.0,15264300.0,15047240.0,14605256.666666664,14479480.0,16797703.333333332,16778111.666666668,16673723.333333336,16424466.666666664,16296715.0,0
2018-06-11,14.350755995170054,14.674777103859999,14.299595109876952,14.623616218566895,14213500,0,14.430907821655273,14.3030047416687,14.046771717071532,13.959655380249027,13.563938872019449,15335620.0,18124800.0,15574010.0,15362070.0,15838413.333333336,14.36780834197998,14.54687213897705,14.2569580078125,14.35928440093994,14.444552421569824,14.395095062255859,14.403621864318847,14.33881778717041,14.31153221130371,14.175101661682131,14.195566082000733,14.112855434417725,14.038671684265134,13.97216215133667,13.898830604553222,14.01948561668396,14.004563665390014,13.978556776046753,13.950844430923462,13.923984575271607,13.925547885894776,13.901956844329836,13.873519897460938,13.85502758026123,13.83789666493734,13.549143139521279,13.540154870351154,13.529305108388266,13.523989041646324,13.51387955347697,16232080.0,17523880.0,20235480.0,20312060.0,20913980.0,18455650.0,18762110.0,19087800.0,18666030.0,17632640.0,15660315.0,15850450.0,16145215.0,16142980.0,15654975.0,15215836.666666664,15250420.0,15264300.0,15047240.0,14605256.666666664,16809141.666666668,16797703.333333332,16778111.666666668,16673723.333333336,16424466.666666664,0
2018-06-12,14.615088570652572,14.666251080351296,14.418970495932946,14.43602466583252,12117000,0,14.446255874633787,14.37889404296875,14.05913577079773,13.991204865773518,13.574204444885256,13071000.0,16691530.0,15724325.0,15292583.333333336,15686046.666666664,14.623616218566895,14.36780834197998,14.54687213897705,14.2569580078125,14.35928440093994,14.430907821655273,14.395095062255859,14.403621864318847,14.33881778717041,14.31153221130371,14.3030047416687,14.195566082000733,14.112855434417725,14.038671684265134,13.97216215133667,14.046771717071532,14.01948561668396,14.004563665390014,13.978556776046753,13.950844430923462,13.959655380249027,13.925547885894776,13.901956844329836,13.873519897460938,13.85502758026123,13.563938872019449,13.549143139521279,13.540154870351154,13.529305108388266,13.523989041646324,15335620.0,16232080.0,17523880.0,20235480.0,20312060.0,18124800.0,18455650.0,18762110.0,19087800.0,18666030.0,15574010.0,15660315.0,15850450.0,16145215.0,16142980.0,15362070.0,15215836.666666664,15250420.0,15264300.0,15047240.0,15838413.333333336,16809141.666666668,16797703.333333332,16778111.666666668,16673723.333333336,1
2018-06-13,14.418969749504845,14.436023918521574,14.205797515920947,14.274012565612793,9435800,1,14.449666786193848,14.394242286682127,14.071926021575928,14.01166934967041,13.587524684270225,11446540.0,15841010.0,15572740.0,15265326.666666664,15503535.0,14.43602466583252,14.623616218566895,14.36780834197998,14.54687213897705,14.2569580078125,14.446255874633787,14.430907821655273,14.395095062255859,14.403621864318847,14.33881778717041,14.37889404296875,14.3030047416687,14.195566082000733,14.112855434417725,14.038671684265134,14.05913577079773,14.046771717071532,14.01948561668396,14.004563665390014,13.978556776046753,13.991204865773518,13.959655380249027,13.925547885894776,13.901956844329836,13.873519897460938,13.574204444885256,13.563938872019449,13.549143139521279,13.540154870351154,13.529305108388266,13071000.0,15335620.0,16232080.0,17523880.0,20235480.0,16691530.0,18124800.0,18455650.0,18762110.0,19087800.0,15724325.0,15574010.0,15660315.0,15850450.0,16145215.0,15292583.333333336,15362070.0,15215836.666666664,15250420.0,15264300.0,15686046.666666664,15838413.333333336,16809141.666666668,16797703.333333332,16778111.666666668,1
2018-06-14,14.316648168852847,14.470130812815382,14.29106691500488,14.453078269958494,12080000,0,14.430908012390134,14.417264938354492,14.095375061035154,14.034123516082767,13.609303506215413,11638500.0,14581190.0,15675130.0,15168230.0,15320453.333333336,14.274012565612793,14.43602466583252,14.623616218566895,14.36780834197998,14.54687213897705,14.449666786193848,14.446255874633787,14.430907821655273,14.395095062255859,14.403621864318847,14.394242286682127,14.37889404296875,14.3030047416687,14.195566082000733,14.112855434417725,14.071926021575928,14.05913577079773,14.046771717071532,14.01948561668396,14.004563665390014,14.01166934967041,13.991204865773518,13.959655380249027,13.925547885894776,13.901956844329836,13.587524684270225,13.574204444885256,13.563938872019449,13.549143139521279,13.540154870351154,11446540.0,13071000.0,15335620.0,16232080.0,17523880.0,15841010.0,16691530.0,18124800.0,18455650.0,18762110.0,15572740.0,15724325.0,15574010.0,15660315.0,15850450.0,15265326.666666664,15292583.333333336,15362070.0,15215836.666666664,15250420.0,15503535.0,15686046.666666664,15838413.333333336,16809141.666666668,16797703.333333332,1
2018-06-15,14.393389562945151,14.461604617693697,14.248432368307586,14.29959487915039,15486300,1,14.41726531982422,14.40618019104004,14.115413331985474,14.061125342051186,13.62431337038676,12666520.0,14449300.0,15722645.0,15113616.666666664,15221085.0,14.453078269958494,14.274012565612793,14.43602466583252,14.623616218566895,14.36780834197998,14.430908012390134,14.449666786193848,14.446255874633787,14.430907821655273,14.395095062255859,14.417264938354492,14.394242286682127,14.37889404296875,14.3030047416687,14.195566082000733,14.095375061035154,14.071926021575928,14.05913577079773,14.046771717071532,14.01948561668396,14.034123516082767,14.01166934967041,13.991204865773518,13.959655380249027,13.925547885894776,13.609303506215413,13.587524684270225,13.574204444885256,13.563938872019449,13.549143139521279,11638500.0,11446540.0,13071000.0,15335620.0,16232080.0,14581190.0,15841010.0,16691530.0,18124800.0,18455650.0,15675130.0,15572740.0,15724325.0,15574010.0,15660315.0,15168230.0,15265326.666666664,15292583.333333336,15362070.0,15215836.666666664,15320453.333333336,15503535.0,15686046.666666664,15838413.333333336,16809141.666666668,1
2018-06-18,14.32517539572954,14.657725231310518,14.299595765098514,14.6321439743042,12863300,1,14.41897087097168,14.424939346313474,14.161884975433347,14.090969498952232,13.652585681279499,12396480.0,13866050.0,15749345.0,15058666.666666664,15122895.0,14.29959487915039,14.453078269958494,14.274012565612793,14.43602466583252,14.623616218566895,14.41726531982422,14.430908012390134,14.449666786193848,14.446255874633787,14.430907821655273,14.40618019104004,14.417264938354492,14.394242286682127,14.37889404296875,14.3030047416687,14.115413331985474,14.095375061035154,14.071926021575928,14.05913577079773,14.046771717071532,14.061125342051186,14.034123516082767,14.01166934967041,13.991204865773518,13.959655380249027,13.62431337038676,13.609303506215413,13.587524684270225,13.574204444885256,13.563938872019449,12666520.0,11638500.0,11446540.0,13071000.0,15335620.0,14449300.0,14581190.0,15841010.0,16691530.0,18124800.0,15722645.0,15675130.0,15572740.0,15724325.0,15574010.0,15113616.666666664,15168230.0,15265326.666666664,15292583.333333336,15362070.0,15221085.0,15320453.333333336,15503535.0,15686046.666666664,15838413.333333336,1
2018-06-19,14.512766868090413,14.862369220699652,14.495712698115527,14.794154167175293,15071600,1,14.490596771240234,14.468426322937011,14.22029423713684,14.123371728261313,13.688470808664956,12987400.0,13029200.0,15847615.0,15105053.333333336,15034455.0,14.6321439743042,14.29959487915039,14.453078269958494,14.274012565612793,14.43602466583252,14.41897087097168,14.41726531982422,14.430908012390134,14.449666786193848,14.446255874633787,14.424939346313474,14.40618019104004,14.417264938354492,14.394242286682127,14.37889404296875,14.161884975433347,14.115413331985474,14.095375061035154,14.071926021575928,14.05913577079773,14.090969498952232,14.061125342051186,14.034123516082767,14.01166934967041,13.991204865773518,13.652585681279499,13.62431337038676,13.609303506215413,13.587524684270225,13.574204444885256,12396480.0,12666520.0,11638500.0,11446540.0,13071000.0,13866050.0,14449300.0,14581190.0,15841010.0,16691530.0,15749345.0,15722645.0,15675130.0,15572740.0,15724325.0,15058666.666666664,15113616.666666664,15168230.0,15265326.666666664,15292583.333333336,15122895.0,15221085.0,15320453.333333336,15503535.0,15686046.666666664,1
2018-06-20,14.89647617947585,15.058487544153659,14.836788209956438,14.913530349731445,13132400,0,14.618500328063964,14.534083557128904,14.286377620697019,14.163732369740806,13.724661207199096,13726720.0,12586630.0,15837215.0,14959020.0,14952691.666666664,14.794154167175293,14.6321439743042,14.29959487915039,14.453078269958494,14.274012565612793,14.490596771240234,14.41897087097168,14.41726531982422,14.430908012390134,14.449666786193848,14.468426322937011,14.424939346313474,14.40618019104004,14.417264938354492,14.394242286682127,14.22029423713684,14.161884975433347,14.115413331985474,14.095375061035154,14.071926021575928,14.123371728261313,14.090969498952232,14.061125342051186,14.034123516082767,14.01166934967041,13.688470808664956,13.652585681279499,13.62431337038676,13.609303506215413,13.587524684270225,12987400.0,12396480.0,12666520.0,11638500.0,11446540.0,13029200.0,13866050.0,14449300.0,14581190.0,15841010.0,15847615.0,15749345.0,15722645.0,15675130.0,15572740.0,15105053.333333336,15058666.666666664,15113616.666666664,15168230.0,15265326.666666664,15034455.0,15122895.0,15221085.0,15320453.333333336,15503535.0,1
2018-06-21,14.845316236897645,14.879424579572735,14.589510172335627,14.6321439743042,10463300,1,14.654313468933106,14.542610740661619,14.327733087539675,14.183912690480552,13.75672329266866,13403380.0,12520940.0,15641525.0,14740613.333333336,14784088.333333336,14.913530349731445,14.794154167175293,14.6321439743042,14.29959487915039,14.453078269958494,14.618500328063964,14.490596771240234,14.41897087097168,14.41726531982422,14.430908012390134,14.534083557128904,14.468426322937011,14.424939346313474,14.40618019104004,14.417264938354492,14.286377620697019,14.22029423713684,14.161884975433347,14.115413331985474,14.095375061035154,14.163732369740806,14.123371728261313,14.090969498952232,14.061125342051186,14.034123516082767,13.724661207199096,13.688470808664956,13.652585681279499,13.62431337038676,13.609303506215413,13726720.0,12987400.0,12396480.0,12666520.0,11638500.0,12586630.0,13029200.0,13866050.0,14449300.0,14581190.0,15837215.0,15847615.0,15749345.0,15722645.0,15675130.0,14959020.0,15105053.333333336,15058666.666666664,15113616.666666664,15168230.0,14952691.666666664,15034455.0,15122895.0,15221085.0,15320453.333333336,1
2018-06-22,14.870896801786785,15.058487798643105,14.81120883125865,14.828261375427244,15632700,0,14.760046768188474,14.588656044006347,14.39211106300354,14.209209092458089,13.795984125137329,13432660.0,13049590.0,15752620.0,14790073.333333336,14660606.666666664,14.6321439743042,14.913530349731445,14.794154167175293,14.6321439743042,14.29959487915039,14.654313468933106,14.618500328063964,14.490596771240234,14.41897087097168,14.41726531982422,14.542610740661619,14.534083557128904,14.468426322937011,14.424939346313474,14.40618019104004,14.327733087539675,14.286377620697019,14.22029423713684,14.161884975433347,14.115413331985474,14.183912690480552,14.163732369740806,14.123371728261313,14.090969498952232,14.061125342051186,13.75672329266866,13.724661207199096,13.688470808664956,13.652585681279499,13.62431337038676,13403380.0,13726720.0,12987400.0,12396480.0,12666520.0,12520940.0,12586630.0,13029200.0,13866050.0,14449300.0,15641525.0,15837215.0,15847615.0,15749345.0,15722645.0,14740613.333333336,14959020.0,15105053.333333336,15058666.666666664,15113616.666666664,14784088.333333336,14952691.666666664,15034455.0,15122895.0,15221085.0,1
2018-06-25,14.836787897374876,14.862369152219324,14.580981854430973,14.640669822692873,12750500,1,14.761751937866213,14.590361404418946,14.446683073043824,14.227968279520669,13.828609387079876,13410100.0,12903290.0,15514045.0,14683770.0,14602018.333333336,14.828261375427244,14.6321439743042,14.913530349731445,14.794154167175293,14.6321439743042,14.760046768188474,14.654313468933106,14.618500328063964,14.490596771240234,14.41897087097168,14.588656044006347,14.542610740661619,14.534083557128904,14.468426322937011,14.424939346313474,14.39211106300354,14.327733087539675,14.286377620697019,14.22029423713684,14.161884975433347,14.209209092458089,14.183912690480552,14.163732369740806,14.123371728261313,14.090969498952232,13.795984125137329,13.75672329266866,13.724661207199096,13.688470808664956,13.652585681279499,13432660.0,13403380.0,13726720.0,12987400.0,12396480.0,13049590.0,12520940.0,12586630.0,13029200.0,13866050.0,15752620.0,15641525.0,15837215.0,15847615.0,15749345.0,14790073.333333336,14740613.333333336,14959020.0,15105053.333333336,15058666.666666664,14660606.666666664,14784088.333333336,14952691.666666664,15034455.0,15122895.0,1
2018-06-26,14.85384420195201,15.024382672673195,14.725941162098813,14.964693069458008,12651000,1,14.795859718322756,14.643228244781492,14.51106114387512,14.253833262125651,13.86888084411621,12925980.0,12956690.0,14824110.0,14801780.0,14591071.666666664,14.640669822692873,14.828261375427244,14.6321439743042,14.913530349731445,14.794154167175293,14.761751937866213,14.760046768188474,14.654313468933106,14.618500328063964,14.490596771240234,14.590361404418946,14.588656044006347,14.542610740661619,14.534083557128904,14.468426322937011,14.446683073043824,14.39211106300354,14.327733087539675,14.286377620697019,14.22029423713684,14.227968279520669,14.209209092458089,14.183912690480552,14.163732369740806,14.123371728261313,13.828609387079876,13.795984125137329,13.75672329266866,13.724661207199096,13.688470808664956,13410100.0,13432660.0,13403380.0,13726720.0,12987400.0,12903290.0,13049590.0,12520940.0,12586630.0,13029200.0,15514045.0,15752620.0,15641525.0,15837215.0,15847615.0,14683770.0,14790073.333333336,14740613.333333336,14959020.0,15105053.333333336,14602018.333333336,14660606.666666664,14784088.333333336,14952691.666666664,15034455.0,1
2018-06-27,15.007323765768723,15.22902305721373,15.007323765768723,15.041430473327635,13172200,0,14.821439743041992,14.719970035552981,14.557106161117554,14.287940692901609,13.908887243270874,12933940.0,13330330.0,14585670.0,14825270.0,14524335.0,14.964693069458008,14.640669822692873,14.828261375427244,14.6321439743042,14.913530349731445,14.795859718322756,14.761751937866213,14.760046768188474,14.654313468933106,14.618500328063964,14.643228244781492,14.590361404418946,14.588656044006347,14.542610740661619,14.534083557128904,14.51106114387512,14.446683073043824,14.39211106300354,14.327733087539675,14.286377620697019,14.253833262125651,14.227968279520669,14.209209092458089,14.183912690480552,14.163732369740806,13.86888084411621,13.828609387079876,13.795984125137329,13.75672329266866,13.724661207199096,12925980.0,13410100.0,13432660.0,13403380.0,13726720.0,12956690.0,12903290.0,13049590.0,12520940.0,12586630.0,14824110.0,15514045.0,15752620.0,15641525.0,15837215.0,14801780.0,14683770.0,14790073.333333336,14740613.333333336,14959020.0,14591071.666666664,14602018.333333336,14660606.666666664,14784088.333333336,14952691.666666664,1
2018-06-28,15.049958818945218,15.152282202952854,14.845313677304954,14.905001640319824,11868300,1,14.876011276245118,14.765162372589113,14.591213655471801,14.318637498219807,13.944514401753745,13214940.0,13309160.0,13945175.0,14886473.333333336,14498665.0,15.041430473327635,14.964693069458008,14.640669822692873,14.828261375427244,14.6321439743042,14.821439743041992,14.795859718322756,14.761751937866213,14.760046768188474,14.654313468933106,14.719970035552981,14.643228244781492,14.590361404418946,14.588656044006347,14.542610740661619,14.557106161117554,14.51106114387512,14.446683073043824,14.39211106300354,14.327733087539675,14.287940692901609,14.253833262125651,14.227968279520669,14.209209092458089,14.183912690480552,13.908887243270874,13.86888084411621,13.828609387079876,13.795984125137329,13.75672329266866,12933940.0,12925980.0,13410100.0,13432660.0,13403380.0,13330330.0,12956690.0,12903290.0,13049590.0,12520940.0,14585670.0,14824110.0,15514045.0,15752620.0,15641525.0,14825270.0,14801780.0,14683770.0,14790073.333333336,14740613.333333336,14524335.0,14591071.666666664,14602018.333333336,14660606.666666664,14784088.333333336,1
2018-06-29,14.964692245812195,15.143757792851346,14.887950100849032,15.067015647888185,9772700,0,14.923762130737305,14.841904449462893,14.624042320251466,14.357577037811279,13.978069480260212,12042940.0,12737800.0,13593550.0,14727696.666666664,14469045.0,14.905001640319824,15.041430473327635,14.964693069458008,14.640669822692873,14.828261375427244,14.876011276245118,14.821439743041992,14.795859718322756,14.761751937866213,14.760046768188474,14.765162372589113,14.719970035552981,14.643228244781492,14.590361404418946,14.588656044006347,14.591213655471801,14.557106161117554,14.51106114387512,14.446683073043824,14.39211106300354,14.318637498219807,14.287940692901609,14.253833262125651,14.227968279520669,14.209209092458089,13.944514401753745,13.908887243270874,13.86888084411621,13.828609387079876,13.795984125137329,13214940.0,12933940.0,12925980.0,13410100.0,13432660.0,13309160.0,13330330.0,12956690.0,12903290.0,13049590.0,13945175.0,14585670.0,14824110.0,15514045.0,15752620.0,14886473.333333336,14825270.0,14801780.0,14683770.0,14790073.333333336,14498665.0,14524335.0,14591071.666666664,14602018.333333336,14660606.666666664,1
2018-07-02,15.007326732478099,15.007326732478099,14.768573226868432,14.862369537353516,7982300,1,14.968102073669431,14.864927005767822,14.644933176040649,14.396232318878171,14.012845754623413,11089300.0,12249700.0,13057875.0,14582796.666666664,14425598.333333336,15.067015647888185,14.905001640319824,15.041430473327635,14.964693069458008,14.640669822692873,14.923762130737305,14.876011276245118,14.821439743041992,14.795859718322756,14.761751937866213,14.841904449462893,14.765162372589113,14.719970035552981,14.643228244781492,14.590361404418946,14.624042320251466,14.591213655471801,14.557106161117554,14.51106114387512,14.446683073043824,14.357577037811279,14.318637498219807,14.287940692901609,14.253833262125651,14.227968279520669,13.978069480260212,13.944514401753745,13.908887243270874,13.86888084411621,13.828609387079876,12042940.0,13214940.0,12933940.0,12925980.0,13410100.0,12737800.0,13309160.0,13330330.0,12956690.0,12903290.0,13593550.0,13945175.0,14585670.0,14824110.0,15514045.0,14727696.666666664,14886473.333333336,14825270.0,14801780.0,14683770.0,14469045.0,14498665.0,14524335.0,14591071.666666664,14602018.333333336,1
2018-07-03,14.99880192112005,15.135232051758258,14.973220661734596,15.084071159362793,5716700,0,14.99197769165039,14.893918704986572,14.681172513961792,14.444835726420086,14.052299563090004,9702440.0,11314210.0,12171705.0,14336480.0,14256440.0,14.862369537353516,15.067015647888185,14.905001640319824,15.041430473327635,14.964693069458008,14.968102073669431,14.923762130737305,14.876011276245118,14.821439743041992,14.795859718322756,14.864927005767822,14.841904449462893,14.765162372589113,14.719970035552981,14.643228244781492,14.644933176040649,14.624042320251466,14.591213655471801,14.557106161117554,14.51106114387512,14.396232318878171,14.357577037811279,14.318637498219807,14.287940692901609,14.253833262125651,14.012845754623413,13.978069480260212,13.944514401753745,13.908887243270874,13.86888084411621,11089300.0,12042940.0,13214940.0,12933940.0,12925980.0,12249700.0,12737800.0,13309160.0,13330330.0,12956690.0,13057875.0,13593550.0,13945175.0,14585670.0,14824110.0,14582796.666666664,14727696.666666664,14886473.333333336,14825270.0,14801780.0,14425598.333333336,14469045.0,14498665.0,14524335.0,14591071.666666664,1
2018-07-05,15.143753911538338,15.194914786276257,14.990269660949707,14.990269660949707,7754400,1,14.981745529174805,14.9015926361084,14.717838096618653,14.491449292500816,14.083031574885052,8618880.0,10776410.0,11681520.0,14150280.0,13988226.666666664,15.084071159362793,14.862369537353516,15.067015647888185,14.905001640319824,15.041430473327635,14.99197769165039,14.968102073669431,14.923762130737305,14.876011276245118,14.821439743041992,14.893918704986572,14.864927005767822,14.841904449462893,14.765162372589113,14.719970035552981,14.681172513961792,14.644933176040649,14.624042320251466,14.591213655471801,14.557106161117554,14.444835726420086,14.396232318878171,14.357577037811279,14.318637498219807,14.287940692901609,14.052299563090004,14.012845754623413,13.978069480260212,13.944514401753745,13.908887243270874,9702440.0,11089300.0,12042940.0,13214940.0,12933940.0,11314210.0,12249700.0,12737800.0,13309160.0,13330330.0,12171705.0,13057875.0,13593550.0,13945175.0,14585670.0,14336480.0,14582796.666666664,14727696.666666664,14886473.333333336,14825270.0,14256440.0,14425598.333333336,14469045.0,14498665.0,14524335.0,1
2018-07-06,15.007326160838387,15.331347253046625,15.007326160838387,15.288713455200195,9307600,1,15.05848789215088,14.967249584197994,14.75493016242981,14.540905253092447,14.122387075424195,8106740.0,10660840.0,11590890.0,13981296.666666664,13879753.333333336,14.990269660949707,15.084071159362793,14.862369537353516,15.067015647888185,14.905001640319824,14.981745529174805,14.99197769165039,14.968102073669431,14.923762130737305,14.876011276245118,14.9015926361084,14.893918704986572,14.864927005767822,14.841904449462893,14.765162372589113,14.717838096618653,14.681172513961792,14.644933176040649,14.624042320251466,14.591213655471801,14.491449292500816,14.444835726420086,14.396232318878171,14.357577037811279,14.318637498219807,14.083031574885052,14.052299563090004,14.012845754623413,13.978069480260212,13.944514401753745,8618880.0,9702440.0,11089300.0,12042940.0,13214940.0,10776410.0,11314210.0,12249700.0,12737800.0,13309160.0,11681520.0,12171705.0,13057875.0,13593550.0,13945175.0,14150280.0,14336480.0,14582796.666666664,14727696.666666664,14886473.333333336,13988226.666666664,14256440.0,14425598.333333336,14469045.0,14498665.0,1
2018-07-09,15.33987374068464,15.476303840131942,15.28871285998567,15.433670043945312,8862900,1,15.131818771362305,15.027790451049805,14.808223247528074,14.604004192352296,14.164298884073894,7924780.0,9983860.0,11516725.0,13829700.0,13745423.333333336,15.288713455200195,14.990269660949707,15.084071159362793,14.862369537353516,15.067015647888185,15.05848789215088,14.981745529174805,14.99197769165039,14.968102073669431,14.923762130737305,14.967249584197994,14.9015926361084,14.893918704986572,14.864927005767822,14.841904449462893,14.75493016242981,14.717838096618653,14.681172513961792,14.644933176040649,14.624042320251466,14.540905253092447,14.491449292500816,14.444835726420086,14.396232318878171,14.357577037811279,14.122387075424195,14.083031574885052,14.052299563090004,14.012845754623413,13.978069480260212,8106740.0,8618880.0,9702440.0,11089300.0,12042940.0,10660840.0,10776410.0,11314210.0,12249700.0,12737800.0,11590890.0,11681520.0,12171705.0,13057875.0,13593550.0,13981296.666666664,14150280.0,14336480.0,14582796.666666664,14727696.666666664,13879753.333333336,13988226.666666664,14256440.0,14425598.333333336,14469045.0,1
2018-07-10,15.47630560403559,15.561574832502437,15.416617632021374,15.535993576049805,8600300,0,15.266543579101562,15.117322826385498,14.853842115402221,14.670229657491047,14.208056418100991,8048380.0,9568840.0,11236065.0,13532310.0,13693008.333333336,15.433670043945312,15.288713455200195,14.990269660949707,15.084071159362793,14.862369537353516,15.131818771362305,15.05848789215088,14.981745529174805,14.99197769165039,14.968102073669431,15.027790451049805,14.967249584197994,14.9015926361084,14.893918704986572,14.864927005767822,14.808223247528074,14.75493016242981,14.717838096618653,14.681172513961792,14.644933176040649,14.604004192352296,14.540905253092447,14.491449292500816,14.444835726420086,14.396232318878171,14.164298884073894,14.122387075424195,14.083031574885052,14.052299563090004,14.012845754623413,7924780.0,8106740.0,8618880.0,9702440.0,11089300.0,9983860.0,10660840.0,10776410.0,11314210.0,12249700.0,11516725.0,11590890.0,11681520.0,12171705.0,13057875.0,13829700.0,13981296.666666664,14150280.0,14336480.0,14582796.666666664,13745423.333333336,13879753.333333336,13988226.666666664,14256440.0,14425598.333333336,1
2018-07-11,15.391036541251836,15.561575000021358,15.135230479472833,15.229026794433596,10205700,1,15.295534706115722,15.143756198883054,14.893492221832275,14.721959495544436,14.241785144805908,8946180.0,9324310.0,11140500.0,12990843.333333336,13636520.0,15.535993576049805,15.433670043945312,15.288713455200195,14.990269660949707,15.084071159362793,15.266543579101562,15.131818771362305,15.05848789215088,14.981745529174805,14.99197769165039,15.117322826385498,15.027790451049805,14.967249584197994,14.9015926361084,14.893918704986572,14.853842115402221,14.808223247528074,14.75493016242981,14.717838096618653,14.681172513961792,14.670229657491047,14.604004192352296,14.540905253092447,14.491449292500816,14.444835726420086,14.208056418100991,14.164298884073894,14.122387075424195,14.083031574885052,14.052299563090004,8048380.0,7924780.0,8106740.0,8618880.0,9702440.0,9568840.0,9983860.0,10660840.0,10776410.0,11314210.0,11236065.0,11516725.0,11590890.0,11681520.0,12171705.0,13532310.0,13829700.0,13981296.666666664,14150280.0,14336480.0,13693008.333333336,13745423.333333336,13879753.333333336,13988226.666666664,14256440.0,1
2018-07-12,15.271659039396784,15.382509514211288,15.152283106250506,15.373982429504395,7365600,0,15.37227725982666,15.177011394500733,14.948490715026855,14.763741238911946,14.27315748532613,8868420.0,8743650.0,11036990.0,12638330.0,13518428.333333336,15.229026794433596,15.535993576049805,15.433670043945312,15.288713455200195,14.990269660949707,15.295534706115722,15.266543579101562,15.131818771362305,15.05848789215088,14.981745529174805,15.143756198883054,15.117322826385498,15.027790451049805,14.967249584197994,14.9015926361084,14.893492221832275,14.853842115402221,14.808223247528074,14.75493016242981,14.717838096618653,14.721959495544436,14.670229657491047,14.604004192352296,14.540905253092447,14.491449292500816,14.241785144805908,14.208056418100991,14.164298884073894,14.122387075424195,14.083031574885052,8946180.0,8048380.0,7924780.0,8106740.0,8618880.0,9324310.0,9568840.0,9983860.0,10660840.0,10776410.0,11140500.0,11236065.0,11516725.0,11590890.0,11681520.0,12990843.333333336,13532310.0,13829700.0,13981296.666666664,14150280.0,13636520.0,13693008.333333336,13745423.333333336,13879753.333333336,13988226.666666664,1
2018-07-13,15.339877779782324,15.47630791515264,15.23755599144234,15.271662712097168,8442000,0,15.368867111206054,15.213677501678465,14.989419937133787,14.798701604207356,14.300719086329144,8695300.0,8401020.0,10855090.0,12097123.333333336,13362690.0,15.373982429504395,15.229026794433596,15.535993576049805,15.433670043945312,15.288713455200195,15.37227725982666,15.295534706115722,15.266543579101562,15.131818771362305,15.05848789215088,15.177011394500733,15.143756198883054,15.117322826385498,15.027790451049805,14.967249584197994,14.948490715026855,14.893492221832275,14.853842115402221,14.808223247528074,14.75493016242981,14.763741238911946,14.721959495544436,14.670229657491047,14.604004192352296,14.540905253092447,14.27315748532613,14.241785144805908,14.208056418100991,14.164298884073894,14.122387075424195,8868420.0,8946180.0,8048380.0,7924780.0,8106740.0,8743650.0,9324310.0,9568840.0,9983860.0,10660840.0,11036990.0,11140500.0,11236065.0,11516725.0,11590890.0,12638330.0,12990843.333333336,13532310.0,13829700.0,13981296.666666664,13518428.333333336,13636520.0,13693008.333333336,13745423.333333336,13879753.333333336,1
2018-07-16,15.280184593542323,15.348399637989502,15.118173253089669,15.177861213684082,10771600,0,15.317705345153806,15.224762058258055,15.033333253860473,14.824282232920327,14.321523888905842,9077040.0,8500910.0,10619355.0,11896003.333333336,13187741.666666664,15.271662712097168,15.373982429504395,15.229026794433596,15.535993576049805,15.433670043945312,15.368867111206054,15.37227725982666,15.295534706115722,15.266543579101562,15.131818771362305,15.213677501678465,15.177011394500733,15.143756198883054,15.117322826385498,15.027790451049805,14.989419937133787,14.948490715026855,14.893492221832275,14.853842115402221,14.808223247528074,14.798701604207356,14.763741238911946,14.721959495544436,14.670229657491047,14.604004192352296,14.300719086329144,14.27315748532613,14.241785144805908,14.208056418100991,14.164298884073894,8695300.0,8868420.0,8946180.0,8048380.0,7924780.0,8401020.0,8743650.0,9324310.0,9568840.0,9983860.0,10855090.0,11036990.0,11140500.0,11236065.0,11516725.0,12097123.333333336,12638330.0,12990843.333333336,13532310.0,13829700.0,13362690.0,13518428.333333336,13636520.0,13693008.333333336,13745423.333333336,1
2018-07-17,15.101123705910986,15.160813311143716,14.973220661734596,15.084071159362793,12253200,1,15.227320861816404,15.246932220458984,15.055929613113403,14.845599524180095,14.341748094558715,9807620.0,8928000.0,10588850.0,11681250.0,13143253.333333336,15.177861213684082,15.271662712097168,15.373982429504395,15.229026794433596,15.535993576049805,15.317705345153806,15.368867111206054,15.37227725982666,15.295534706115722,15.266543579101562,15.224762058258055,15.213677501678465,15.177011394500733,15.143756198883054,15.117322826385498,15.033333253860473,14.989419937133787,14.948490715026855,14.893492221832275,14.853842115402221,14.824282232920327,14.798701604207356,14.763741238911946,14.721959495544436,14.670229657491047,14.321523888905842,14.300719086329144,14.27315748532613,14.241785144805908,14.208056418100991,9077040.0,8695300.0,8868420.0,8946180.0,8048380.0,8500910.0,8401020.0,8743650.0,9324310.0,9568840.0,10619355.0,10855090.0,11036990.0,11140500.0,11236065.0,11896003.333333336,12097123.333333336,12638330.0,12990843.333333336,13532310.0,13187741.666666664,13362690.0,13518428.333333336,13636520.0,13693008.333333336,1
2018-07-18,15.007327139795914,15.246079025510411,14.93911208296674,15.160811424255373,7864700,1,15.213677787780762,15.254606246948242,15.074262475967407,14.872317091623945,14.363672335942589,9339420.0,9142800.0,10228505.0,11162070.0,13104655.0,15.084071159362793,15.177861213684082,15.271662712097168,15.373982429504395,15.229026794433596,15.227320861816404,15.317705345153806,15.368867111206054,15.37227725982666,15.295534706115722,15.246932220458984,15.224762058258055,15.213677501678465,15.177011394500733,15.143756198883054,15.055929613113403,15.033333253860473,14.989419937133787,14.948490715026855,14.893492221832275,14.845599524180095,14.824282232920327,14.798701604207356,14.763741238911946,14.721959495544436,14.341748094558715,14.321523888905842,14.300719086329144,14.27315748532613,14.241785144805908,9807620.0,9077040.0,8695300.0,8868420.0,8946180.0,8928000.0,8500910.0,8401020.0,8743650.0,9324310.0,10588850.0,10619355.0,10855090.0,11036990.0,11140500.0,11681250.0,11896003.333333336,12097123.333333336,12638330.0,12990843.333333336,13143253.333333336,13187741.666666664,13362690.0,13518428.333333336,13636520.0,1
2018-07-19,15.339875221252447,15.732113014802588,15.263133079609485,15.33987522125244,19240100,0,15.206856346130369,15.289566802978516,15.095579719543455,14.908414332071938,14.390967114766438,11714320.0,10291370.0,10533890.0,11218136.666666666,13241218.333333336,15.160811424255373,15.084071159362793,15.177861213684082,15.271662712097168,15.373982429504395,15.213677787780762,15.227320861816404,15.317705345153806,15.368867111206054,15.37227725982666,15.254606246948242,15.246932220458984,15.224762058258055,15.213677501678465,15.177011394500733,15.074262475967407,15.055929613113403,15.033333253860473,14.989419937133787,14.948490715026855,14.872317091623945,14.845599524180095,14.824282232920327,14.798701604207356,14.763741238911946,14.363672335942589,14.341748094558715,14.321523888905842,14.300719086329144,14.27315748532613,9339420.0,9807620.0,9077040.0,8695300.0,8868420.0,9142800.0,8928000.0,8500910.0,8401020.0,8743650.0,10228505.0,10588850.0,10619355.0,10855090.0,11036990.0,11162070.0,11681250.0,11896003.333333336,12097123.333333336,12638330.0,13104655.0,13143253.333333336,13187741.666666664,13362690.0,13518428.333333336,1
2018-07-20,15.322823074791932,15.408092313034675,15.075544072900973,15.084071159362793,11396000,1,15.169338035583493,15.269102573394775,15.118176078796385,14.926320966084797,14.414138905207315,12305120.0,10500210.0,10580525.0,11227330.0,13238875.0,15.33987522125244,15.160811424255373,15.084071159362793,15.177861213684082,15.271662712097168,15.206856346130369,15.213677787780762,15.227320861816404,15.317705345153806,15.368867111206054,15.289566802978516,15.254606246948242,15.246932220458984,15.224762058258055,15.213677501678465,15.095579719543455,15.074262475967407,15.055929613113403,15.033333253860473,14.989419937133787,14.908414332071938,14.872317091623945,14.845599524180095,14.824282232920327,14.798701604207356,14.390967114766438,14.363672335942589,14.341748094558715,14.321523888905842,14.300719086329144,11714320.0,9339420.0,9807620.0,9077040.0,8695300.0,10291370.0,9142800.0,8928000.0,8500910.0,8401020.0,10533890.0,10228505.0,10588850.0,10619355.0,10855090.0,11218136.666666666,11162070.0,11681250.0,11896003.333333336,12097123.333333336,13241218.333333336,13104655.0,13143253.333333336,13187741.666666664,13362690.0,1
2018-07-23,15.152284024266546,15.211971994455938,14.998799742993693,15.092596054077148,8773200,0,15.15228500366211,15.234995174407961,15.131392812728881,14.950480556488035,14.438014221191404,11905440.0,10491240.0,10237550.0,11174896.666666666,13195366.666666664,15.084071159362793,15.33987522125244,15.160811424255373,15.084071159362793,15.177861213684082,15.169338035583493,15.206856346130369,15.213677787780762,15.227320861816404,15.317705345153806,15.269102573394775,15.289566802978516,15.254606246948242,15.246932220458984,15.224762058258055,15.118176078796385,15.095579719543455,15.074262475967407,15.055929613113403,15.033333253860473,14.926320966084797,14.908414332071938,14.872317091623945,14.845599524180095,14.824282232920327,14.414138905207315,14.390967114766438,14.363672335942589,14.341748094558715,14.321523888905842,12305120.0,11714320.0,9339420.0,9807620.0,9077040.0,10500210.0,10291370.0,9142800.0,8928000.0,8500910.0,10580525.0,10533890.0,10228505.0,10588850.0,10619355.0,11227330.0,11218136.666666666,11162070.0,11681250.0,11896003.333333336,13238875.0,13241218.333333336,13104655.0,13143253.333333336,13187741.666666664,1
2018-07-24,15.126704191618035,15.194919253448177,14.990274067957753,15.049962043762207,17547700,1,15.145463180541991,15.186392021179199,15.15185742378235,14.964692083994546,14.462173732121785,12964340.0,11385980.0,10477410.0,11286036.666666664,13324053.333333336,15.092596054077148,15.084071159362793,15.33987522125244,15.160811424255373,15.084071159362793,15.15228500366211,15.169338035583493,15.206856346130369,15.213677787780762,15.227320861816404,15.234995174407961,15.269102573394775,15.289566802978516,15.254606246948242,15.246932220458984,15.131392812728881,15.118176078796385,15.095579719543455,15.074262475967407,15.055929613113403,14.950480556488035,14.926320966084797,14.908414332071938,14.872317091623945,14.845599524180095,14.438014221191404,14.414138905207315,14.390967114766438,14.363672335942589,14.341748094558715,11905440.0,12305120.0,11714320.0,9339420.0,9807620.0,10491240.0,10500210.0,10291370.0,9142800.0,8928000.0,10237550.0,10580525.0,10533890.0,10228505.0,10588850.0,11174896.666666666,11227330.0,11218136.666666666,11162070.0,11681250.0,13195366.666666664,13238875.0,13241218.333333336,13104655.0,13143253.333333336,1
2018-07-25,14.939111005364733,15.297240434478786,14.845314699099704,15.263132095336914,14261000,1,15.165927314758301,15.189802551269533,15.166779375076294,14.992262331644694,14.491733598709107,14243600.0,11791510.0,10557910.0,11357503.333333336,13325043.333333336,15.049962043762207,15.092596054077148,15.084071159362793,15.33987522125244,15.160811424255373,15.145463180541991,15.15228500366211,15.169338035583493,15.206856346130369,15.213677787780762,15.186392021179199,15.234995174407961,15.269102573394775,15.289566802978516,15.254606246948242,15.15185742378235,15.131392812728881,15.118176078796385,15.095579719543455,15.074262475967407,14.964692083994546,14.950480556488035,14.926320966084797,14.908414332071938,14.872317091623945,14.462173732121785,14.438014221191404,14.414138905207315,14.390967114766438,14.363672335942589,12964340.0,11905440.0,12305120.0,11714320.0,9339420.0,11385980.0,10491240.0,10500210.0,10291370.0,9142800.0,10477410.0,10237550.0,10580525.0,10533890.0,10228505.0,11286036.666666664,11174896.666666666,11227330.0,11218136.666666666,11162070.0,13324053.333333336,13195366.666666664,13238875.0,13241218.333333336,13104655.0,1
2018-07-26,15.280186124103679,15.484831277943785,15.246077785276107,15.373982429504395,10606800,0,15.172748756408689,15.189802551269533,15.183406972885132,15.028927993774412,14.520298671722411,12516940.0,12115630.0,10429640.0,11396536.666666664,13330931.666666664,15.263132095336914,15.049962043762207,15.092596054077148,15.084071159362793,15.33987522125244,15.165927314758301,15.145463180541991,15.15228500366211,15.169338035583493,15.206856346130369,15.189802551269533,15.186392021179199,15.234995174407961,15.269102573394775,15.289566802978516,15.166779375076294,15.15185742378235,15.131392812728881,15.118176078796385,15.095579719543455,14.992262331644694,14.964692083994546,14.950480556488035,14.926320966084797,14.908414332071938,14.491733598709107,14.462173732121785,14.438014221191404,14.414138905207315,14.390967114766438,14243600.0,12964340.0,11905440.0,12305120.0,11714320.0,11791510.0,11385980.0,10491240.0,10500210.0,10291370.0,10557910.0,10477410.0,10237550.0,10580525.0,10533890.0,11357503.333333336,11286036.666666664,11174896.666666666,11227330.0,11218136.666666666,13325043.333333336,13324053.333333336,13195366.666666664,13238875.0,13241218.333333336,1
2018-07-27,15.373982571172887,15.467777251062785,15.10964782194873,15.263132095336914,12034800,1,15.208560943603516,15.188949489593506,15.201313495635985,15.055929787953696,14.54502665201823,12644700.0,12474910.0,10437965.0,11395030.0,13281630.0,15.373982429504395,15.263132095336914,15.049962043762207,15.092596054077148,15.084071159362793,15.172748756408689,15.165927314758301,15.145463180541991,15.15228500366211,15.169338035583493,15.189802551269533,15.189802551269533,15.186392021179199,15.234995174407961,15.269102573394775,15.183406972885132,15.166779375076294,15.15185742378235,15.131392812728881,15.118176078796385,15.028927993774412,14.992262331644694,14.964692083994546,14.950480556488035,14.926320966084797,14.520298671722411,14.491733598709107,14.462173732121785,14.438014221191404,14.414138905207315,12516940.0,14243600.0,12964340.0,11905440.0,12305120.0,12115630.0,11791510.0,11385980.0,10491240.0,10500210.0,10429640.0,10557910.0,10477410.0,10237550.0,10580525.0,11396536.666666664,11357503.333333336,11286036.666666664,11174896.666666666,11227330.0,13330931.666666664,13325043.333333336,13324053.333333336,13195366.666666664,13238875.0,1
2018-07-30,15.375237382458966,15.487338782619345,15.254512544632005,15.306251525878904,11211800,1,15.251292037963868,15.201788520812988,15.213275289535522,15.089485009511314,14.57530517578125,13132420.0,12518930.0,10509920.0,11252546.666666666,13183081.666666664,15.263132095336914,15.373982429504395,15.263132095336914,15.049962043762207,15.092596054077148,15.208560943603516,15.172748756408689,15.165927314758301,15.145463180541991,15.15228500366211,15.188949489593506,15.189802551269533,15.189802551269533,15.186392021179199,15.234995174407961,15.201313495635985,15.183406972885132,15.166779375076294,15.15185742378235,15.131392812728881,15.055929787953696,15.028927993774412,14.992262331644694,14.964692083994546,14.950480556488035,14.54502665201823,14.520298671722411,14.491733598709107,14.462173732121785,14.438014221191404,12644700.0,12516940.0,14243600.0,12964340.0,11905440.0,12474910.0,12115630.0,11791510.0,11385980.0,10491240.0,10437965.0,10429640.0,10557910.0,10477410.0,10237550.0,11395030.0,11396536.666666664,11357503.333333336,11286036.666666664,11174896.666666666,13281630.0,13330931.666666664,13325043.333333336,13324053.333333336,13195366.666666664,1
2018-07-31,15.323498411387757,15.435599811622575,15.176903260463718,15.33212184906006,19026700,0,15.307723999023438,15.226593589782714,15.23676290512085,15.11281760533651,14.601893552144368,13428220.0,13196280.0,11062140.0,11457993.333333336,13258330.0,15.306251525878904,15.263132095336914,15.373982429504395,15.263132095336914,15.049962043762207,15.251292037963868,15.208560943603516,15.172748756408689,15.165927314758301,15.145463180541991,15.201788520812988,15.188949489593506,15.189802551269533,15.189802551269533,15.186392021179199,15.213275289535522,15.201313495635985,15.183406972885132,15.166779375076294,15.15185742378235,15.089485009511314,15.055929787953696,15.028927993774412,14.992262331644694,14.964692083994546,14.57530517578125,14.54502665201823,14.520298671722411,14.491733598709107,14.462173732121785,13132420.0,12644700.0,12516940.0,14243600.0,12964340.0,12518930.0,12474910.0,12115630.0,11791510.0,11385980.0,10509920.0,10437965.0,10429640.0,10557910.0,10477410.0,11252546.666666666,11395030.0,11396536.666666664,11357503.333333336,11286036.666666664,13183081.666666664,13281630.0,13330931.666666664,13325043.333333336,13324053.333333336,1
2018-08-01,15.263132208699277,15.289000870550778,15.013057512453749,15.116537094116213,9874200,1,15.278404998779298,15.222166156768797,15.238386201858521,15.123563702901206,14.623467715581258,12550860.0,13397230.0,11270015.0,11284746.666666664,13194900.0,15.33212184906006,15.306251525878904,15.263132095336914,15.373982429504395,15.263132095336914,15.307723999023438,15.251292037963868,15.208560943603516,15.172748756408689,15.165927314758301,15.226593589782714,15.201788520812988,15.188949489593506,15.189802551269533,15.189802551269533,15.23676290512085,15.213275289535522,15.201313495635985,15.183406972885132,15.166779375076294,15.11281760533651,15.089485009511314,15.055929787953696,15.028927993774412,14.992262331644694,14.601893552144368,14.57530517578125,14.54502665201823,14.520298671722411,14.491733598709107,13428220.0,13132420.0,12644700.0,12516940.0,14243600.0,13196280.0,12518930.0,12474910.0,12115630.0,11791510.0,11062140.0,10509920.0,10437965.0,10429640.0,10557910.0,11457993.333333336,11252546.666666666,11395030.0,11396536.666666664,11357503.333333336,13258330.0,13183081.666666664,13281630.0,13330931.666666664,13325043.333333336,1
2018-08-02,15.047551759308396,15.323495126660955,14.961319045822663,15.245885848999025,17189600,0,15.252785682678224,15.212767219543455,15.251167011260984,15.134642219543455,14.64918729464213,13867420.0,13192180.0,11741775.0,11419986.666666664,13189503.333333336,15.116537094116213,15.33212184906006,15.306251525878904,15.263132095336914,15.373982429504395,15.278404998779298,15.307723999023438,15.251292037963868,15.208560943603516,15.172748756408689,15.222166156768797,15.226593589782714,15.201788520812988,15.188949489593506,15.189802551269533,15.238386201858521,15.23676290512085,15.213275289535522,15.201313495635985,15.183406972885132,15.123563702901206,15.11281760533651,15.089485009511314,15.055929787953696,15.028927993774412,14.623467715581258,14.601893552144368,14.57530517578125,14.54502665201823,14.520298671722411,12550860.0,13428220.0,13132420.0,12644700.0,12516940.0,13397230.0,13196280.0,12518930.0,12474910.0,12115630.0,11270015.0,11062140.0,10509920.0,10437965.0,10429640.0,11284746.666666664,11457993.333333336,11252546.666666666,11395030.0,11396536.666666664,13194900.0,13258330.0,13183081.666666664,13281630.0,13330931.666666664,1
2018-08-03,15.237262645008107,15.332118795760849,15.1165378311426,15.194147109985352,19225700,1,15.23898868560791,15.223774814605713,15.246438694000243,15.153375657399495,14.668644173940024,15305600.0,13975150.0,12237680.0,11712066.666666664,13226340.0,15.245885848999025,15.116537094116213,15.33212184906006,15.306251525878904,15.263132095336914,15.252785682678224,15.278404998779298,15.307723999023438,15.251292037963868,15.208560943603516,15.212767219543455,15.222166156768797,15.226593589782714,15.201788520812988,15.188949489593506,15.251167011260984,15.238386201858521,15.23676290512085,15.213275289535522,15.201313495635985,15.134642219543455,15.123563702901206,15.11281760533651,15.089485009511314,15.055929787953696,14.64918729464213,14.623467715581258,14.601893552144368,14.57530517578125,14.54502665201823,13867420.0,12550860.0,13428220.0,13132420.0,12644700.0,13192180.0,13397230.0,13196280.0,12518930.0,12474910.0,11741775.0,11270015.0,11062140.0,10509920.0,10437965.0,11419986.666666664,11284746.666666664,11457993.333333336,11252546.666666666,11395030.0,13189503.333333336,13194900.0,13258330.0,13183081.666666664,13281630.0,1
2018-08-06,15.228639279660106,15.539076396470433,15.176900308442464,15.478713989257812,12284500,1,15.273481178283694,15.26238660812378,15.24869089126587,15.175057411193848,14.692133251825966,15520140.0,14326280.0,12408760.0,11600460.0,13195266.666666664,15.194147109985352,15.245885848999025,15.116537094116213,15.33212184906006,15.306251525878904,15.23898868560791,15.252785682678224,15.278404998779298,15.307723999023438,15.251292037963868,15.223774814605713,15.212767219543455,15.222166156768797,15.226593589782714,15.201788520812988,15.246438694000243,15.251167011260984,15.238386201858521,15.23676290512085,15.213275289535522,15.153375657399495,15.134642219543455,15.123563702901206,15.11281760533651,15.089485009511314,14.668644173940024,14.64918729464213,14.623467715581258,14.601893552144368,14.57530517578125,15305600.0,13867420.0,12550860.0,13428220.0,13132420.0,13975150.0,13192180.0,13397230.0,13196280.0,12518930.0,12237680.0,11741775.0,11270015.0,11062140.0,10509920.0,11712066.666666664,11419986.666666664,11284746.666666664,11457993.333333336,11252546.666666666,13226340.0,13189503.333333336,13194900.0,13258330.0,13183081.666666664,1
2018-08-07,15.564944811339776,15.65980096101874,15.470090306413029,15.504582405090332,14014100,0,15.307973289489743,15.307848644256591,15.247120332717895,15.203854497273765,14.715911388397215,14517620.0,13972920.0,12679450.0,11642580.0,13163175.0,15.478713989257812,15.194147109985352,15.245885848999025,15.116537094116213,15.33212184906006,15.273481178283694,15.23898868560791,15.252785682678224,15.278404998779298,15.307723999023438,15.26238660812378,15.223774814605713,15.212767219543455,15.222166156768797,15.226593589782714,15.24869089126587,15.246438694000243,15.251167011260984,15.238386201858521,15.23676290512085,15.175057411193848,15.153375657399495,15.134642219543455,15.123563702901206,15.11281760533651,14.692133251825966,14.668644173940024,14.64918729464213,14.623467715581258,14.601893552144368,15520140.0,15305600.0,13867420.0,12550860.0,13428220.0,14326280.0,13975150.0,13192180.0,13397230.0,13196280.0,12408760.0,12237680.0,11741775.0,11270015.0,11062140.0,11600460.0,11712066.666666664,11419986.666666664,11284746.666666664,11457993.333333336,13195266.666666664,13226340.0,13189503.333333336,13194900.0,13258330.0,1
2018-08-08,15.452842712402346,15.521828551284635,15.409727179882966,15.452842712402346,9039900,1,15.375234413146973,15.326819705963135,15.258311128616333,15.220126152038574,14.736979707082114,14350760.0,13450810.0,12621160.0,11522210.0,13161995.0,15.504582405090332,15.478713989257812,15.194147109985352,15.245885848999025,15.116537094116213,15.307973289489743,15.273481178283694,15.23898868560791,15.252785682678224,15.278404998779298,15.307848644256591,15.26238660812378,15.223774814605713,15.212767219543455,15.222166156768797,15.247120332717895,15.24869089126587,15.246438694000243,15.251167011260984,15.238386201858521,15.203854497273765,15.175057411193848,15.153375657399495,15.134642219543455,15.123563702901206,14.715911388397215,14.692133251825966,14.668644173940024,14.64918729464213,14.623467715581258,14517620.0,15520140.0,15305600.0,13867420.0,12550860.0,13972920.0,14326280.0,13975150.0,13192180.0,13397230.0,12679450.0,12408760.0,12237680.0,11741775.0,11270015.0,11642580.0,11600460.0,11712066.666666664,11419986.666666664,11284746.666666664,13163175.0,13195266.666666664,13226340.0,13189503.333333336,13194900.0,1
2018-08-09,15.487336093675307,15.599439119124687,15.45284399375015,15.470090866088867,11918900,1,15.42007541656494,15.336430549621582,15.263116550445554,15.234414831797285,14.761177762349446,13296620.0,13582020.0,12848825.0,11480433.333333336,13152851.666666664,15.452842712402346,15.504582405090332,15.478713989257812,15.194147109985352,15.245885848999025,15.375234413146973,15.307973289489743,15.273481178283694,15.23898868560791,15.252785682678224,15.326819705963135,15.307848644256591,15.26238660812378,15.223774814605713,15.212767219543455,15.258311128616333,15.247120332717895,15.24869089126587,15.246438694000243,15.251167011260984,15.220126152038574,15.203854497273765,15.175057411193848,15.153375657399495,15.134642219543455,14.736979707082114,14.715911388397215,14.692133251825966,14.668644173940024,14.64918729464213,14350760.0,14517620.0,15520140.0,15305600.0,13867420.0,13450810.0,13972920.0,14326280.0,13975150.0,13192180.0,12621160.0,12679450.0,12408760.0,12237680.0,11741775.0,11522210.0,11642580.0,11600460.0,11712066.666666664,11419986.666666664,13161995.0,13163175.0,13195266.666666664,13226340.0,13189503.333333336,1
2018-08-10,15.444217385207295,15.737407575732606,15.401101857969074,15.668421745300293,12690600,0,15.51493034362793,15.37695951461792,15.282954502105715,15.259862168629965,14.789249833424885,11989600.0,13647600.0,13061255.0,11507843.333333336,13197158.333333336,15.470090866088867,15.452842712402346,15.504582405090332,15.478713989257812,15.194147109985352,15.42007541656494,15.375234413146973,15.307973289489743,15.273481178283694,15.23898868560791,15.336430549621582,15.326819705963135,15.307848644256591,15.26238660812378,15.223774814605713,15.263116550445554,15.258311128616333,15.247120332717895,15.24869089126587,15.246438694000243,15.234414831797285,15.220126152038574,15.203854497273765,15.175057411193848,15.153375657399495,14.761177762349446,14.736979707082114,14.715911388397215,14.692133251825966,14.668644173940024,13296620.0,14350760.0,14517620.0,15520140.0,15305600.0,13582020.0,13450810.0,13972920.0,14326280.0,13975150.0,12848825.0,12621160.0,12679450.0,12408760.0,12237680.0,11480433.333333336,11522210.0,11642580.0,11600460.0,11712066.666666664,13152851.666666664,13161995.0,13163175.0,13195266.666666664,13226340.0,1
2018-08-13,15.651178632203125,15.668425505137794,15.349364934855759,15.383858680725098,11398800,1,15.495959281921387,15.38472023010254,15.293254375457765,15.270423603057859,14.81400032043457,11812460.0,13666300.0,13092615.0,11562046.666666664,13144871.666666664,15.668421745300293,15.470090866088867,15.452842712402346,15.504582405090332,15.478713989257812,15.51493034362793,15.42007541656494,15.375234413146973,15.307973289489743,15.273481178283694,15.37695951461792,15.336430549621582,15.326819705963135,15.307848644256591,15.26238660812378,15.282954502105715,15.263116550445554,15.258311128616333,15.247120332717895,15.24869089126587,15.259862168629965,15.234414831797285,15.220126152038574,15.203854497273765,15.175057411193848,14.789249833424885,14.761177762349446,14.736979707082114,14.715911388397215,14.692133251825966,11989600.0,13296620.0,14350760.0,14517620.0,15520140.0,13647600.0,13582020.0,13450810.0,13972920.0,14326280.0,13061255.0,12848825.0,12621160.0,12679450.0,12408760.0,11507843.333333336,11480433.333333336,11522210.0,11642580.0,11600460.0,13197158.333333336,13152851.666666664,13161995.0,13163175.0,13195266.666666664,1
2018-08-14,15.47009055326283,15.616685675673013,15.435596809282913,15.478713989257812,7728500,0,15.490785598754885,15.399379444122314,15.312986516952515,15.290968418121338,14.843600368499756,10555340.0,12536480.0,12866380.0,11553586.666666664,13068191.666666664,15.383858680725098,15.668421745300293,15.470090866088867,15.452842712402346,15.504582405090332,15.495959281921387,15.51493034362793,15.42007541656494,15.375234413146973,15.307973289489743,15.38472023010254,15.37695951461792,15.336430549621582,15.326819705963135,15.307848644256591,15.293254375457765,15.282954502105715,15.263116550445554,15.258311128616333,15.247120332717895,15.270423603057859,15.259862168629965,15.234414831797285,15.220126152038574,15.203854497273765,14.81400032043457,14.789249833424885,14.761177762349446,14.736979707082114,14.715911388397215,11812460.0,11989600.0,13296620.0,14350760.0,14517620.0,13666300.0,13647600.0,13582020.0,13450810.0,13972920.0,13092615.0,13061255.0,12848825.0,12621160.0,12679450.0,11562046.666666664,11507843.333333336,11480433.333333336,11522210.0,11642580.0,13144871.666666664,13197158.333333336,13152851.666666664,13161995.0,13163175.0,1
2018-08-15,15.409727922268026,15.426973149255307,15.073420502356665,15.28900146484375,11341700,1,15.458017349243164,15.416625881195069,15.319396018981935,15.297799428304035,14.87131757736206,11015700.0,12683230.0,13040230.0,11741086.666666664,13038783.333333336,15.478713989257812,15.383858680725098,15.668421745300293,15.470090866088867,15.452842712402346,15.490785598754885,15.495959281921387,15.51493034362793,15.42007541656494,15.375234413146973,15.399379444122314,15.38472023010254,15.37695951461792,15.336430549621582,15.326819705963135,15.312986516952515,15.293254375457765,15.282954502105715,15.263116550445554,15.258311128616333,15.290968418121338,15.270423603057859,15.259862168629965,15.234414831797285,15.220126152038574,14.843600368499756,14.81400032043457,14.789249833424885,14.761177762349446,14.736979707082114,10555340.0,11812460.0,11989600.0,13296620.0,14350760.0,12536480.0,13666300.0,13647600.0,13582020.0,13450810.0,12866380.0,13092615.0,13061255.0,12848825.0,12621160.0,11553586.666666664,11562046.666666664,11507843.333333336,11480433.333333336,11522210.0,13068191.666666664,13144871.666666664,13197158.333333336,13152851.666666664,13161995.0,1
2018-08-16,15.392481789564245,15.556323789451561,15.340742816613831,15.36661148071289,10225300,1,15.437321472167971,15.428698444366455,15.320732831954956,15.310344155629474,14.900896724065143,10676980.0,11986800.0,12589490.0,11823450.0,12986865.0,15.28900146484375,15.478713989257812,15.383858680725098,15.668421745300293,15.470090866088867,15.458017349243164,15.490785598754885,15.495959281921387,15.51493034362793,15.42007541656494,15.416625881195069,15.399379444122314,15.38472023010254,15.37695951461792,15.336430549621582,15.319396018981935,15.312986516952515,15.293254375457765,15.282954502105715,15.263116550445554,15.297799428304035,15.290968418121338,15.270423603057859,15.259862168629965,15.234414831797285,14.87131757736206,14.843600368499756,14.81400032043457,14.789249833424885,14.761177762349446,11015700.0,10555340.0,11812460.0,11989600.0,13296620.0,12683230.0,12536480.0,13666300.0,13647600.0,13582020.0,13040230.0,12866380.0,13092615.0,13061255.0,12848825.0,11741086.666666664,11553586.666666664,11562046.666666664,11507843.333333336,11480433.333333336,13038783.333333336,13068191.666666664,13144871.666666664,13197158.333333336,13152851.666666664,1
2018-08-17,15.349364094085347,15.530452960475452,15.306248558862688,15.478713989257812,8150700,0,15.399379920959472,15.457155132293703,15.340464973449707,15.316677506764732,14.928791379928589,9769000.0,10879300.0,12427225.0,11784886.666666664,12883091.666666664,15.36661148071289,15.28900146484375,15.478713989257812,15.383858680725098,15.668421745300293,15.437321472167971,15.458017349243164,15.490785598754885,15.495959281921387,15.51493034362793,15.428698444366455,15.416625881195069,15.399379444122314,15.38472023010254,15.37695951461792,15.320732831954956,15.319396018981935,15.312986516952515,15.293254375457765,15.282954502105715,15.310344155629474,15.297799428304035,15.290968418121338,15.270423603057859,15.259862168629965,14.900896724065143,14.87131757736206,14.843600368499756,14.81400032043457,14.789249833424885,10676980.0,11015700.0,10555340.0,11812460.0,11989600.0,11986800.0,12683230.0,12536480.0,13666300.0,13647600.0,12589490.0,13040230.0,12866380.0,13092615.0,13061255.0,11823450.0,11741086.666666664,11553586.666666664,11562046.666666664,11507843.333333336,12986865.0,13038783.333333336,13068191.666666664,13144871.666666664,13197158.333333336,1
2018-08-20,15.521830782072588,15.539077655459902,15.392482521172454,15.444221496582033,8589900,1,15.411452484130859,15.453705883026126,15.358046245574949,15.31702922185262,14.96051670710246,9207220.0,10509840.0,12418060.0,11775786.666666664,12802743.333333336,15.478713989257812,15.36661148071289,15.28900146484375,15.478713989257812,15.383858680725098,15.399379920959472,15.437321472167971,15.458017349243164,15.490785598754885,15.495959281921387,15.457155132293703,15.428698444366455,15.416625881195069,15.399379444122314,15.38472023010254,15.340464973449707,15.320732831954956,15.319396018981935,15.312986516952515,15.293254375457765,15.316677506764732,15.310344155629474,15.297799428304035,15.290968418121338,15.270423603057859,14.928791379928589,14.900896724065143,14.87131757736206,14.843600368499756,14.81400032043457,9769000.0,10676980.0,11015700.0,10555340.0,11812460.0,10879300.0,11986800.0,12683230.0,12536480.0,13666300.0,12427225.0,12589490.0,13040230.0,12866380.0,13092615.0,11784886.666666664,11823450.0,11741086.666666664,11553586.666666664,11562046.666666664,12883091.666666664,12986865.0,13038783.333333336,13068191.666666664,13144871.666666664,1
2018-08-21,15.530452383451035,15.625308531119256,15.478713414155724,15.487335205078125,6507700,1,15.41317672729492,15.451981163024902,15.379914903640747,15.315407276153564,14.992818466822307,8963060.0,9759200.0,11866060.0,11706033.333333336,12619171.666666664,15.444221496582033,15.478713989257812,15.36661148071289,15.28900146484375,15.478713989257812,15.411452484130859,15.399379920959472,15.437321472167971,15.458017349243164,15.490785598754885,15.453705883026126,15.457155132293703,15.428698444366455,15.416625881195069,15.399379444122314,15.358046245574949,15.340464973449707,15.320732831954956,15.319396018981935,15.312986516952515,15.31702922185262,15.316677506764732,15.310344155629474,15.297799428304035,15.290968418121338,14.96051670710246,14.928791379928589,14.900896724065143,14.87131757736206,14.843600368499756,9207220.0,9769000.0,10676980.0,11015700.0,10555340.0,10509840.0,10879300.0,11986800.0,12683230.0,12536480.0,12418060.0,12427225.0,12589490.0,13040230.0,12866380.0,11775786.666666664,11784886.666666664,11823450.0,11741086.666666664,11553586.666666664,12802743.333333336,12883091.666666664,12986865.0,13038783.333333336,13068191.666666664,0
2018-08-22,15.521827715715327,15.806394491380033,15.513204280725244,15.76327896118164,9857300,0,15.5080322265625,15.483024787902831,15.404922246932983,15.333215681711831,15.027587588628132,8666180.0,9840940.0,11645875.0,11694420.0,12342631.666666664,15.487335205078125,15.444221496582033,15.478713989257812,15.36661148071289,15.28900146484375,15.41317672729492,15.411452484130859,15.399379920959472,15.437321472167971,15.458017349243164,15.451981163024902,15.453705883026126,15.457155132293703,15.428698444366455,15.416625881195069,15.379914903640747,15.358046245574949,15.340464973449707,15.320732831954956,15.319396018981935,15.315407276153564,15.31702922185262,15.316677506764732,15.310344155629474,15.297799428304035,14.992818466822307,14.96051670710246,14.928791379928589,14.900896724065143,14.87131757736206,8963060.0,9207220.0,9769000.0,10676980.0,11015700.0,9759200.0,10509840.0,10879300.0,11986800.0,12683230.0,11866060.0,12418060.0,12427225.0,12589490.0,13040230.0,11706033.333333336,11775786.666666664,11784886.666666664,11823450.0,11741086.666666664,12619171.666666664,12802743.333333336,12883091.666666664,12986865.0,13038783.333333336,0
2018-08-23,15.720163367268182,15.754657110697696,15.487335533375573,15.504582405090332,9733700,0,15.535626411437988,15.48647394180298,15.41145224571228,15.337569014231365,15.050655126571655,8567860.0,9622420.0,11602220.0,11773356.666666664,12205843.333333336,15.76327896118164,15.487335205078125,15.444221496582033,15.478713989257812,15.36661148071289,15.5080322265625,15.41317672729492,15.411452484130859,15.399379920959472,15.437321472167971,15.483024787902831,15.451981163024902,15.453705883026126,15.457155132293703,15.428698444366455,15.404922246932983,15.379914903640747,15.358046245574949,15.340464973449707,15.320732831954956,15.333215681711831,15.315407276153564,15.31702922185262,15.316677506764732,15.310344155629474,15.027587588628132,14.992818466822307,14.96051670710246,14.928791379928589,14.900896724065143,8666180.0,8963060.0,9207220.0,9769000.0,10676980.0,9840940.0,9759200.0,10509840.0,10879300.0,11986800.0,11645875.0,11866060.0,12418060.0,12427225.0,12589490.0,11694420.0,11706033.333333336,11775786.666666664,11784886.666666664,11823450.0,12342631.666666664,12619171.666666664,12802743.333333336,12883091.666666664,12986865.0,0
2018-08-24,15.573569519902305,15.677049113895213,15.44422126097542,15.495960235595705,9537300,0,15.539075660705569,15.46922779083252,15.42309365272522,15.345045598347983,15.071873601277671,8845180.0,9307090.0,11477345.0,11809866.666666664,11953495.0,15.504582405090332,15.76327896118164,15.487335205078125,15.444221496582033,15.478713989257812,15.535626411437988,15.5080322265625,15.41317672729492,15.411452484130859,15.399379920959472,15.48647394180298,15.483024787902831,15.451981163024902,15.453705883026126,15.457155132293703,15.41145224571228,15.404922246932983,15.379914903640747,15.358046245574949,15.340464973449707,15.337569014231365,15.333215681711831,15.315407276153564,15.31702922185262,15.316677506764732,15.050655126571655,15.027587588628132,14.992818466822307,14.96051670710246,14.928791379928589,8567860.0,8666180.0,8963060.0,9207220.0,9769000.0,9622420.0,9840940.0,9759200.0,10509840.0,10879300.0,11602220.0,11645875.0,11866060.0,12418060.0,12427225.0,11773356.666666664,11694420.0,11706033.333333336,11775786.666666664,11784886.666666664,12205843.333333336,12342631.666666664,12619171.666666664,12802743.333333336,12883091.666666664,0
2018-08-27,15.513207108719909,15.599439829588617,15.401105722917244,15.495960235595705,8176300,0,15.5494234085083,15.48043794631958,15.43257908821106,15.35564889907837,15.089965565999348,8762460.0,8984840.0,11325570.0,11723356.666666664,11809680.0,15.495960235595705,15.504582405090332,15.76327896118164,15.487335205078125,15.444221496582033,15.539075660705569,15.535626411437988,15.5080322265625,15.41317672729492,15.411452484130859,15.46922779083252,15.48647394180298,15.483024787902831,15.451981163024902,15.453705883026126,15.42309365272522,15.41145224571228,15.404922246932983,15.379914903640747,15.358046245574949,15.345045598347983,15.337569014231365,15.333215681711831,15.315407276153564,15.31702922185262,15.071873601277671,15.050655126571655,15.027587588628132,14.992818466822307,14.96051670710246,8845180.0,8567860.0,8666180.0,8963060.0,9207220.0,9307090.0,9622420.0,9840940.0,9759200.0,10509840.0,11477345.0,11602220.0,11645875.0,11866060.0,12418060.0,11809866.666666664,11773356.666666664,11694420.0,11706033.333333336,11775786.666666664,11953495.0,12205843.333333336,12342631.666666664,12619171.666666664,12802743.333333336,0
2018-08-28,15.470091386766374,15.521830360771627,15.34074312937708,15.357988357543945,6884200,1,15.523554039001464,15.468365383148193,15.433872413635251,15.364779472351074,15.105189498265586,8837760.0,8900410.0,10718445.0,11544390.0,11612820.0,15.495960235595705,15.495960235595705,15.504582405090332,15.76327896118164,15.487335205078125,15.5494234085083,15.539075660705569,15.535626411437988,15.5080322265625,15.41317672729492,15.48043794631958,15.46922779083252,15.48647394180298,15.483024787902831,15.451981163024902,15.43257908821106,15.42309365272522,15.41145224571228,15.404922246932983,15.379914903640747,15.35564889907837,15.345045598347983,15.337569014231365,15.333215681711831,15.315407276153564,15.089965565999348,15.071873601277671,15.050655126571655,15.027587588628132,14.992818466822307,8762460.0,8845180.0,8567860.0,8666180.0,8963060.0,8984840.0,9307090.0,9622420.0,9840940.0,9759200.0,11325570.0,11477345.0,11602220.0,11645875.0,11866060.0,11723356.666666664,11809866.666666664,11773356.666666664,11694420.0,11706033.333333336,11809680.0,11953495.0,12205843.333333336,12342631.666666664,12619171.666666664,1
2018-08-29,15.383858119867053,15.495959500350793,15.306248839242823,15.418350219726562,7969600,0,15.45456829071045,15.481300258636475,15.448963069915774,15.37336409886678,15.122840595245359,8460220.0,8563200.0,10623215.0,11547886.666666664,11354978.333333336,15.357988357543945,15.495960235595705,15.495960235595705,15.504582405090332,15.76327896118164,15.523554039001464,15.5494234085083,15.539075660705569,15.535626411437988,15.5080322265625,15.468365383148193,15.48043794631958,15.46922779083252,15.48647394180298,15.483024787902831,15.433872413635251,15.43257908821106,15.42309365272522,15.41145224571228,15.404922246932983,15.364779472351074,15.35564889907837,15.345045598347983,15.337569014231365,15.333215681711831,15.105189498265586,15.089965565999348,15.071873601277671,15.050655126571655,15.027587588628132,8837760.0,8762460.0,8845180.0,8567860.0,8666180.0,8900410.0,8984840.0,9307090.0,9622420.0,9840940.0,10718445.0,11325570.0,11477345.0,11602220.0,11645875.0,11544390.0,11723356.666666664,11809866.666666664,11773356.666666664,11694420.0,11612820.0,11809680.0,11953495.0,12205843.333333336,12342631.666666664,1
2018-08-30,15.418352936277973,15.435599811622575,15.176903260463718,15.33212184906006,9709700,0,15.420076179504395,15.477851295471194,15.453274869918824,15.373105653127036,15.140759992599488,8455420.0,8511640.0,10249220.0,11230206.666666666,11224171.666666666,15.418350219726562,15.357988357543945,15.495960235595705,15.495960235595705,15.504582405090332,15.45456829071045,15.523554039001464,15.5494234085083,15.539075660705569,15.535626411437988,15.481300258636475,15.468365383148193,15.48043794631958,15.46922779083252,15.48647394180298,15.448963069915774,15.433872413635251,15.43257908821106,15.42309365272522,15.41145224571228,15.37336409886678,15.364779472351074,15.35564889907837,15.345045598347983,15.337569014231365,15.122840595245359,15.105189498265586,15.089965565999348,15.071873601277671,15.050655126571655,8460220.0,8837760.0,8762460.0,8845180.0,8567860.0,8563200.0,8900410.0,8984840.0,9307090.0,9622420.0,10623215.0,10718445.0,11325570.0,11477345.0,11602220.0,11547886.666666664,11544390.0,11723356.666666664,11809866.666666664,11773356.666666664,11354978.333333336,11612820.0,11809680.0,11953495.0,12205843.333333336,1
2018-08-31,15.314871063407793,15.314871063407793,15.176899385384026,15.263132095336914,8973100,0,15.373510551452634,15.456293106079102,15.4567241191864,15.37907435099284,15.152697658538818,8342580.0,8593880.0,9736590.0,11149443.333333334,11188386.666666666,15.33212184906006,15.418350219726562,15.357988357543945,15.495960235595705,15.495960235595705,15.420076179504395,15.45456829071045,15.523554039001464,15.5494234085083,15.539075660705569,15.477851295471194,15.481300258636475,15.468365383148193,15.48043794631958,15.46922779083252,15.453274869918824,15.448963069915774,15.433872413635251,15.43257908821106,15.42309365272522,15.373105653127036,15.37336409886678,15.364779472351074,15.35564889907837,15.345045598347983,15.140759992599488,15.122840595245359,15.105189498265586,15.089965565999348,15.071873601277671,8455420.0,8460220.0,8837760.0,8762460.0,8845180.0,8511640.0,8563200.0,8900410.0,8984840.0,9307090.0,10249220.0,10623215.0,10718445.0,11325570.0,11477345.0,11230206.666666666,11547886.666666664,11544390.0,11723356.666666664,11809866.666666664,11224171.666666666,11354978.333333336,11612820.0,11809680.0,11953495.0,1
2018-09-04,15.228639209053107,15.263132952873102,15.1251612670976,15.194147109985352,9023600,1,15.313147926330569,15.431285667419436,15.442495775222778,15.382459386189778,15.166469971338909,8512040.0,8637250.0,9573545.0,11157790.0,11166343.333333334,15.263132095336914,15.33212184906006,15.418350219726562,15.357988357543945,15.495960235595705,15.373510551452634,15.420076179504395,15.45456829071045,15.523554039001464,15.5494234085083,15.456293106079102,15.477851295471194,15.481300258636475,15.468365383148193,15.48043794631958,15.4567241191864,15.453274869918824,15.448963069915774,15.433872413635251,15.43257908821106,15.37907435099284,15.373105653127036,15.37336409886678,15.364779472351074,15.35564889907837,15.152697658538818,15.140759992599488,15.122840595245359,15.105189498265586,15.089965565999348,8342580.0,8455420.0,8460220.0,8837760.0,8762460.0,8593880.0,8511640.0,8563200.0,8900410.0,8984840.0,9736590.0,10249220.0,10623215.0,10718445.0,11325570.0,11149443.333333334,11230206.666666666,11547886.666666664,11544390.0,11723356.666666664,11188386.666666666,11224171.666666666,11354978.333333336,11612820.0,11809680.0,1
2018-09-05,15.133782939416346,15.383857645890114,14.90958018535656,15.340742111206055,13386500,0,15.309698677062988,15.416626358032227,15.434303760528564,15.392152055104573,15.17842206954956,9812500.0,9325130.0,9542165.0,11019083.333333334,11152560.0,15.194147109985352,15.263132095336914,15.33212184906006,15.418350219726562,15.357988357543945,15.313147926330569,15.373510551452634,15.420076179504395,15.45456829071045,15.523554039001464,15.431285667419436,15.456293106079102,15.477851295471194,15.481300258636475,15.468365383148193,15.442495775222778,15.4567241191864,15.453274869918824,15.448963069915774,15.433872413635251,15.382459386189778,15.37907435099284,15.373105653127036,15.37336409886678,15.364779472351074,15.166469971338909,15.152697658538818,15.140759992599488,15.122840595245359,15.105189498265586,8512040.0,8342580.0,8455420.0,8460220.0,8837760.0,8637250.0,8593880.0,8511640.0,8563200.0,8900410.0,9573545.0,9736590.0,10249220.0,10623215.0,10718445.0,11157790.0,11149443.333333334,11230206.666666666,11547886.666666664,11544390.0,11166343.333333334,11188386.666666666,11224171.666666666,11354978.333333336,11612820.0,1
2018-09-06,15.297627047987602,15.409730085277634,15.168278781289633,15.237264633178713,10598600,1,15.273481559753414,15.364024925231936,15.423524856567385,15.391289806365965,15.19177606900533,10338300.0,9399260.0,9620100.0,10897003.333333334,11127253.333333334,15.340742111206055,15.194147109985352,15.263132095336914,15.33212184906006,15.418350219726562,15.309698677062988,15.313147926330569,15.373510551452634,15.420076179504395,15.45456829071045,15.416626358032227,15.431285667419436,15.456293106079102,15.477851295471194,15.481300258636475,15.434303760528564,15.442495775222778,15.4567241191864,15.453274869918824,15.448963069915774,15.392152055104573,15.382459386189778,15.37907435099284,15.373105653127036,15.37336409886678,15.17842206954956,15.166469971338909,15.152697658538818,15.140759992599488,15.122840595245359,9812500.0,8512040.0,8342580.0,8455420.0,8460220.0,9325130.0,8637250.0,8593880.0,8511640.0,8563200.0,9542165.0,9573545.0,9736590.0,10249220.0,10623215.0,11019083.333333334,11157790.0,11149443.333333334,11230206.666666666,11547886.666666664,11152560.0,11166343.333333334,11188386.666666666,11224171.666666666,11354978.333333336,1
2018-09-07,15.142407071591382,15.40110522584803,15.09929153492475,15.36661148071289,9290900,0,15.280379486083984,15.35022783279419,15.418350887298587,15.391044108072915,15.209986050923664,10254540.0,9354980.0,9488700.0,10853140.0,11124838.333333334,15.237264633178713,15.340742111206055,15.194147109985352,15.263132095336914,15.33212184906006,15.273481559753414,15.309698677062988,15.313147926330569,15.373510551452634,15.420076179504395,15.364024925231936,15.416626358032227,15.431285667419436,15.456293106079102,15.477851295471194,15.423524856567385,15.434303760528564,15.442495775222778,15.4567241191864,15.453274869918824,15.391289806365965,15.392152055104573,15.382459386189778,15.37907435099284,15.373105653127036,15.19177606900533,15.17842206954956,15.166469971338909,15.152697658538818,15.140759992599488,10338300.0,9812500.0,8512040.0,8342580.0,8455420.0,9399260.0,9325130.0,8637250.0,8593880.0,8511640.0,9620100.0,9542165.0,9573545.0,9736590.0,10249220.0,10897003.333333334,11019083.333333334,11157790.0,11149443.333333334,11230206.666666666,11127253.333333334,11152560.0,11166343.333333334,11188386.666666666,11224171.666666666,1
2018-09-10,15.409730414445086,15.530455246641667,15.245888395926519,15.254511833190918,11768100,1,15.278655433654786,15.326082992553713,15.397655391693116,15.390756766001385,15.22334327697754,10813540.0,9578060.0,9442575.0,10844250.0,11119640.0,15.36661148071289,15.237264633178713,15.340742111206055,15.194147109985352,15.263132095336914,15.280379486083984,15.273481559753414,15.309698677062988,15.313147926330569,15.373510551452634,15.35022783279419,15.364024925231936,15.416626358032227,15.431285667419436,15.456293106079102,15.418350887298587,15.423524856567385,15.434303760528564,15.442495775222778,15.4567241191864,15.391044108072915,15.391289806365965,15.392152055104573,15.382459386189778,15.37907435099284,15.209986050923664,15.19177606900533,15.17842206954956,15.166469971338909,15.152697658538818,10254540.0,10338300.0,9812500.0,8512040.0,8342580.0,9354980.0,9399260.0,9325130.0,8637250.0,8593880.0,9488700.0,9620100.0,9542165.0,9573545.0,9736590.0,10853140.0,10897003.333333334,11019083.333333334,11157790.0,11149443.333333334,11124838.333333334,11127253.333333334,11152560.0,11166343.333333334,11188386.666666666,1
2018-09-11,15.245885923700808,15.616685442179735,15.176900081524654,15.530452728271484,10708200,1,15.345916557312012,15.329532241821287,15.404985094070435,15.398230139414471,15.24385757446289,11150460.0,9831250.0,9408045.0,10827463.333333334,11040005.0,15.254511833190918,15.36661148071289,15.237264633178713,15.340742111206055,15.194147109985352,15.278655433654786,15.280379486083984,15.273481559753414,15.309698677062988,15.313147926330569,15.326082992553713,15.35022783279419,15.364024925231936,15.416626358032227,15.431285667419436,15.397655391693116,15.418350887298587,15.423524856567385,15.434303760528564,15.442495775222778,15.390756766001385,15.391044108072915,15.391289806365965,15.392152055104573,15.382459386189778,15.22334327697754,15.209986050923664,15.19177606900533,15.17842206954956,15.166469971338909,10813540.0,10254540.0,10338300.0,9812500.0,8512040.0,9578060.0,9354980.0,9399260.0,9325130.0,8637250.0,9442575.0,9488700.0,9620100.0,9542165.0,9573545.0,10844250.0,10853140.0,10897003.333333334,11019083.333333334,11157790.0,11119640.0,11124838.333333334,11127253.333333334,11152560.0,11166343.333333334,1
2018-09-12,15.564946278210225,15.780527260704837,15.530454176282316,15.659802436828613,14955800,1,15.409728622436527,15.359713649749756,15.414039516448975,15.409152825673424,15.260985215504967,11464320.0,10638410.0,9769410.0,10691766.666666666,11074880.0,15.530452728271484,15.254511833190918,15.36661148071289,15.237264633178713,15.340742111206055,15.345916557312012,15.278655433654786,15.280379486083984,15.273481559753414,15.309698677062988,15.329532241821287,15.326082992553713,15.35022783279419,15.364024925231936,15.416626358032227,15.404985094070435,15.397655391693116,15.418350887298587,15.423524856567385,15.434303760528564,15.398230139414471,15.390756766001385,15.391044108072915,15.391289806365965,15.392152055104573,15.24385757446289,15.22334327697754,15.209986050923664,15.19177606900533,15.17842206954956,11150460.0,10813540.0,10254540.0,10338300.0,9812500.0,9831250.0,9578060.0,9354980.0,9399260.0,9325130.0,9408045.0,9442575.0,9488700.0,9620100.0,9542165.0,10827463.333333334,10844250.0,10853140.0,10897003.333333334,11019083.333333334,11040005.0,11119640.0,11124838.333333334,11127253.333333334,11152560.0,1
2018-09-13,15.702918779291252,15.780528068542482,15.608064260569437,15.78052806854248,8203900,0,15.518381309509275,15.395931434631347,15.438615846633912,15.431285858154295,15.277424780527749,10985380.0,10661840.0,9612520.0,10636090.0,10960418.333333334,15.659802436828613,15.530452728271484,15.254511833190918,15.36661148071289,15.237264633178713,15.409728622436527,15.345916557312012,15.278655433654786,15.280379486083984,15.273481559753414,15.359713649749756,15.329532241821287,15.326082992553713,15.35022783279419,15.364024925231936,15.414039516448975,15.404985094070435,15.397655391693116,15.418350887298587,15.423524856567385,15.409152825673424,15.398230139414471,15.390756766001385,15.391044108072915,15.391289806365965,15.260985215504967,15.24385757446289,15.22334327697754,15.209986050923664,15.19177606900533,11464320.0,11150460.0,10813540.0,10254540.0,10338300.0,10638410.0,9831250.0,9578060.0,9354980.0,9399260.0,9769410.0,9408045.0,9442575.0,9488700.0,9620100.0,10691766.666666666,10827463.333333334,10844250.0,10853140.0,10897003.333333334,11074880.0,11040005.0,11119640.0,11124838.333333334,11127253.333333334,1
2018-09-14,15.746036665539286,15.754660103034544,15.383860514501045,15.57357120513916,10557300,1,15.559773254394534,15.420076370239258,15.448963832855224,15.442208703358967,15.288425461451213,11238660.0,10746600.0,9629120.0,10415013.333333334,10917500.0,15.78052806854248,15.659802436828613,15.530452728271484,15.254511833190918,15.36661148071289,15.518381309509275,15.409728622436527,15.345916557312012,15.278655433654786,15.280379486083984,15.395931434631347,15.359713649749756,15.329532241821287,15.326082992553713,15.35022783279419,15.438615846633912,15.414039516448975,15.404985094070435,15.397655391693116,15.418350887298587,15.431285858154295,15.409152825673424,15.398230139414471,15.390756766001385,15.391044108072915,15.277424780527749,15.260985215504967,15.24385757446289,15.22334327697754,15.209986050923664,10985380.0,11464320.0,11150460.0,10813540.0,10254540.0,10661840.0,10638410.0,9831250.0,9578060.0,9354980.0,9612520.0,9769410.0,9408045.0,9442575.0,9488700.0,10636090.0,10691766.666666666,10827463.333333334,10844250.0,10853140.0,10960418.333333334,11074880.0,11040005.0,11119640.0,11124838.333333334,1
2018-09-17,15.694292048494384,15.815016840562947,15.582189046071921,15.668421745300293,8621600,0,15.642555236816404,15.460605335235595,15.458449220657348,15.458017857869466,15.30569675763448,10609360.0,10711450.0,9652665.0,10061543.333333334,10886805.0,15.57357120513916,15.78052806854248,15.659802436828613,15.530452728271484,15.254511833190918,15.559773254394534,15.518381309509275,15.409728622436527,15.345916557312012,15.278655433654786,15.420076370239258,15.395931434631347,15.359713649749756,15.329532241821287,15.326082992553713,15.448963832855224,15.438615846633912,15.414039516448975,15.404985094070435,15.397655391693116,15.442208703358967,15.431285858154295,15.409152825673424,15.398230139414471,15.390756766001385,15.288425461451213,15.277424780527749,15.260985215504967,15.24385757446289,15.22334327697754,11238660.0,10985380.0,11464320.0,11150460.0,10813540.0,10746600.0,10661840.0,10638410.0,9831250.0,9578060.0,9629120.0,9612520.0,9769410.0,9408045.0,9442575.0,10415013.333333334,10636090.0,10691766.666666666,10827463.333333334,10844250.0,10917500.0,10960418.333333334,11074880.0,11040005.0,11119640.0,0
2018-09-18,15.70291758273795,15.866759585867266,15.608063071243992,15.625309944152832,10705500,1,15.661526679992676,15.503721618652346,15.467503643035887,15.462904389699302,15.318980900446574,10608820.0,10879640.0,9758445.0,10008910.0,10804685.0,15.668421745300293,15.57357120513916,15.78052806854248,15.659802436828613,15.530452728271484,15.642555236816404,15.559773254394534,15.518381309509275,15.409728622436527,15.345916557312012,15.460605335235595,15.420076370239258,15.395931434631347,15.359713649749756,15.329532241821287,15.458449220657348,15.448963832855224,15.438615846633912,15.414039516448975,15.404985094070435,15.458017857869466,15.442208703358967,15.431285858154295,15.409152825673424,15.398230139414471,15.30569675763448,15.288425461451213,15.277424780527749,15.260985215504967,15.24385757446289,10609360.0,11238660.0,10985380.0,11464320.0,11150460.0,10711450.0,10746600.0,10661840.0,10638410.0,9831250.0,9652665.0,9629120.0,9612520.0,9769410.0,9408045.0,10061543.333333334,10415013.333333334,10636090.0,10691766.666666666,10827463.333333334,10886805.0,10917500.0,10960418.333333334,11074880.0,11040005.0,0
2018-09-19,15.6598028516342,15.780527678708253,15.539078024560144,15.7460355758667,8459600,0,15.678773307800293,15.544250965118408,15.480438661575315,15.470952828725181,15.33740366299947,9309580.0,10386950.0,9856040.0,9823760.0,10733170.0,15.625309944152832,15.668421745300293,15.57357120513916,15.78052806854248,15.659802436828613,15.661526679992676,15.642555236816404,15.559773254394534,15.518381309509275,15.409728622436527,15.503721618652346,15.460605335235595,15.420076370239258,15.395931434631347,15.359713649749756,15.467503643035887,15.458449220657348,15.448963832855224,15.438615846633912,15.414039516448975,15.462904389699302,15.458017857869466,15.442208703358967,15.431285858154295,15.409152825673424,15.318980900446574,15.30569675763448,15.288425461451213,15.277424780527749,15.260985215504967,10608820.0,10609360.0,11238660.0,10985380.0,11464320.0,10879640.0,10711450.0,10746600.0,10661840.0,10638410.0,9758445.0,9652665.0,9629120.0,9612520.0,9769410.0,10008910.0,10061543.333333334,10415013.333333334,10636090.0,10691766.666666666,10804685.0,10886805.0,10917500.0,10960418.333333334,11074880.0,0
2018-09-20,15.806398050819526,15.823644924683522,15.539078084937275,15.55632495880127,13265200,1,15.63393268585205,15.576156997680664,15.470090961456297,15.474402236938474,15.347264194488526,10321840.0,10653610.0,10026435.0,9964603.333333334,10743406.666666666,15.7460355758667,15.625309944152832,15.668421745300293,15.57357120513916,15.78052806854248,15.678773307800293,15.661526679992676,15.642555236816404,15.559773254394534,15.518381309509275,15.544250965118408,15.503721618652346,15.460605335235595,15.420076370239258,15.395931434631347,15.480438661575315,15.467503643035887,15.458449220657348,15.448963832855224,15.438615846633912,15.470952828725181,15.462904389699302,15.458017857869466,15.442208703358967,15.431285858154295,15.33740366299947,15.318980900446574,15.30569675763448,15.288425461451213,15.277424780527749,9309580.0,10608820.0,10609360.0,11238660.0,10985380.0,10386950.0,10879640.0,10711450.0,10746600.0,10661840.0,9856040.0,9758445.0,9652665.0,9629120.0,9612520.0,9823760.0,10008910.0,10061543.333333334,10415013.333333334,10636090.0,10733170.0,10804685.0,10886805.0,10917500.0,10960418.333333334,1
2018-09-21,15.5649477676439,15.694297685320256,15.504585349929615,15.57357120513916,16882500,0,15.63393268585205,15.596852970123289,15.47354040145874,15.477851581573484,15.356133206685385,11586880.0,11412770.0,10383875.0,10130056.666666666,10805245.0,15.55632495880127,15.7460355758667,15.625309944152832,15.668421745300293,15.57357120513916,15.63393268585205,15.678773307800293,15.661526679992676,15.642555236816404,15.559773254394534,15.576156997680664,15.544250965118408,15.503721618652346,15.460605335235595,15.420076370239258,15.470090961456297,15.480438661575315,15.467503643035887,15.458449220657348,15.448963832855224,15.474402236938474,15.470952828725181,15.462904389699302,15.458017857869466,15.442208703358967,15.347264194488526,15.33740366299947,15.318980900446574,15.30569675763448,15.288425461451213,10321840.0,9309580.0,10608820.0,10609360.0,11238660.0,10653610.0,10386950.0,10879640.0,10711450.0,10746600.0,10026435.0,9856040.0,9758445.0,9652665.0,9629120.0,9964603.333333334,9823760.0,10008910.0,10061543.333333334,10415013.333333334,10743406.666666666,10733170.0,10804685.0,10886805.0,10917500.0,1
2018-09-24,15.65980118004456,15.702916715182278,15.263132993570382,15.426973342895508,15613100,0,15.585643005371091,15.61409912109375,15.47009105682373,15.469803301493327,15.364832735061645,12985180.0,11797270.0,10687665.0,10227473.333333334,10867658.333333334,15.57357120513916,15.55632495880127,15.7460355758667,15.625309944152832,15.668421745300293,15.63393268585205,15.63393268585205,15.678773307800293,15.661526679992676,15.642555236816404,15.596852970123289,15.576156997680664,15.544250965118408,15.503721618652346,15.460605335235595,15.47354040145874,15.470090961456297,15.480438661575315,15.467503643035887,15.458449220657348,15.477851581573484,15.474402236938474,15.470952828725181,15.462904389699302,15.458017857869466,15.356133206685385,15.347264194488526,15.33740366299947,15.318980900446574,15.30569675763448,11586880.0,10321840.0,9309580.0,10608820.0,10609360.0,11412770.0,10653610.0,10386950.0,10879640.0,10711450.0,10383875.0,10026435.0,9856040.0,9758445.0,9652665.0,10130056.666666666,9964603.333333334,9823760.0,10008910.0,10061543.333333334,10805245.0,10743406.666666666,10733170.0,10804685.0,10886805.0,1
2018-09-25,15.45284396433834,15.51320637265668,15.263133303230374,15.418350219726562,15233400,0,15.54425106048584,15.60288887023926,15.466210556030273,15.470953019460044,15.370688311258952,13890760.0,12249790.0,11040520.0,10355293.333333334,10958670.0,15.426973342895508,15.57357120513916,15.55632495880127,15.7460355758667,15.625309944152832,15.585643005371091,15.63393268585205,15.63393268585205,15.678773307800293,15.661526679992676,15.61409912109375,15.596852970123289,15.576156997680664,15.544250965118408,15.503721618652346,15.47009105682373,15.47354040145874,15.470090961456297,15.480438661575315,15.467503643035887,15.469803301493327,15.477851581573484,15.474402236938474,15.470952828725181,15.462904389699302,15.364832735061645,15.356133206685385,15.347264194488526,15.33740366299947,15.318980900446574,12985180.0,11586880.0,10321840.0,9309580.0,10608820.0,11797270.0,11412770.0,10653610.0,10386950.0,10879640.0,10687665.0,10383875.0,10026435.0,9856040.0,9758445.0,10227473.333333334,10130056.666666666,9964603.333333334,9823760.0,10008910.0,10867658.333333334,10805245.0,10743406.666666666,10733170.0,10804685.0,1
2018-09-26,15.375234647477255,15.409728392007738,15.176900550683785,15.185523986816404,9733400,0,15.432148742675784,15.555461025238035,15.457587337493894,15.461180019378665,15.37607421875,14145520.0,11727550.0,11182980.0,10422123.333333334,10987855.0,15.418350219726562,15.426973342895508,15.57357120513916,15.55632495880127,15.7460355758667,15.54425106048584,15.585643005371091,15.63393268585205,15.63393268585205,15.678773307800293,15.60288887023926,15.61409912109375,15.596852970123289,15.576156997680664,15.544250965118408,15.466210556030273,15.47009105682373,15.47354040145874,15.470090961456297,15.480438661575315,15.470953019460044,15.469803301493327,15.477851581573484,15.474402236938474,15.470952828725181,15.370688311258952,15.364832735061645,15.356133206685385,15.347264194488526,15.33740366299947,13890760.0,12985180.0,11586880.0,10321840.0,9309580.0,12249790.0,11797270.0,11412770.0,10653610.0,10386950.0,11040520.0,10687665.0,10383875.0,10026435.0,9856040.0,10355293.333333334,10227473.333333334,10130056.666666666,9964603.333333334,9823760.0,10958670.0,10867658.333333334,10805245.0,10743406.666666666,10733170.0,0
2018-09-27,15.194147079248367,15.228639178246349,15.030305085939313,15.142406463623047,17119900,1,15.349365043640134,15.491648864746091,15.44379014968872,15.456293519337974,15.377046473821006,14916460.0,12619150.0,11640495.0,10614730.0,11177908.333333334,15.185523986816404,15.418350219726562,15.426973342895508,15.57357120513916,15.55632495880127,15.432148742675784,15.54425106048584,15.585643005371091,15.63393268585205,15.63393268585205,15.555461025238035,15.60288887023926,15.61409912109375,15.596852970123289,15.576156997680664,15.457587337493894,15.466210556030273,15.47009105682373,15.47354040145874,15.470090961456297,15.461180019378665,15.470953019460044,15.469803301493327,15.477851581573484,15.474402236938474,15.37607421875,15.370688311258952,15.364832735061645,15.356133206685385,15.347264194488526,14145520.0,13890760.0,12985180.0,11586880.0,10321840.0,11727550.0,12249790.0,11797270.0,11412770.0,10653610.0,11182980.0,11040520.0,10687665.0,10383875.0,10026435.0,10422123.333333334,10355293.333333334,10227473.333333334,10130056.666666666,9964603.333333334,10987855.0,10958670.0,10867658.333333334,10805245.0,10743406.666666666,1
2018-09-28,15.151029780432193,15.444220020994804,15.125161117575159,15.28900146484375,14474500,1,15.292451095581054,15.463191890716553,15.441634130477905,15.453706518809,15.382025337219238,14434860.0,13010870.0,11878735.0,10756370.0,11289910.0,15.142406463623047,15.185523986816404,15.418350219726562,15.426973342895508,15.57357120513916,15.349365043640134,15.432148742675784,15.54425106048584,15.585643005371091,15.63393268585205,15.491648864746091,15.555461025238035,15.60288887023926,15.61409912109375,15.596852970123289,15.44379014968872,15.457587337493894,15.466210556030273,15.47009105682373,15.47354040145874,15.456293519337974,15.461180019378665,15.470953019460044,15.469803301493327,15.477851581573484,15.377046473821006,15.37607421875,15.370688311258952,15.364832735061645,15.356133206685385,14916460.0,14145520.0,13890760.0,12985180.0,11586880.0,12619150.0,11727550.0,12249790.0,11797270.0,11412770.0,11640495.0,11182980.0,11040520.0,10687665.0,10383875.0,10614730.0,10422123.333333334,10355293.333333334,10227473.333333334,10130056.666666666,11177908.333333334,10987855.0,10958670.0,10867658.333333334,10805245.0,1
2018-10-01,15.314874444555128,15.685674027889485,15.271757257683394,15.677050590515135,12650200,0,15.34246654510498,15.464054775238035,15.462330055236814,15.460317738850913,15.38849762280782,13842280.0,13413730.0,12062590.0,10906353.333333334,11345620.0,15.28900146484375,15.142406463623047,15.185523986816404,15.418350219726562,15.426973342895508,15.292451095581054,15.349365043640134,15.432148742675784,15.54425106048584,15.585643005371091,15.463191890716553,15.491648864746091,15.555461025238035,15.60288887023926,15.61409912109375,15.441634130477905,15.44379014968872,15.457587337493894,15.466210556030273,15.47009105682373,15.453706518809,15.456293519337974,15.461180019378665,15.470953019460044,15.469803301493327,15.382025337219238,15.377046473821006,15.37607421875,15.370688311258952,15.364832735061645,14434860.0,14916460.0,14145520.0,13890760.0,12985180.0,13010870.0,12619150.0,11727550.0,12249790.0,11797270.0,11878735.0,11640495.0,11182980.0,11040520.0,10687665.0,10756370.0,10614730.0,10422123.333333334,10355293.333333334,10227473.333333334,11289910.0,11177908.333333334,10987855.0,10958670.0,10867658.333333334,0
2018-10-02,15.642552602253312,15.75465561299002,15.487334061080675,15.590813636779785,9606700,1,15.376959228515625,15.460605144500732,15.482163381576536,15.46520414352417,15.391116682688393,12716940.0,13303850.0,12091745.0,10940246.666666666,11358016.666666664,15.677050590515135,15.28900146484375,15.142406463623047,15.185523986816404,15.418350219726562,15.34246654510498,15.292451095581054,15.349365043640134,15.432148742675784,15.54425106048584,15.464054775238035,15.463191890716553,15.491648864746091,15.555461025238035,15.60288887023926,15.462330055236814,15.441634130477905,15.44379014968872,15.457587337493894,15.466210556030273,15.460317738850913,15.453706518809,15.456293519337974,15.461180019378665,15.470953019460044,15.38849762280782,15.382025337219238,15.377046473821006,15.37607421875,15.370688311258952,13842280.0,14434860.0,14916460.0,14145520.0,13890760.0,13413730.0,13010870.0,12619150.0,11727550.0,12249790.0,12062590.0,11878735.0,11640495.0,11182980.0,11040520.0,10906353.333333334,10756370.0,10614730.0,10422123.333333334,10355293.333333334,11345620.0,11289910.0,11177908.333333334,10987855.0,10958670.0,1
2018-10-03,15.616687934881256,15.849514161418865,15.582194185911252,15.728789329528807,8861800,1,15.485612297058106,15.458880519866947,15.501565742492676,15.473252614339195,15.394329945246376,12542620.0,13344070.0,11865510.0,11018716.666666666,11362375.0,15.590813636779785,15.677050590515135,15.28900146484375,15.142406463623047,15.185523986816404,15.376959228515625,15.34246654510498,15.292451095581054,15.349365043640134,15.432148742675784,15.460605144500732,15.464054775238035,15.463191890716553,15.491648864746091,15.555461025238035,15.482163381576536,15.462330055236814,15.441634130477905,15.44379014968872,15.457587337493894,15.46520414352417,15.460317738850913,15.453706518809,15.456293519337974,15.461180019378665,15.391116682688393,15.38849762280782,15.382025337219238,15.377046473821006,15.37607421875,12716940.0,13842280.0,14434860.0,14916460.0,14145520.0,13303850.0,13413730.0,13010870.0,12619150.0,11727550.0,12091745.0,12062590.0,11878735.0,11640495.0,11182980.0,10940246.666666666,10906353.333333334,10756370.0,10614730.0,10422123.333333334,11358016.666666664,11345620.0,11289910.0,11177908.333333334,10987855.0,1
2018-10-04,15.737409920321474,15.832266068079731,15.590814803218805,15.754656791687012,10073000,0,15.608062362670898,15.478713703155515,15.527435350418092,15.472965208689372,15.4030904452006,11133240.0,13024850.0,11839230.0,11025906.666666666,11360163.333333336,15.728789329528807,15.590813636779785,15.677050590515135,15.28900146484375,15.142406463623047,15.485612297058106,15.376959228515625,15.34246654510498,15.292451095581054,15.349365043640134,15.458880519866947,15.460605144500732,15.464054775238035,15.463191890716553,15.491648864746091,15.501565742492676,15.482163381576536,15.462330055236814,15.441634130477905,15.44379014968872,15.473252614339195,15.46520414352417,15.460317738850913,15.453706518809,15.456293519337974,15.394329945246376,15.391116682688393,15.38849762280782,15.382025337219238,15.377046473821006,12542620.0,12716940.0,13842280.0,14434860.0,14916460.0,13344070.0,13303850.0,13413730.0,13010870.0,12619150.0,11865510.0,12091745.0,12062590.0,11878735.0,11640495.0,11018716.666666666,10940246.666666666,10906353.333333334,10756370.0,10614730.0,11362375.0,11358016.666666664,11345620.0,11289910.0,11177908.333333334,1
2018-10-05,15.746036665539286,15.797775645758307,15.461469807205848,15.57357120513916,16178300,1,15.66497631072998,15.478713703155515,15.537783336639404,15.475264835357669,15.406416924794517,11474000.0,12954430.0,12183600.0,11240726.666666666,11507041.666666664,15.754656791687012,15.728789329528807,15.590813636779785,15.677050590515135,15.28900146484375,15.608062362670898,15.485612297058106,15.376959228515625,15.34246654510498,15.292451095581054,15.478713703155515,15.458880519866947,15.460605144500732,15.464054775238035,15.463191890716553,15.527435350418092,15.501565742492676,15.482163381576536,15.462330055236814,15.441634130477905,15.472965208689372,15.473252614339195,15.46520414352417,15.460317738850913,15.453706518809,15.4030904452006,15.394329945246376,15.391116682688393,15.38849762280782,15.382025337219238,11133240.0,12542620.0,12716940.0,13842280.0,14434860.0,13024850.0,13344070.0,13303850.0,13413730.0,13010870.0,11839230.0,11865510.0,12091745.0,12062590.0,11878735.0,11025906.666666666,11018716.666666666,10940246.666666666,10906353.333333334,10756370.0,11360163.333333336,11362375.0,11358016.666666664,11345620.0,11289910.0,0
2018-10-08,15.495959564725409,15.72878740756533,15.470090900911375,15.702917098999025,10719700,1,15.67014961242676,15.50630807876587,15.56020359992981,15.482163397471108,15.413604497909546,11087900.0,12465090.0,12131180.0,11280140.0,11545003.333333336,15.57357120513916,15.754656791687012,15.728789329528807,15.590813636779785,15.677050590515135,15.66497631072998,15.608062362670898,15.485612297058106,15.376959228515625,15.34246654510498,15.478713703155515,15.478713703155515,15.458880519866947,15.460605144500732,15.464054775238035,15.537783336639404,15.527435350418092,15.501565742492676,15.482163381576536,15.462330055236814,15.475264835357669,15.472965208689372,15.473252614339195,15.46520414352417,15.460317738850913,15.406416924794517,15.4030904452006,15.394329945246376,15.391116682688393,15.38849762280782,11474000.0,11133240.0,12542620.0,12716940.0,13842280.0,12954430.0,13024850.0,13344070.0,13303850.0,13413730.0,12183600.0,11839230.0,11865510.0,12091745.0,12062590.0,11240726.666666666,11025906.666666666,11018716.666666666,10940246.666666666,10906353.333333334,11507041.666666664,11360163.333333336,11362375.0,11358016.666666664,11345620.0,0
2018-10-09,15.840891454490096,16.047849002105757,15.720164984816678,16.013355255126953,16049300,0,15.754657936096189,15.565808582305909,15.584348726272585,15.49940989812215,15.427529398600258,12376420.0,12546680.0,12398235.0,11542573.333333336,11632965.0,15.702917098999025,15.57357120513916,15.754656791687012,15.728789329528807,15.590813636779785,15.67014961242676,15.66497631072998,15.608062362670898,15.485612297058106,15.376959228515625,15.50630807876587,15.478713703155515,15.478713703155515,15.458880519866947,15.460605144500732,15.56020359992981,15.537783336639404,15.527435350418092,15.501565742492676,15.482163381576536,15.482163397471108,15.475264835357669,15.472965208689372,15.473252614339195,15.46520414352417,15.413604497909546,15.406416924794517,15.4030904452006,15.394329945246376,15.391116682688393,11087900.0,11474000.0,11133240.0,12542620.0,12716940.0,12465090.0,12954430.0,13024850.0,13344070.0,13303850.0,12131180.0,12183600.0,11839230.0,11865510.0,12091745.0,11280140.0,11240726.666666666,11025906.666666666,11018716.666666666,10940246.666666666,11545003.333333336,11507041.666666664,11360163.333333336,11362375.0,11358016.666666664,0
2018-10-10,16.01335394610376,16.099586661749225,15.504582733022994,15.521829605102539,26033400,0,15.713265991210935,15.59943914413452,15.57745008468628,15.504871273040774,15.434825372695922,15810740.0,14176680.0,12952115.0,12180880.0,11862635.0,16.013355255126953,15.702917098999025,15.57357120513916,15.754656791687012,15.728789329528807,15.754657936096189,15.67014961242676,15.66497631072998,15.608062362670898,15.485612297058106,15.565808582305909,15.50630807876587,15.478713703155515,15.478713703155515,15.458880519866947,15.584348726272585,15.56020359992981,15.537783336639404,15.527435350418092,15.501565742492676,15.49940989812215,15.482163397471108,15.475264835357669,15.472965208689372,15.473252614339195,15.427529398600258,15.413604497909546,15.406416924794517,15.4030904452006,15.394329945246376,12376420.0,11087900.0,11474000.0,11133240.0,12542620.0,12546680.0,12465090.0,12954430.0,13024850.0,13344070.0,12398235.0,12131180.0,12183600.0,11839230.0,11865510.0,11542573.333333336,11280140.0,11240726.666666666,11025906.666666666,11018716.666666666,11632965.0,11545003.333333336,11507041.666666664,11360163.333333336,11362375.0,1
2018-10-11,15.461468135449481,15.470091572012338,14.952696891507294,15.021682739257812,25720600,1,15.566671180725098,15.587366771697994,15.539507818222045,15.491649023691814,15.432506561279295,18940260.0,15036750.0,13827950.0,12772580.0,12160233.333333336,15.521829605102539,16.013355255126953,15.702917098999025,15.57357120513916,15.754656791687012,15.713265991210935,15.754657936096189,15.67014961242676,15.66497631072998,15.608062362670898,15.59943914413452,15.565808582305909,15.50630807876587,15.478713703155515,15.478713703155515,15.57745008468628,15.584348726272585,15.56020359992981,15.537783336639404,15.527435350418092,15.504871273040774,15.49940989812215,15.482163397471108,15.475264835357669,15.472965208689372,15.434825372695922,15.427529398600258,15.413604497909546,15.406416924794517,15.4030904452006,15810740.0,12376420.0,11087900.0,11474000.0,11133240.0,14176680.0,12546680.0,12465090.0,12954430.0,13024850.0,12952115.0,12398235.0,12131180.0,12183600.0,11839230.0,12180880.0,11542573.333333336,11280140.0,11240726.666666666,11025906.666666666,11862635.0,11632965.0,11545003.333333336,11507041.666666664,11360163.333333336,1
2018-10-12,15.176901084624335,15.31487277809573,14.84921707906553,15.099291801452635,19669700,1,15.471815299987792,15.568395805358884,15.51579384803772,15.4838880221049,15.428496837615967,19638540.0,15556270.0,14283570.0,13104580.0,12167393.333333336,15.021682739257812,15.521829605102539,16.013355255126953,15.702917098999025,15.57357120513916,15.566671180725098,15.713265991210935,15.754657936096189,15.67014961242676,15.66497631072998,15.587366771697994,15.59943914413452,15.565808582305909,15.50630807876587,15.478713703155515,15.539507818222045,15.57745008468628,15.584348726272585,15.56020359992981,15.537783336639404,15.491649023691814,15.504871273040774,15.49940989812215,15.482163397471108,15.475264835357669,15.432506561279295,15.434825372695922,15.427529398600258,15.413604497909546,15.406416924794517,18940260.0,15810740.0,12376420.0,11087900.0,11474000.0,15036750.0,14176680.0,12546680.0,12465090.0,12954430.0,13827950.0,12952115.0,12398235.0,12131180.0,12183600.0,12772580.0,12180880.0,11542573.333333336,11280140.0,11240726.666666666,12160233.333333336,11862635.0,11632965.0,11545003.333333336,11507041.666666664,0
2018-10-15,15.142407352769284,15.280379046367235,15.064798069526402,15.125162124633787,13041900,1,15.356264305114744,15.513206958770752,15.488630867004394,15.479289023081462,15.42918168703715,20102980.0,15595440.0,14504585.0,13240206.666666664,12194825.0,15.099291801452635,15.021682739257812,15.521829605102539,16.013355255126953,15.702917098999025,15.471815299987792,15.566671180725098,15.713265991210935,15.754657936096189,15.67014961242676,15.568395805358884,15.587366771697994,15.59943914413452,15.565808582305909,15.50630807876587,15.51579384803772,15.539507818222045,15.57745008468628,15.584348726272585,15.56020359992981,15.4838880221049,15.491649023691814,15.504871273040774,15.49940989812215,15.482163397471108,15.428496837615967,15.432506561279295,15.434825372695922,15.427529398600258,15.413604497909546,19638540.0,18940260.0,15810740.0,12376420.0,11087900.0,15556270.0,15036750.0,14176680.0,12546680.0,12465090.0,14283570.0,13827950.0,12952115.0,12398235.0,12131180.0,13104580.0,12772580.0,12180880.0,11542573.333333336,11280140.0,12167393.333333336,12160233.333333336,11862635.0,11632965.0,11545003.333333336,1
2018-10-16,15.185522792327484,15.53907542219324,15.107913517990893,15.452842712402346,11531300,1,15.244161796569824,15.499409866333007,15.48000750541687,15.487912209828696,15.435185798009233,19199380.0,15787900.0,14545875.0,13323796.666666664,12240793.333333336,15.125162124633787,15.099291801452635,15.021682739257812,15.521829605102539,16.013355255126953,15.356264305114744,15.471815299987792,15.566671180725098,15.713265991210935,15.754657936096189,15.513206958770752,15.568395805358884,15.587366771697994,15.59943914413452,15.565808582305909,15.488630867004394,15.51579384803772,15.539507818222045,15.57745008468628,15.584348726272585,15.479289023081462,15.4838880221049,15.491649023691814,15.504871273040774,15.49940989812215,15.42918168703715,15.428496837615967,15.432506561279295,15.434825372695922,15.427529398600258,20102980.0,19638540.0,18940260.0,15810740.0,12376420.0,15595440.0,15556270.0,15036750.0,14176680.0,12546680.0,14504585.0,14283570.0,13827950.0,12952115.0,12398235.0,13240206.666666664,13104580.0,12772580.0,12180880.0,11542573.333333336,12194825.0,12167393.333333336,12160233.333333336,11862635.0,11632965.0,1
2018-10-17,15.435596809282913,15.582191931693089,15.323495430852649,15.478713989257812,15484100,0,15.235538673400876,15.474402332305909,15.466641426086426,15.49251127243042,15.442331663767495,17089520.0,16450130.0,14897100.0,13393716.666666664,12206400.0,15.452842712402346,15.125162124633787,15.099291801452635,15.021682739257812,15.521829605102539,15.244161796569824,15.356264305114744,15.471815299987792,15.566671180725098,15.713265991210935,15.499409866333007,15.513206958770752,15.568395805358884,15.587366771697994,15.59943914413452,15.48000750541687,15.488630867004394,15.51579384803772,15.539507818222045,15.57745008468628,15.487912209828696,15.479289023081462,15.4838880221049,15.491649023691814,15.504871273040774,15.435185798009233,15.42918168703715,15.428496837615967,15.432506561279295,15.434825372695922,19199380.0,20102980.0,19638540.0,18940260.0,15810740.0,15787900.0,15595440.0,15556270.0,15036750.0,14176680.0,14545875.0,14504585.0,14283570.0,13827950.0,12952115.0,13323796.666666664,13240206.666666664,13104580.0,12772580.0,12180880.0,12240793.333333336,12194825.0,12167393.333333336,12160233.333333336,11862635.0,1
2018-10-18,15.375234712978205,15.927121469798909,15.33211917688369,15.470090866088867,21507100,1,15.32522029876709,15.445945739746096,15.462329721450805,15.500272146860759,15.445780976613364,16246820.0,17593540.0,15309195.0,13757333.333333336,12327168.333333336,15.478713989257812,15.452842712402346,15.125162124633787,15.099291801452635,15.021682739257812,15.235538673400876,15.244161796569824,15.356264305114744,15.471815299987792,15.566671180725098,15.474402332305909,15.499409866333007,15.513206958770752,15.568395805358884,15.587366771697994,15.466641426086426,15.48000750541687,15.488630867004394,15.51579384803772,15.539507818222045,15.49251127243042,15.487912209828696,15.479289023081462,15.4838880221049,15.491649023691814,15.442331663767495,15.435185798009233,15.42918168703715,15.428496837615967,15.432506561279295,17089520.0,19199380.0,20102980.0,19638540.0,18940260.0,16450130.0,15787900.0,15595440.0,15556270.0,15036750.0,14897100.0,14545875.0,14504585.0,14283570.0,13827950.0,13393716.666666664,13323796.666666664,13240206.666666664,13104580.0,12772580.0,12206400.0,12240793.333333336,12194825.0,12167393.333333336,12160233.333333336,1
2018-10-19,15.44421999884089,15.677047832733498,15.383857592591449,15.504582405090332,19574600,0,15.406278419494631,15.439046859741213,15.458880281448364,15.50487117767334,15.447957642873128,16227800.0,17933170.0,15443800.0,14100123.333333336,12476631.666666664,15.470090866088867,15.478713989257812,15.452842712402346,15.125162124633787,15.099291801452635,15.32522029876709,15.235538673400876,15.244161796569824,15.356264305114744,15.471815299987792,15.445945739746096,15.474402332305909,15.499409866333007,15.513206958770752,15.568395805358884,15.462329721450805,15.466641426086426,15.48000750541687,15.488630867004394,15.51579384803772,15.500272146860759,15.49251127243042,15.487912209828696,15.479289023081462,15.4838880221049,15.445780976613364,15.442331663767495,15.435185798009233,15.42918168703715,15.428496837615967,16246820.0,17089520.0,19199380.0,20102980.0,19638540.0,17593540.0,16450130.0,15787900.0,15595440.0,15556270.0,15309195.0,14897100.0,14545875.0,14504585.0,14283570.0,13757333.333333336,13393716.666666664,13323796.666666664,13240206.666666664,13104580.0,12327168.333333336,12206400.0,12240793.333333336,12194825.0,12167393.333333336,1
2018-10-22,15.521828915426259,15.539075786739476,15.013057724951556,15.038928031921387,17902500,0,15.389031600952148,15.372647953033447,15.439478015899658,15.497685050964355,15.444220908482865,17199920.0,18651450.0,15558270.0,14304603.333333336,12574426.666666664,15.504582405090332,15.470090866088867,15.478713989257812,15.452842712402346,15.125162124633787,15.406278419494631,15.32522029876709,15.235538673400876,15.244161796569824,15.356264305114744,15.439046859741213,15.445945739746096,15.474402332305909,15.499409866333007,15.513206958770752,15.458880281448364,15.462329721450805,15.466641426086426,15.48000750541687,15.488630867004394,15.50487117767334,15.500272146860759,15.49251127243042,15.487912209828696,15.479289023081462,15.447957642873128,15.445780976613364,15.442331663767495,15.435185798009233,15.42918168703715,16227800.0,16246820.0,17089520.0,19199380.0,20102980.0,17933170.0,17593540.0,16450130.0,15787900.0,15595440.0,15443800.0,15309195.0,14897100.0,14545875.0,14504585.0,14100123.333333336,13757333.333333336,13393716.666666664,13323796.666666664,13240206.666666664,12476631.666666664,12327168.333333336,12206400.0,12240793.333333336,12194825.0,1
2018-10-23,14.849217166647179,14.866464039620908,14.409431774331106,14.694000244140625,24566500,0,15.237263107299805,15.240712451934815,15.403260517120364,15.469803301493327,15.4340167204539,19806960.0,19503170.0,16024925.0,14766546.666666664,12797005.0,15.038928031921387,15.504582405090332,15.470090866088867,15.478713989257812,15.452842712402346,15.389031600952148,15.406278419494631,15.32522029876709,15.235538673400876,15.244161796569824,15.372647953033447,15.439046859741213,15.445945739746096,15.474402332305909,15.499409866333007,15.439478015899658,15.458880281448364,15.462329721450805,15.466641426086426,15.48000750541687,15.497685050964355,15.50487117767334,15.500272146860759,15.49251127243042,15.487912209828696,15.444220908482865,15.447957642873128,15.445780976613364,15.442331663767495,15.435185798009233,17199920.0,16227800.0,16246820.0,17089520.0,19199380.0,18651450.0,17933170.0,17593540.0,16450130.0,15787900.0,15558270.0,15443800.0,15309195.0,14897100.0,14545875.0,14304603.333333336,14100123.333333336,13757333.333333336,13393716.666666664,13323796.666666664,12574426.666666664,12476631.666666664,12327168.333333336,12206400.0,12240793.333333336,1
2018-10-24,14.702621114639411,14.728491422479026,14.211096778952381,14.236967086791992,20303000,1,14.98891372680664,15.112226200103759,15.35583267211914,15.422375456492107,15.415764141082766,20770740.0,18930130.0,16553405.0,14944786.666666664,12818276.666666664,14.694000244140625,15.038928031921387,15.504582405090332,15.470090866088867,15.478713989257812,15.237263107299805,15.389031600952148,15.406278419494631,15.32522029876709,15.235538673400876,15.240712451934815,15.372647953033447,15.439046859741213,15.445945739746096,15.474402332305909,15.403260517120364,15.439478015899658,15.458880281448364,15.462329721450805,15.466641426086426,15.469803301493327,15.497685050964355,15.50487117767334,15.500272146860759,15.49251127243042,15.4340167204539,15.444220908482865,15.447957642873128,15.445780976613364,15.442331663767495,19806960.0,17199920.0,16227800.0,16246820.0,17089520.0,19503170.0,18651450.0,17933170.0,17593540.0,16450130.0,16024925.0,15558270.0,15443800.0,15309195.0,14897100.0,14766546.666666664,14304603.333333336,14100123.333333336,13757333.333333336,13393716.666666664,12797005.0,12574426.666666664,12476631.666666664,12327168.333333336,12206400.0,1
2018-10-25,14.426679118344838,14.487041530971426,14.22834500692823,14.297330856323242,22189700,1,14.754361724853515,15.039791011810305,15.313578891754153,15.372935549418132,15.402110703786215,20907260.0,18577040.0,16806895.0,15410980.0,13023535.0,14.236967086791992,14.694000244140625,15.038928031921387,15.504582405090332,15.470090866088867,14.98891372680664,15.237263107299805,15.389031600952148,15.406278419494631,15.32522029876709,15.112226200103759,15.240712451934815,15.372647953033447,15.439046859741213,15.445945739746096,15.35583267211914,15.403260517120364,15.439478015899658,15.458880281448364,15.462329721450805,15.422375456492107,15.469803301493327,15.497685050964355,15.50487117767334,15.500272146860759,15.415764141082766,15.4340167204539,15.444220908482865,15.447957642873128,15.445780976613364,20770740.0,19806960.0,17199920.0,16227800.0,16246820.0,18930130.0,19503170.0,18651450.0,17933170.0,17593540.0,16553405.0,16024925.0,15558270.0,15443800.0,15309195.0,14944786.666666664,14766546.666666664,14304603.333333336,14100123.333333336,13757333.333333336,12818276.666666664,12797005.0,12574426.666666664,12476631.666666664,12327168.333333336,1
2018-10-26,14.271460233174624,14.443925675257747,14.0041402782229,14.305953979492188,30124900,0,14.514636039733887,14.960457229614258,15.264426517486573,15.330681641896565,15.386445172627766,23017320.0,19622560.0,17589415.0,16063233.333333336,13239123.333333336,14.297330856323242,14.236967086791992,14.694000244140625,15.038928031921387,15.504582405090332,14.754361724853515,14.98891372680664,15.237263107299805,15.389031600952148,15.406278419494631,15.039791011810305,15.112226200103759,15.240712451934815,15.372647953033447,15.439046859741213,15.313578891754153,15.35583267211914,15.403260517120364,15.439478015899658,15.458880281448364,15.372935549418132,15.422375456492107,15.469803301493327,15.497685050964355,15.50487117767334,15.402110703786215,15.415764141082766,15.4340167204539,15.444220908482865,15.447957642873128,20907260.0,20770740.0,19806960.0,17199920.0,16227800.0,18577040.0,18930130.0,19503170.0,18651450.0,17933170.0,16806895.0,16553405.0,16024925.0,15558270.0,15443800.0,15410980.0,14944786.666666664,14766546.666666664,14304603.333333336,14100123.333333336,13023535.0,12818276.666666664,12797005.0,12574426.666666664,12476631.666666664,1
2018-10-29,14.418054927265098,14.547404827271867,14.038633597818967,14.19385051727295,18091800,1,14.3456205368042,14.867326068878176,15.190266513824465,15.28152926762899,15.369773562749225,23055180.0,20127550.0,17861495.0,16378906.666666664,13220225.0,14.305953979492188,14.297330856323242,14.236967086791992,14.694000244140625,15.038928031921387,14.514636039733887,14.754361724853515,14.98891372680664,15.237263107299805,15.389031600952148,14.960457229614258,15.039791011810305,15.112226200103759,15.240712451934815,15.372647953033447,15.264426517486573,15.313578891754153,15.35583267211914,15.403260517120364,15.439478015899658,15.330681641896565,15.372935549418132,15.422375456492107,15.469803301493327,15.497685050964355,15.386445172627766,15.402110703786215,15.415764141082766,15.4340167204539,15.444220908482865,23017320.0,20907260.0,20770740.0,19806960.0,17199920.0,19622560.0,18577040.0,18930130.0,19503170.0,18651450.0,17589415.0,16806895.0,16553405.0,16024925.0,15558270.0,16063233.333333336,15410980.0,14944786.666666664,14766546.666666664,14304603.333333336,13239123.333333336,13023535.0,12818276.666666664,12797005.0,12574426.666666664,1
2018-10-30,14.202580023718472,14.647774790713866,14.202580023718472,14.630315780639648,20923100,1,14.332883644104006,14.785073375701904,15.142241621017456,15.248362795511882,15.35563359260559,22326500.0,21066730.0,18427315.0,16719493.333333336,13364201.666666664,14.19385051727295,14.305953979492188,14.297330856323242,14.236967086791992,14.694000244140625,14.3456205368042,14.514636039733887,14.754361724853515,14.98891372680664,15.237263107299805,14.867326068878176,14.960457229614258,15.039791011810305,15.112226200103759,15.240712451934815,15.190266513824465,15.264426517486573,15.313578891754153,15.35583267211914,15.403260517120364,15.28152926762899,15.330681641896565,15.372935549418132,15.422375456492107,15.469803301493327,15.369773562749225,15.386445172627766,15.402110703786215,15.415764141082766,15.4340167204539,23055180.0,23017320.0,20907260.0,20770740.0,19806960.0,20127550.0,19622560.0,18577040.0,18930130.0,19503170.0,17861495.0,17589415.0,16806895.0,16553405.0,16024925.0,16378906.666666664,16063233.333333336,15410980.0,14944786.666666664,14766546.666666664,13220225.0,13239123.333333336,13023535.0,12818276.666666664,12797005.0,1
2018-10-31,14.743797862813725,15.014407557909315,14.691422491013926,14.857279777526855,19937700,1,14.456946182250974,14.722929954528807,15.098666143417358,15.218737602233887,15.344845215479534,22253440.0,21512090.0,18981110.0,17102096.666666668,13462928.333333336,14.630315780639648,14.19385051727295,14.305953979492188,14.297330856323242,14.236967086791992,14.332883644104006,14.3456205368042,14.514636039733887,14.754361724853515,14.98891372680664,14.785073375701904,14.867326068878176,14.960457229614258,15.039791011810305,15.112226200103759,15.142241621017456,15.190266513824465,15.264426517486573,15.313578891754153,15.35583267211914,15.248362795511882,15.28152926762899,15.330681641896565,15.372935549418132,15.422375456492107,15.35563359260559,15.369773562749225,15.386445172627766,15.402110703786215,15.415764141082766,22326500.0,23055180.0,23017320.0,20907260.0,20770740.0,21066730.0,20127550.0,19622560.0,18577040.0,18930130.0,18427315.0,17861495.0,17589415.0,16806895.0,16553405.0,16719493.333333336,16378906.666666664,16063233.333333336,15410980.0,14944786.666666664,13364201.666666664,13220225.0,13239123.333333336,13023535.0,12818276.666666664,1
2018-11-01,14.918383499606755,15.145345646465335,14.813631099140133,14.979488372802734,13184900,0,14.593377685546875,14.673869705200195,15.059907722473145,15.199509716033935,15.336955976486205,20452480.0,20679870.0,19136705.0,17099420.0,13532011.666666664,14.857279777526855,14.630315780639648,14.19385051727295,14.305953979492188,14.297330856323242,14.456946182250974,14.332883644104006,14.3456205368042,14.514636039733887,14.754361724853515,14.722929954528807,14.785073375701904,14.867326068878176,14.960457229614258,15.039791011810305,15.098666143417358,15.142241621017456,15.190266513824465,15.264426517486573,15.313578891754153,15.218737602233887,15.248362795511882,15.28152926762899,15.330681641896565,15.372935549418132,15.344845215479534,15.35563359260559,15.369773562749225,15.386445172627766,15.402110703786215,22253440.0,22326500.0,23055180.0,23017320.0,20907260.0,21512090.0,21066730.0,20127550.0,19622560.0,18577040.0,18981110.0,18427315.0,17861495.0,17589415.0,16806895.0,17102096.666666668,16719493.333333336,16378906.666666664,16063233.333333336,15410980.0,13462928.333333336,13364201.666666664,13220225.0,13239123.333333336,13023535.0,0
2018-11-02,15.04059569604116,15.119159592943086,14.621589355886352,14.717612266540527,14811500,1,14.675709342956546,14.595172691345216,15.017109775543213,15.170977751413979,15.324414666493736,17389800.0,20203560.0,19068365.0,17030386.666666668,13580221.666666664,14.979488372802734,14.857279777526855,14.630315780639648,14.19385051727295,14.305953979492188,14.593377685546875,14.456946182250974,14.332883644104006,14.3456205368042,14.514636039733887,14.673869705200195,14.722929954528807,14.785073375701904,14.867326068878176,14.960457229614258,15.059907722473145,15.098666143417358,15.142241621017456,15.190266513824465,15.264426517486573,15.199509716033935,15.218737602233887,15.248362795511882,15.28152926762899,15.330681641896565,15.336955976486205,15.344845215479534,15.35563359260559,15.369773562749225,15.386445172627766,20452480.0,22253440.0,22326500.0,23055180.0,23017320.0,20679870.0,21512090.0,21066730.0,20127550.0,19622560.0,19136705.0,18981110.0,18427315.0,17861495.0,17589415.0,17099420.0,17102096.666666668,16719493.333333336,16378906.666666664,16063233.333333336,13532011.666666664,13462928.333333336,13364201.666666664,13220225.0,13239123.333333336,0
2018-11-05,14.866006482116596,15.092968603788155,14.82235895968972,15.066780090332033,11203500,1,14.850295257568359,14.59795789718628,14.985302925109865,15.158971309661865,15.314387305577595,16012140.0,19533660.0,19092555.0,16883400.0,13555436.666666664,14.717612266540527,14.979488372802734,14.857279777526855,14.630315780639648,14.19385051727295,14.675709342956546,14.593377685546875,14.456946182250974,14.332883644104006,14.3456205368042,14.595172691345216,14.673869705200195,14.722929954528807,14.785073375701904,14.867326068878176,15.017109775543213,15.059907722473145,15.098666143417358,15.142241621017456,15.190266513824465,15.170977751413979,15.199509716033935,15.218737602233887,15.248362795511882,15.28152926762899,15.324414666493736,15.336955976486205,15.344845215479534,15.35563359260559,15.369773562749225,17389800.0,20452480.0,22253440.0,22326500.0,23055180.0,20203560.0,20679870.0,21512090.0,21066730.0,20127550.0,19068365.0,19136705.0,18981110.0,18427315.0,17861495.0,17030386.666666668,17099420.0,17102096.666666668,16719493.333333336,16378906.666666664,13580221.666666664,13532011.666666664,13462928.333333336,13364201.666666664,13220225.0,0
2018-11-06,15.092969607976633,15.24136619915316,14.970758202032954,15.232638359069824,9787800,1,14.970759773254395,14.651821708679199,14.946267080307006,15.152780914306641,15.311866966883342,13785080.0,18055790.0,18779480.0,16701880.0,13528586.666666664,15.066780090332033,14.717612266540527,14.979488372802734,14.857279777526855,14.630315780639648,14.850295257568359,14.675709342956546,14.593377685546875,14.456946182250974,14.332883644104006,14.59795789718628,14.595172691345216,14.673869705200195,14.722929954528807,14.785073375701904,14.985302925109865,15.017109775543213,15.059907722473145,15.098666143417358,15.142241621017456,15.158971309661865,15.170977751413979,15.199509716033935,15.218737602233887,15.248362795511882,15.314387305577595,15.324414666493736,15.336955976486205,15.344845215479534,15.35563359260559,16012140.0,17389800.0,20452480.0,22253440.0,22326500.0,19533660.0,20203560.0,20679870.0,21512090.0,21066730.0,19092555.0,19068365.0,19136705.0,18981110.0,18427315.0,16883400.0,17030386.666666668,17099420.0,17102096.666666668,16719493.333333336,13555436.666666664,13580221.666666664,13532011.666666664,13462928.333333336,13364201.666666664,1
2018-11-07,15.407225387545207,15.503248290269509,15.127887850510573,15.276286125183105,9684900,1,15.054561042785645,14.75575361251831,14.933989906311036,15.155806318918865,15.308493169148765,11734520.0,16993980.0,17962055.0,16700263.333333336,13561193.333333336,15.232638359069824,15.066780090332033,14.717612266540527,14.979488372802734,14.857279777526855,14.970759773254395,14.850295257568359,14.675709342956546,14.593377685546875,14.456946182250974,14.651821708679199,14.59795789718628,14.595172691345216,14.673869705200195,14.722929954528807,14.946267080307006,14.985302925109865,15.017109775543213,15.059907722473145,15.098666143417358,15.152780914306641,15.158971309661865,15.170977751413979,15.199509716033935,15.218737602233887,15.311866966883342,15.314387305577595,15.324414666493736,15.336955976486205,15.344845215479534,13785080.0,16012140.0,17389800.0,20452480.0,22253440.0,18055790.0,19533660.0,20203560.0,20679870.0,21512090.0,18779480.0,19092555.0,19068365.0,19136705.0,18981110.0,16701880.0,16883400.0,17030386.666666668,17099420.0,17102096.666666668,13528586.666666664,13555436.666666664,13580221.666666664,13532011.666666664,13462928.333333336,1
2018-11-08,15.223908330391517,15.529434337268164,15.206449320859644,15.328659057617188,14210500,0,15.124395179748536,14.858886432647704,14.949338722229006,15.16201473871867,15.30915412902832,11939640.0,16196060.0,17386550.0,16603283.333333336,13609006.666666664,15.276286125183105,15.232638359069824,15.066780090332033,14.717612266540527,14.979488372802734,15.054561042785645,14.970759773254395,14.850295257568359,14.675709342956546,14.593377685546875,14.75575361251831,14.651821708679199,14.59795789718628,14.595172691345216,14.673869705200195,14.933989906311036,14.946267080307006,14.985302925109865,15.017109775543213,15.059907722473145,15.155806318918865,15.152780914306641,15.158971309661865,15.170977751413979,15.199509716033935,15.308493169148765,15.311866966883342,15.314387305577595,15.324414666493736,15.336955976486205,11734520.0,13785080.0,16012140.0,17389800.0,20452480.0,16993980.0,18055790.0,19533660.0,20203560.0,20679870.0,17962055.0,18779480.0,19092555.0,19068365.0,19136705.0,16700263.333333336,16701880.0,16883400.0,17030386.666666668,17099420.0,13561193.333333336,13528586.666666664,13555436.666666664,13580221.666666664,13532011.666666664,0
2018-11-09,15.188990218283758,15.407222841146979,15.1278853502793,15.302472114562988,10120200,0,15.241367149353028,14.958538246154784,14.959497737884524,15.162463760375974,15.308085139592487,11001380.0,14195590.0,16909075.0,16458140.0,13607255.0,15.328659057617188,15.276286125183105,15.232638359069824,15.066780090332033,14.717612266540527,15.124395179748536,15.054561042785645,14.970759773254395,14.850295257568359,14.675709342956546,14.858886432647704,14.75575361251831,14.651821708679199,14.59795789718628,14.595172691345216,14.949338722229006,14.933989906311036,14.946267080307006,14.985302925109865,15.017109775543213,15.16201473871867,15.155806318918865,15.152780914306641,15.158971309661865,15.170977751413979,15.30915412902832,15.308493169148765,15.311866966883342,15.314387305577595,15.324414666493736,11939640.0,11734520.0,13785080.0,16012140.0,17389800.0,16196060.0,16993980.0,18055790.0,19533660.0,20203560.0,17386550.0,17962055.0,18779480.0,19092555.0,19068365.0,16603283.333333336,16700263.333333336,16701880.0,16883400.0,17030386.666666668,13609006.666666664,13561193.333333336,13528586.666666664,13555436.666666664,13580221.666666664,0
2018-11-12,15.407224088687535,15.459599456220426,15.232638975250273,15.250096321105955,13007100,0,15.278030395507812,15.064162826538086,14.96574444770813,15.148231951395669,15.304274845123294,11362100.0,13687120.0,16907335.0,16470036.666666664,13688195.0,15.302472114562988,15.328659057617188,15.276286125183105,15.232638359069824,15.066780090332033,15.241367149353028,15.124395179748536,15.054561042785645,14.970759773254395,14.850295257568359,14.958538246154784,14.858886432647704,14.75575361251831,14.651821708679199,14.59795789718628,14.959497737884524,14.949338722229006,14.933989906311036,14.946267080307006,14.985302925109865,15.162463760375974,15.16201473871867,15.155806318918865,15.152780914306641,15.158971309661865,15.308085139592487,15.30915412902832,15.308493169148765,15.311866966883342,15.314387305577595,11001380.0,11939640.0,11734520.0,13785080.0,16012140.0,14195590.0,16196060.0,16993980.0,18055790.0,19533660.0,16909075.0,17386550.0,17962055.0,18779480.0,19092555.0,16458140.0,16603283.333333336,16700263.333333336,16701880.0,16883400.0,13607255.0,13609006.666666664,13561193.333333336,13528586.666666664,13555436.666666664,0
2018-11-13,15.276285772778161,15.442143055934995,14.927113859539833,14.9969482421875,14875900,0,15.230892372131347,15.100826072692874,14.942949724197387,15.128436438242595,15.296820290883383,12379720.0,13082400.0,17074565.0,16645676.666666664,13792961.666666664,15.250096321105955,15.302472114562988,15.328659057617188,15.276286125183105,15.232638359069824,15.278030395507812,15.241367149353028,15.124395179748536,15.054561042785645,14.970759773254395,15.064162826538086,14.958538246154784,14.858886432647704,14.75575361251831,14.651821708679199,14.96574444770813,14.959497737884524,14.949338722229006,14.933989906311036,14.946267080307006,15.148231951395669,15.162463760375974,15.16201473871867,15.155806318918865,15.152780914306641,15.304274845123294,15.308085139592487,15.30915412902832,15.308493169148765,15.311866966883342,11362100.0,11001380.0,11939640.0,11734520.0,13785080.0,13687120.0,14195590.0,16196060.0,16993980.0,18055790.0,16907335.0,16909075.0,17386550.0,17962055.0,18779480.0,16470036.666666664,16458140.0,16603283.333333336,16700263.333333336,16701880.0,13688195.0,13607255.0,13609006.666666664,13561193.333333336,13528586.666666664,0
2018-11-14,15.14534453341273,15.223908411743196,14.735066132135232,14.787443161010742,14933200,1,15.133123779296875,15.09384241104126,14.908386182785033,15.097058232625324,15.28515542348226,13429380.0,12581950.0,17047020.0,16848056.666666668,13933386.666666664,14.9969482421875,15.250096321105955,15.302472114562988,15.328659057617188,15.276286125183105,15.230892372131347,15.278030395507812,15.241367149353028,15.124395179748536,15.054561042785645,15.100826072692874,15.064162826538086,14.958538246154784,14.858886432647704,14.75575361251831,14.942949724197387,14.96574444770813,14.959497737884524,14.949338722229006,14.933989906311036,15.128436438242595,15.148231951395669,15.162463760375974,15.16201473871867,15.155806318918865,15.296820290883383,15.304274845123294,15.308085139592487,15.30915412902832,15.308493169148765,12379720.0,11362100.0,11001380.0,11939640.0,11734520.0,13082400.0,13687120.0,14195590.0,16196060.0,16993980.0,17074565.0,16907335.0,16909075.0,17386550.0,17962055.0,16645676.666666664,16470036.666666664,16458140.0,16603283.333333336,16700263.333333336,13792961.666666664,13688195.0,13607255.0,13609006.666666664,13561193.333333336,0
2018-11-15,14.735066699457553,15.040592719730046,14.577940601729829,14.9882173538208,18448000,1,15.065035438537596,15.094715309143064,14.884292507171633,15.07151025136312,15.272237730026244,14276880.0,13108260.0,16894065.0,17127223.333333332,14076565.0,14.787443161010742,14.9969482421875,15.250096321105955,15.302472114562988,15.328659057617188,15.133123779296875,15.230892372131347,15.278030395507812,15.241367149353028,15.124395179748536,15.09384241104126,15.100826072692874,15.064162826538086,14.958538246154784,14.858886432647704,14.908386182785033,14.942949724197387,14.96574444770813,14.959497737884524,14.949338722229006,15.097058232625324,15.128436438242595,15.148231951395669,15.162463760375974,15.16201473871867,15.28515542348226,15.296820290883383,15.304274845123294,15.308085139592487,15.30915412902832,13429380.0,12379720.0,11362100.0,11001380.0,11939640.0,12581950.0,13082400.0,13687120.0,14195590.0,16196060.0,17047020.0,17074565.0,16907335.0,16909075.0,17386550.0,16848056.666666668,16645676.666666664,16470036.666666664,16458140.0,16603283.333333336,13933386.666666664,13792961.666666664,13688195.0,13607255.0,13609006.666666664,1
2018-11-16,14.979489459002949,15.145346744692276,14.944573099637484,15.08424186706543,10178400,1,15.021389389038086,15.131378269195555,14.863275480270385,15.055199273427329,15.265232054392495,14288520.0,12644950.0,16424255.0,16927226.666666668,14083976.666666664,14.9882173538208,14.787443161010742,14.9969482421875,15.250096321105955,15.302472114562988,15.065035438537596,15.133123779296875,15.230892372131347,15.278030395507812,15.241367149353028,15.094715309143064,15.09384241104126,15.100826072692874,15.064162826538086,14.958538246154784,14.884292507171633,14.908386182785033,14.942949724197387,14.96574444770813,14.959497737884524,15.07151025136312,15.097058232625324,15.128436438242595,15.148231951395669,15.162463760375974,15.272237730026244,15.28515542348226,15.296820290883383,15.304274845123294,15.308085139592487,14276880.0,13429380.0,12379720.0,11362100.0,11001380.0,13108260.0,12581950.0,13082400.0,13687120.0,14195590.0,16894065.0,17047020.0,17074565.0,16907335.0,16909075.0,17127223.333333332,16848056.666666668,16645676.666666664,16470036.666666664,16458140.0,14076565.0,13933386.666666664,13792961.666666664,13688195.0,13607255.0,0
2018-11-19,15.014404454762651,15.241364907315084,14.996945446110097,15.206448554992676,16311500,0,15.01265983581543,15.145345115661618,14.87165150642395,15.03865032196045,15.26040685971578,14949400.0,13155750.0,16344705.0,17113620.0,14196880.0,15.08424186706543,14.9882173538208,14.787443161010742,14.9969482421875,15.250096321105955,15.021389389038086,15.065035438537596,15.133123779296875,15.230892372131347,15.278030395507812,15.131378269195555,15.094715309143064,15.09384241104126,15.100826072692874,15.064162826538086,14.863275480270385,14.884292507171633,14.908386182785033,14.942949724197387,14.96574444770813,15.055199273427329,15.07151025136312,15.097058232625324,15.128436438242595,15.148231951395669,15.265232054392495,15.272237730026244,15.28515542348226,15.296820290883383,15.304274845123294,14288520.0,14276880.0,13429380.0,12379720.0,11362100.0,12644950.0,13108260.0,12581950.0,13082400.0,13687120.0,16424255.0,16894065.0,17047020.0,17074565.0,16907335.0,16927226.666666668,17127223.333333332,16848056.666666668,16645676.666666664,16470036.666666664,14083976.666666664,14076565.0,13933386.666666664,13792961.666666664,13688195.0,1
2018-11-20,15.058051778220324,15.127886154650438,14.726338906423006,14.804901123046875,15553500,1,14.974250411987304,15.102571392059328,14.877196550369264,14.998368517557779,15.248889207839966,15084920.0,13732320.0,15894055.0,17097093.333333332,14319833.333333336,15.206448554992676,15.08424186706543,14.9882173538208,14.787443161010742,14.9969482421875,15.01265983581543,15.021389389038086,15.065035438537596,15.133123779296875,15.230892372131347,15.145345115661618,15.131378269195555,15.094715309143064,15.09384241104126,15.100826072692874,14.87165150642395,14.863275480270385,14.884292507171633,14.908386182785033,14.942949724197387,15.03865032196045,15.055199273427329,15.07151025136312,15.097058232625324,15.128436438242595,15.26040685971578,15.265232054392495,15.272237730026244,15.28515542348226,15.296820290883383,14949400.0,14288520.0,14276880.0,13429380.0,12379720.0,13155750.0,12644950.0,13108260.0,12581950.0,13082400.0,16344705.0,16424255.0,16894065.0,17047020.0,17074565.0,17113620.0,16927226.666666668,17127223.333333332,16848056.666666668,16645676.666666664,14196880.0,14083976.666666664,14076565.0,13933386.666666664,13792961.666666664,0
2018-11-21,14.874737116853636,15.197720482440634,14.778714225200973,14.9882173538208,13309700,0,15.014405250549315,15.073764514923095,14.914759063720705,14.980581442515053,15.242726357777913,14760220.0,14094800.0,15544390.0,16672970.0,14426925.0,14.804901123046875,15.206448554992676,15.08424186706543,14.9882173538208,14.787443161010742,14.974250411987304,15.01265983581543,15.021389389038086,15.065035438537596,15.133123779296875,15.102571392059328,15.145345115661618,15.131378269195555,15.094715309143064,15.09384241104126,14.877196550369264,14.87165150642395,14.863275480270385,14.884292507171633,14.908386182785033,14.998368517557779,15.03865032196045,15.055199273427329,15.07151025136312,15.097058232625324,15.248889207839966,15.26040685971578,15.265232054392495,15.272237730026244,15.28515542348226,15084920.0,14949400.0,14288520.0,14276880.0,13429380.0,13732320.0,13155750.0,12644950.0,13108260.0,12581950.0,15894055.0,16344705.0,16424255.0,16894065.0,17047020.0,17097093.333333332,17113620.0,16927226.666666668,17127223.333333332,16848056.666666668,14319833.333333336,14196880.0,14083976.666666664,14076565.0,13933386.666666664,0
2018-11-23,14.752526249310387,14.787444271182206,14.438272377378626,14.499377250671387,8137600,1,14.916637229919436,14.990836334228515,14.92486138343811,14.963171259562175,15.227410141626995,12698140.0,13487510.0,14841785.0,16086870.0,14429725.0,14.9882173538208,14.804901123046875,15.206448554992676,15.08424186706543,14.9882173538208,15.014405250549315,14.974250411987304,15.01265983581543,15.021389389038086,15.065035438537596,15.073764514923095,15.102571392059328,15.145345115661618,15.131378269195555,15.094715309143064,14.914759063720705,14.877196550369264,14.87165150642395,14.863275480270385,14.884292507171633,14.980581442515053,14.998368517557779,15.03865032196045,15.055199273427329,15.07151025136312,15.242726357777913,15.248889207839966,15.26040685971578,15.265232054392495,15.272237730026244,14760220.0,15084920.0,14949400.0,14288520.0,14276880.0,14094800.0,13732320.0,13155750.0,12644950.0,13108260.0,15544390.0,15894055.0,16344705.0,16424255.0,16894065.0,16672970.0,17097093.333333332,17113620.0,16927226.666666668,17127223.333333332,14426925.0,14319833.333333336,14196880.0,14083976.666666664,14076565.0,0
2018-11-26,14.577940603901643,14.726338861485655,14.569211098751659,14.59539794921875,12750300,1,14.818868446350098,14.920128917694091,14.939333581924439,14.946374797821045,15.215131409962973,13212520.0,13750520.0,13973055.0,15856223.333333336,14480401.666666664,14.499377250671387,14.9882173538208,14.804901123046875,15.206448554992676,15.08424186706543,14.916637229919436,15.014405250549315,14.974250411987304,15.01265983581543,15.021389389038086,14.990836334228515,15.073764514923095,15.102571392059328,15.145345115661618,15.131378269195555,14.92486138343811,14.914759063720705,14.877196550369264,14.87165150642395,14.863275480270385,14.963171259562175,14.980581442515053,14.998368517557779,15.03865032196045,15.055199273427329,15.227410141626995,15.242726357777913,15.248889207839966,15.26040685971578,15.265232054392495,12698140.0,14760220.0,15084920.0,14949400.0,14288520.0,13487510.0,14094800.0,13732320.0,13155750.0,12644950.0,14841785.0,15544390.0,15894055.0,16344705.0,16424255.0,16086870.0,16672970.0,17097093.333333332,17113620.0,16927226.666666668,14429725.0,14426925.0,14319833.333333336,14196880.0,14083976.666666664,0
2018-11-27,14.604126930236815,14.639044949583573,14.42954182845145,14.604126930236815,12342100,1,14.698404121398926,14.855531978607178,14.959847402572631,14.929006958007813,15.204147990544634,12418640.0,13684020.0,13685570.0,15832896.666666664,14536551.666666664,14.59539794921875,14.499377250671387,14.9882173538208,14.804901123046875,15.206448554992676,14.818868446350098,14.916637229919436,15.014405250549315,14.974250411987304,15.01265983581543,14.920128917694091,14.990836334228515,15.073764514923095,15.102571392059328,15.145345115661618,14.939333581924439,14.92486138343811,14.914759063720705,14.877196550369264,14.87165150642395,14.946374797821045,14.963171259562175,14.980581442515053,14.998368517557779,15.03865032196045,15.215131409962973,15.227410141626995,15.242726357777913,15.248889207839966,15.26040685971578,13212520.0,12698140.0,14760220.0,15084920.0,14949400.0,13750520.0,13487510.0,14094800.0,13732320.0,13155750.0,13973055.0,14841785.0,15544390.0,15894055.0,16344705.0,15856223.333333336,16086870.0,16672970.0,17097093.333333332,17113620.0,14480401.666666664,14429725.0,14426925.0,14319833.333333336,14196880.0,0
2018-11-28,14.586671328381856,14.72634177341665,14.246228885128975,14.717612266540527,17048000,1,14.680946350097654,14.827598381042481,14.964212226867676,14.904499276479086,15.196205743153891,12717540.0,13901230.0,13491815.0,16016786.666666664,14670291.666666664,14.604126930236815,14.59539794921875,14.499377250671387,14.9882173538208,14.804901123046875,14.698404121398926,14.818868446350098,14.916637229919436,15.014405250549315,14.974250411987304,14.855531978607178,14.920128917694091,14.990836334228515,15.073764514923095,15.102571392059328,14.959847402572631,14.939333581924439,14.92486138343811,14.914759063720705,14.877196550369264,14.929006958007813,14.946374797821045,14.963171259562175,14.980581442515053,14.998368517557779,15.204147990544634,15.215131409962973,15.227410141626995,15.242726357777913,15.248889207839966,12418640.0,13212520.0,12698140.0,14760220.0,15084920.0,13684020.0,13750520.0,13487510.0,14094800.0,13732320.0,13685570.0,13973055.0,14841785.0,15544390.0,15894055.0,15832896.666666664,15856223.333333336,16086870.0,16672970.0,17097093.333333332,14536551.666666664,14480401.666666664,14429725.0,14426925.0,14319833.333333336,0
2018-11-29,14.682692763888856,14.839820541906324,14.604128874880118,14.726340293884276,15474200,1,14.628570938110352,14.821488094329831,14.957665252685548,14.879420153299966,15.185965712865196,13150440.0,13955330.0,13268640.0,16016456.666666664,14705086.666666664,14.717612266540527,14.604126930236815,14.59539794921875,14.499377250671387,14.9882173538208,14.680946350097654,14.698404121398926,14.818868446350098,14.916637229919436,15.014405250549315,14.827598381042481,14.855531978607178,14.920128917694091,14.990836334228515,15.073764514923095,14.964212226867676,14.959847402572631,14.939333581924439,14.92486138343811,14.914759063720705,14.904499276479086,14.929006958007813,14.946374797821045,14.963171259562175,14.980581442515053,15.196205743153891,15.204147990544634,15.215131409962973,15.227410141626995,15.242726357777913,12717540.0,12418640.0,13212520.0,12698140.0,14760220.0,13901230.0,13684020.0,13750520.0,13487510.0,14094800.0,13491815.0,13685570.0,13973055.0,14841785.0,15544390.0,16016786.666666664,15832896.666666664,15856223.333333336,16086870.0,16672970.0,14670291.666666664,14536551.666666664,14480401.666666664,14429725.0,14426925.0,0
2018-11-30,14.726339566211353,14.909654188184922,14.604128153246036,14.900924682617188,20395300,1,14.708880424499512,14.812758827209473,14.95373706817627,14.860447947184243,15.180360047022502,15601980.0,14150060.0,13629160.0,15979396.666666664,14868365.0,14.726340293884276,14.717612266540527,14.604126930236815,14.59539794921875,14.499377250671387,14.628570938110352,14.680946350097654,14.698404121398926,14.818868446350098,14.916637229919436,14.821488094329831,14.827598381042481,14.855531978607178,14.920128917694091,14.990836334228515,14.957665252685548,14.964212226867676,14.959847402572631,14.939333581924439,14.92486138343811,14.879420153299966,14.904499276479086,14.929006958007813,14.946374797821045,14.963171259562175,15.185965712865196,15.196205743153891,15.204147990544634,15.215131409962973,15.227410141626995,13150440.0,12717540.0,12418640.0,13212520.0,12698140.0,13955330.0,13901230.0,13684020.0,13750520.0,13487510.0,13268640.0,13491815.0,13685570.0,13973055.0,14841785.0,16016456.666666664,16016786.666666664,15832896.666666664,15856223.333333336,16086870.0,14705086.666666664,14670291.666666664,14536551.666666664,14480401.666666664,14429725.0,0
2018-12-03,15.031863544015849,15.223909331529999,14.970758671618766,15.10169792175293,15765500,0,14.810140419006348,14.814504432678225,14.972941350936887,14.84701846440633,15.175944821039836,16205020.0,14708770.0,13676860.0,15852426.666666664,14976275.0,14.900924682617188,14.726340293884276,14.717612266540527,14.604126930236815,14.59539794921875,14.708880424499512,14.628570938110352,14.680946350097654,14.698404121398926,14.818868446350098,14.812758827209473,14.821488094329831,14.827598381042481,14.855531978607178,14.920128917694091,14.95373706817627,14.957665252685548,14.964212226867676,14.959847402572631,14.939333581924439,14.860447947184243,14.879420153299966,14.904499276479086,14.929006958007813,14.946374797821045,15.180360047022502,15.185965712865196,15.196205743153891,15.204147990544634,15.215131409962973,15601980.0,13150440.0,12717540.0,12418640.0,13212520.0,14150060.0,13955330.0,13901230.0,13684020.0,13750520.0,13629160.0,13268640.0,13491815.0,13685570.0,13973055.0,15979396.666666664,16016456.666666664,16016786.666666664,15832896.666666664,15856223.333333336,14868365.0,14705086.666666664,14670291.666666664,14536551.666666664,14480401.666666664,0
2018-12-04,15.084241682767887,15.171533412606554,14.525564954898913,14.5604829788208,21066300,0,14.801411628723145,14.749907875061036,14.947626495361328,14.831070295969644,15.164377673467,17949860.0,15184250.0,14170000.0,15957886.666666664,15131245.0,15.10169792175293,14.900924682617188,14.726340293884276,14.717612266540527,14.604126930236815,14.810140419006348,14.708880424499512,14.628570938110352,14.680946350097654,14.698404121398926,14.814504432678225,14.812758827209473,14.821488094329831,14.827598381042481,14.855531978607178,14.972941350936887,14.95373706817627,14.957665252685548,14.964212226867676,14.959847402572631,14.84701846440633,14.860447947184243,14.879420153299966,14.904499276479086,14.929006958007813,15.175944821039836,15.180360047022502,15.185965712865196,15.196205743153891,15.204147990544634,16205020.0,15601980.0,13150440.0,12717540.0,12418640.0,14708770.0,14150060.0,13955330.0,13901230.0,13684020.0,13676860.0,13629160.0,13268640.0,13491815.0,13685570.0,15852426.666666664,15979396.666666664,16016456.666666664,16016786.666666664,15832896.666666664,14976275.0,14868365.0,14705086.666666664,14670291.666666664,14536551.666666664,1
2018-12-06,14.350978514303035,14.39462437522019,13.94942960093715,14.368435859680176,22289200,0,14.731576347351075,14.706261348724365,14.904416370391846,14.820218149820965,15.145010725657144,18998100.0,15857820.0,14795070.0,15881976.666666664,15324261.666666664,14.5604829788208,15.10169792175293,14.900924682617188,14.726340293884276,14.717612266540527,14.801411628723145,14.810140419006348,14.708880424499512,14.628570938110352,14.680946350097654,14.749907875061036,14.814504432678225,14.812758827209473,14.821488094329831,14.827598381042481,14.947626495361328,14.972941350936887,14.95373706817627,14.957665252685548,14.964212226867676,14.831070295969644,14.84701846440633,14.860447947184243,14.879420153299966,14.904499276479086,15.164377673467,15.175944821039836,15.180360047022502,15.185965712865196,15.196205743153891,17949860.0,16205020.0,15601980.0,13150440.0,12717540.0,15184250.0,14708770.0,14150060.0,13955330.0,13901230.0,14170000.0,13676860.0,13629160.0,13268640.0,13491815.0,15957886.666666664,15852426.666666664,15979396.666666664,16016456.666666664,16016786.666666664,15131245.0,14976275.0,14868365.0,14705086.666666664,14670291.666666664,1
2018-12-07,14.560483155730589,14.735068282512147,14.263686608720596,14.272416114807127,15298900,0,14.640791511535644,14.634681224822998,14.854222869873047,14.821399784088134,15.121887620290119,18963040.0,16056740.0,15075770.0,15715173.333333336,15329980.0,14.368435859680176,14.5604829788208,15.10169792175293,14.900924682617188,14.726340293884276,14.731576347351075,14.801411628723145,14.810140419006348,14.708880424499512,14.628570938110352,14.706261348724365,14.749907875061036,14.814504432678225,14.812758827209473,14.821488094329831,14.904416370391846,14.947626495361328,14.972941350936887,14.95373706817627,14.957665252685548,14.820218149820965,14.831070295969644,14.84701846440633,14.860447947184243,14.879420153299966,15.145010725657144,15.164377673467,15.175944821039836,15.180360047022502,15.185965712865196,18998100.0,17949860.0,16205020.0,15601980.0,13150440.0,15857820.0,15184250.0,14708770.0,14150060.0,13955330.0,14795070.0,14170000.0,13676860.0,13629160.0,13268640.0,15881976.666666664,15957886.666666664,15852426.666666664,15979396.666666664,16016456.666666664,15324261.666666664,15131245.0,14976275.0,14868365.0,14705086.666666664,1
2018-12-10,14.132747428588145,14.185122800425232,13.722469797570527,14.001808166503904,16803400,1,14.460968208312988,14.58492431640625,14.787880325317385,14.811549027760826,15.092242288589478,18244660.0,16923320.0,15205415.0,15535630.0,15473305.0,14.272416114807127,14.368435859680176,14.5604829788208,15.10169792175293,14.900924682617188,14.640791511535644,14.731576347351075,14.801411628723145,14.810140419006348,14.708880424499512,14.634681224822998,14.706261348724365,14.749907875061036,14.814504432678225,14.812758827209473,14.854222869873047,14.904416370391846,14.947626495361328,14.972941350936887,14.95373706817627,14.821399784088134,14.820218149820965,14.831070295969644,14.84701846440633,14.860447947184243,15.121887620290119,15.145010725657144,15.164377673467,15.175944821039836,15.180360047022502,18963040.0,18998100.0,17949860.0,16205020.0,15601980.0,16056740.0,15857820.0,15184250.0,14708770.0,14150060.0,15075770.0,14795070.0,14170000.0,13676860.0,13629160.0,15715173.333333336,15881976.666666664,15957886.666666664,15852426.666666664,15979396.666666664,15329980.0,15324261.666666664,15131245.0,14976275.0,14868365.0,0
2018-12-11,14.202581178231904,14.281145064969405,13.949430506525974,14.07164192199707,12089900,1,14.254957008361814,14.532548713684086,14.726338815689086,14.803738625844321,15.067210133870445,17509540.0,16857280.0,15303900.0,14934463.333333336,15498848.333333336,14.001808166503904,14.272416114807127,14.368435859680176,14.5604829788208,15.10169792175293,14.460968208312988,14.640791511535644,14.731576347351075,14.801411628723145,14.810140419006348,14.58492431640625,14.634681224822998,14.706261348724365,14.749907875061036,14.814504432678225,14.787880325317385,14.854222869873047,14.904416370391846,14.947626495361328,14.972941350936887,14.811549027760826,14.821399784088134,14.820218149820965,14.831070295969644,14.84701846440633,15.092242288589478,15.121887620290119,15.145010725657144,15.164377673467,15.175944821039836,18244660.0,18963040.0,18998100.0,17949860.0,16205020.0,16923320.0,16056740.0,15857820.0,15184250.0,14708770.0,15205415.0,15075770.0,14795070.0,14170000.0,13676860.0,15535630.0,15715173.333333336,15881976.666666664,15957886.666666664,15852426.666666664,15473305.0,15329980.0,15324261.666666664,15131245.0,14976275.0,1
2018-12-12,14.220039653047992,14.385895261027185,14.141475769275567,14.167662620544435,16007100,1,14.176392936706545,14.488902282714847,14.67221713066101,14.802865695953367,15.04219748179118,16497700.0,17223780.0,15453900.0,14864973.333333336,15621940.0,14.07164192199707,14.001808166503904,14.272416114807127,14.368435859680176,14.5604829788208,14.254957008361814,14.460968208312988,14.640791511535644,14.731576347351075,14.801411628723145,14.532548713684086,14.58492431640625,14.634681224822998,14.706261348724365,14.749907875061036,14.726338815689086,14.787880325317385,14.854222869873047,14.904416370391846,14.947626495361328,14.803738625844321,14.811549027760826,14.821399784088134,14.820218149820965,14.831070295969644,15.067210133870445,15.092242288589478,15.121887620290119,15.145010725657144,15.164377673467,17509540.0,18244660.0,18963040.0,18998100.0,17949860.0,16857280.0,16923320.0,16056740.0,15857820.0,15184250.0,15303900.0,15205415.0,15075770.0,14795070.0,14170000.0,14934463.333333336,15535630.0,15715173.333333336,15881976.666666664,15957886.666666664,15498848.333333336,15473305.0,15329980.0,15324261.666666664,15131245.0,0
2018-12-13,14.176392686593573,14.5517531094655,14.150204169306116,14.324790954589846,16420200,0,14.167663955688473,14.449620151519776,14.638609266281128,14.792681535085045,15.020522165298464,15323900.0,17161000.0,15531115.0,14714876.666666664,15717185.0,14.167662620544435,14.07164192199707,14.001808166503904,14.272416114807127,14.368435859680176,14.176392936706545,14.254957008361814,14.460968208312988,14.640791511535644,14.731576347351075,14.488902282714847,14.532548713684086,14.58492431640625,14.634681224822998,14.706261348724365,14.67221713066101,14.726338815689086,14.787880325317385,14.854222869873047,14.904416370391846,14.802865695953367,14.803738625844321,14.811549027760826,14.821399784088134,14.820218149820965,15.04219748179118,15.067210133870445,15.092242288589478,15.121887620290119,15.145010725657144,16497700.0,17509540.0,18244660.0,18963040.0,18998100.0,17223780.0,16857280.0,16923320.0,16056740.0,15857820.0,15453900.0,15303900.0,15205415.0,15075770.0,14795070.0,14864973.333333336,14934463.333333336,15535630.0,15715173.333333336,15881976.666666664,15621940.0,15498848.333333336,15473305.0,15329980.0,15324261.666666664,0
2018-12-14,14.193850708489116,14.359707976446394,14.080368806472032,14.115286827087402,10709200,0,14.136238098144533,14.388514804840089,14.605001449584961,14.767948436737061,14.993343019485474,14405960.0,16684500.0,15319915.0,14407260.0,15754678.333333336,14.324790954589846,14.167662620544435,14.07164192199707,14.001808166503904,14.272416114807127,14.167663955688473,14.176392936706545,14.254957008361814,14.460968208312988,14.640791511535644,14.449620151519776,14.488902282714847,14.532548713684086,14.58492431640625,14.634681224822998,14.638609266281128,14.67221713066101,14.726338815689086,14.787880325317385,14.854222869873047,14.792681535085045,14.802865695953367,14.803738625844321,14.811549027760826,14.821399784088134,15.020522165298464,15.04219748179118,15.067210133870445,15.092242288589478,15.121887620290119,15323900.0,16497700.0,17509540.0,18244660.0,18963040.0,17161000.0,17223780.0,16857280.0,16923320.0,16056740.0,15531115.0,15453900.0,15303900.0,15205415.0,15075770.0,14714876.666666664,14864973.333333336,14934463.333333336,15535630.0,15715173.333333336,15717185.0,15621940.0,15498848.333333336,15473305.0,15329980.0,0
2018-12-17,14.089099432261465,14.281145230955437,13.731198017401061,13.827220916748047,15838700,0,14.10132064819336,14.281144428253176,14.546951627731323,14.729539521535234,14.964524618784587,14213020.0,16228840.0,15189450.0,14495720.0,15797570.0,14.115286827087402,14.324790954589846,14.167662620544435,14.07164192199707,14.001808166503904,14.136238098144533,14.167663955688473,14.176392936706545,14.254957008361814,14.460968208312988,14.388514804840089,14.449620151519776,14.488902282714847,14.532548713684086,14.58492431640625,14.605001449584961,14.638609266281128,14.67221713066101,14.726338815689086,14.787880325317385,14.767948436737061,14.792681535085045,14.802865695953367,14.803738625844321,14.811549027760826,14.993343019485474,15.020522165298464,15.04219748179118,15.067210133870445,15.092242288589478,14405960.0,15323900.0,16497700.0,17509540.0,18244660.0,16684500.0,17161000.0,17223780.0,16857280.0,16923320.0,15319915.0,15531115.0,15453900.0,15303900.0,15205415.0,14407260.0,14714876.666666664,14864973.333333336,14934463.333333336,15535630.0,15754678.333333336,15717185.0,15621940.0,15498848.333333336,15473305.0,0
2018-12-18,13.835950373480165,13.931972439994786,13.486777633215967,13.556612014770508,17581600,1,13.998314666748048,14.126635837554932,14.470570135116578,14.690839513142905,14.930908632278442,15311360.0,16410450.0,15559610.0,14588056.666666664,15809221.666666664,13.827220916748047,14.115286827087402,14.324790954589846,14.167662620544435,14.07164192199707,14.10132064819336,14.136238098144533,14.167663955688473,14.176392936706545,14.254957008361814,14.281144428253176,14.388514804840089,14.449620151519776,14.488902282714847,14.532548713684086,14.546951627731323,14.605001449584961,14.638609266281128,14.67221713066101,14.726338815689086,14.729539521535234,14.767948436737061,14.792681535085045,14.802865695953367,14.803738625844321,14.964524618784587,14.993343019485474,15.020522165298464,15.04219748179118,15.067210133870445,14213020.0,14405960.0,15323900.0,16497700.0,17509540.0,16228840.0,16684500.0,17161000.0,17223780.0,16857280.0,15189450.0,15319915.0,15531115.0,15453900.0,15303900.0,14495720.0,14407260.0,14714876.666666664,14864973.333333336,14934463.333333336,15797570.0,15754678.333333336,15717185.0,15621940.0,15498848.333333336,1
2018-12-19,13.600258398133226,13.984348320328605,13.43440195388396,13.59152889251709,20368300,0,13.88308792114258,14.02974042892456,14.389824151992798,14.641664473215739,14.900317891438801,16183600.0,16340650.0,15762450.0,14893550.0,15888475.0,13.556612014770508,13.827220916748047,14.115286827087402,14.324790954589846,14.167662620544435,13.998314666748048,14.10132064819336,14.136238098144533,14.167663955688473,14.176392936706545,14.126635837554932,14.281144428253176,14.388514804840089,14.449620151519776,14.488902282714847,14.470570135116578,14.546951627731323,14.605001449584961,14.638609266281128,14.67221713066101,14.690839513142905,14.729539521535234,14.767948436737061,14.792681535085045,14.802865695953367,14.930908632278442,14.964524618784587,14.993343019485474,15.020522165298464,15.04219748179118,15311360.0,14213020.0,14405960.0,15323900.0,16497700.0,16410450.0,16228840.0,16684500.0,17161000.0,17223780.0,15559610.0,15189450.0,15319915.0,15531115.0,15453900.0,14588056.666666664,14495720.0,14407260.0,14714876.666666664,14864973.333333336,15809221.666666664,15797570.0,15754678.333333336,15717185.0,15621940.0,1
2018-12-20,13.591529109500476,13.783574073664086,13.408213651092368,13.574070930480955,26602600,1,13.732943916320801,13.95030393600464,14.328282642364506,14.586378892262776,14.869579903284713,18220080.0,16771990.0,16314905.0,15454043.333333336,16077961.666666664,13.59152889251709,13.556612014770508,13.827220916748047,14.115286827087402,14.324790954589846,13.88308792114258,13.998314666748048,14.10132064819336,14.136238098144533,14.167663955688473,14.02974042892456,14.126635837554932,14.281144428253176,14.388514804840089,14.449620151519776,14.389824151992798,14.470570135116578,14.546951627731323,14.605001449584961,14.638609266281128,14.641664473215739,14.690839513142905,14.729539521535234,14.767948436737061,14.792681535085045,14.900317891438801,14.930908632278442,14.964524618784587,14.993343019485474,15.020522165298464,16183600.0,15311360.0,14213020.0,14405960.0,15323900.0,16340650.0,16410450.0,16228840.0,16684500.0,17161000.0,15762450.0,15559610.0,15189450.0,15319915.0,15531115.0,14893550.0,14588056.666666664,14495720.0,14407260.0,14714876.666666664,15888475.0,15809221.666666664,15797570.0,15754678.333333336,15717185.0,1
2018-12-21,13.469319143857039,13.914513107890967,13.4605896382409,13.59152889251709,29108600,0,13.62819232940674,13.882215213775634,14.258448219299314,14.530220317840573,14.843013318379722,21899960.0,18152960.0,17104850.0,16101500.0,16400881.666666664,13.574070930480955,13.59152889251709,13.556612014770508,13.827220916748047,14.115286827087402,13.732943916320801,13.88308792114258,13.998314666748048,14.10132064819336,14.136238098144533,13.95030393600464,14.02974042892456,14.126635837554932,14.281144428253176,14.388514804840089,14.328282642364506,14.389824151992798,14.470570135116578,14.546951627731323,14.605001449584961,14.586378892262776,14.641664473215739,14.690839513142905,14.729539521535234,14.767948436737061,14.869579903284713,14.900317891438801,14.930908632278442,14.964524618784587,14.993343019485474,18220080.0,16183600.0,15311360.0,14213020.0,14405960.0,16771990.0,16340650.0,16410450.0,16228840.0,16684500.0,16314905.0,15762450.0,15559610.0,15189450.0,15319915.0,15454043.333333336,14893550.0,14588056.666666664,14495720.0,14407260.0,16077961.666666664,15888475.0,15809221.666666664,15797570.0,15754678.333333336,1
2018-12-24,13.390755233848875,13.521694487886029,12.840808868408205,12.840808868408205,14096200,1,13.43090991973877,13.766115283966064,14.175519800186155,14.447291978200276,14.804653358459472,21551460.0,17882240.0,17402780.0,16097690.0,16350486.666666664,13.59152889251709,13.574070930480955,13.59152889251709,13.556612014770508,13.827220916748047,13.62819232940674,13.732943916320801,13.88308792114258,13.998314666748048,14.10132064819336,13.882215213775634,13.95030393600464,14.02974042892456,14.126635837554932,14.281144428253176,14.258448219299314,14.328282642364506,14.389824151992798,14.470570135116578,14.546951627731323,14.530220317840573,14.586378892262776,14.641664473215739,14.690839513142905,14.729539521535234,14.843013318379722,14.869579903284713,14.900317891438801,14.930908632278442,14.964524618784587,21899960.0,18220080.0,16183600.0,15311360.0,14213020.0,18152960.0,16771990.0,16340650.0,16410450.0,16228840.0,17104850.0,16314905.0,15762450.0,15559610.0,15189450.0,16101500.0,15454043.333333336,14893550.0,14588056.666666664,14495720.0,16400881.666666664,16077961.666666664,15888475.0,15809221.666666664,15797570.0,1
2018-12-26,12.928102303224595,13.652634620666506,12.762245026224752,13.652634620666506,17290200,0,13.450114440917966,13.724214553833008,14.128381633758545,14.392297395070393,14.777380577723186,21493180.0,18402270.0,17629775.0,16336690.0,16397415.0,12.840808868408205,13.59152889251709,13.574070930480955,13.59152889251709,13.556612014770508,13.43090991973877,13.62819232940674,13.732943916320801,13.88308792114258,13.998314666748048,13.766115283966064,13.882215213775634,13.95030393600464,14.02974042892456,14.126635837554932,14.175519800186155,14.258448219299314,14.328282642364506,14.389824151992798,14.470570135116578,14.447291978200276,14.530220317840573,14.586378892262776,14.641664473215739,14.690839513142905,14.804653358459472,14.843013318379722,14.869579903284713,14.900317891438801,14.930908632278442,21551460.0,21899960.0,18220080.0,16183600.0,15311360.0,17882240.0,18152960.0,16771990.0,16340650.0,16410450.0,17402780.0,17104850.0,16314905.0,15762450.0,15559610.0,16097690.0,16101500.0,15454043.333333336,14893550.0,14588056.666666664,16350486.666666664,16400881.666666664,16077961.666666664,15888475.0,15809221.666666664,1
2018-12-27,13.416942521742461,13.574070287937735,13.067770632965678,13.53915309906006,20730400,0,13.439639282226562,13.66136360168457,14.075132942199707,14.335265954335533,14.741748952865601,21565600.0,18874600.0,18049190.0,16594133.333333336,16532085.0,13.652634620666506,12.840808868408205,13.59152889251709,13.574070930480955,13.59152889251709,13.450114440917966,13.43090991973877,13.62819232940674,13.732943916320801,13.88308792114258,13.724214553833008,13.766115283966064,13.882215213775634,13.95030393600464,14.02974042892456,14.128381633758545,14.175519800186155,14.258448219299314,14.328282642364506,14.389824151992798,14.392297395070393,14.447291978200276,14.530220317840573,14.586378892262776,14.641664473215739,14.777380577723186,14.804653358459472,14.843013318379722,14.869579903284713,14.900317891438801,21493180.0,21551460.0,21899960.0,18220080.0,16183600.0,18402270.0,17882240.0,18152960.0,16771990.0,16340650.0,17629775.0,17402780.0,17104850.0,16314905.0,15762450.0,16336690.0,16097690.0,16101500.0,15454043.333333336,14893550.0,16397415.0,16350486.666666664,16400881.666666664,16077961.666666664,15888475.0,1
2018-12-28,13.539152838647215,13.600257709884998,13.216168639618127,13.347107887268065,17755400,1,13.394246673583984,13.563595294952393,14.006607723236087,14.280271275838215,14.704353857040406,19796160.0,19008120.0,18084560.0,16690116.666666664,16667896.666666664,13.53915309906006,13.652634620666506,12.840808868408205,13.59152889251709,13.574070930480955,13.439639282226562,13.450114440917966,13.43090991973877,13.62819232940674,13.732943916320801,13.66136360168457,13.724214553833008,13.766115283966064,13.882215213775634,13.95030393600464,14.075132942199707,14.128381633758545,14.175519800186155,14.258448219299314,14.328282642364506,14.335265954335533,14.392297395070393,14.447291978200276,14.530220317840573,14.586378892262776,14.741748952865601,14.777380577723186,14.804653358459472,14.843013318379722,14.869579903284713,21565600.0,21493180.0,21551460.0,21899960.0,18220080.0,18874600.0,18402270.0,17882240.0,18152960.0,16771990.0,18049190.0,17629775.0,17402780.0,17104850.0,16314905.0,16594133.333333336,16336690.0,16097690.0,16101500.0,15454043.333333336,16532085.0,16397415.0,16350486.666666664,16400881.666666664,16077961.666666664,0
2018-12-31,13.364566707086963,13.49550595287019,13.224897123762396,13.425671577453613,17005500,1,13.36107521057129,13.494633769989012,13.94157428741455,14.234878889719644,14.665968561172486,17375540.0,19637750.0,18161125.0,16759193.333333336,16803625.0,13.347107887268065,13.53915309906006,13.652634620666506,12.840808868408205,13.59152889251709,13.394246673583984,13.439639282226562,13.450114440917966,13.43090991973877,13.62819232940674,13.563595294952393,13.66136360168457,13.724214553833008,13.766115283966064,13.882215213775634,14.006607723236087,14.075132942199707,14.128381633758545,14.175519800186155,14.258448219299314,14.280271275838215,14.335265954335533,14.392297395070393,14.447291978200276,14.530220317840573,14.704353857040406,14.741748952865601,14.777380577723186,14.804653358459472,14.843013318379722,19796160.0,21565600.0,21493180.0,21551460.0,21899960.0,19008120.0,18874600.0,18402270.0,17882240.0,18152960.0,18084560.0,18049190.0,17629775.0,17402780.0,17104850.0,16690116.666666664,16594133.333333336,16336690.0,16097690.0,16101500.0,16667896.666666664,16532085.0,16397415.0,16350486.666666664,16400881.666666664,0
2019-01-02,13.268544413640866,13.914512831560213,13.181251856687453,13.792303085327148,15676500,0,13.551374053955078,13.491141986846927,13.886143207550047,14.195015080769856,14.63326266606649,17691600.0,19621530.0,17925185.0,16666810.0,16897016.666666668,13.425671577453613,13.347107887268065,13.53915309906006,13.652634620666506,12.840808868408205,13.36107521057129,13.394246673583984,13.439639282226562,13.450114440917966,13.43090991973877,13.494633769989012,13.563595294952393,13.66136360168457,13.724214553833008,13.766115283966064,13.94157428741455,14.006607723236087,14.075132942199707,14.128381633758545,14.175519800186155,14.234878889719644,14.280271275838215,14.335265954335533,14.392297395070393,14.447291978200276,14.665968561172486,14.704353857040406,14.741748952865601,14.777380577723186,14.804653358459472,17375540.0,19796160.0,21565600.0,21493180.0,21551460.0,19637750.0,19008120.0,18874600.0,18402270.0,17882240.0,18161125.0,18084560.0,18049190.0,17629775.0,17402780.0,16759193.333333336,16690116.666666664,16594133.333333336,16336690.0,16097690.0,16803625.0,16667896.666666664,16532085.0,16397415.0,16350486.666666664,0
2019-01-03,13.853408154234163,14.010535091967563,13.556611624916735,13.713739395141602,18259000,1,13.563595008850095,13.506854724884032,13.816745281219482,14.149331665039062,14.602265469233195,17885360.0,19689270.0,18049860.0,16936163.333333332,16931695.0,13.792303085327148,13.425671577453613,13.347107887268065,13.53915309906006,13.652634620666506,13.551374053955078,13.36107521057129,13.394246673583984,13.439639282226562,13.450114440917966,13.491141986846927,13.494633769989012,13.563595294952393,13.66136360168457,13.724214553833008,13.886143207550047,13.94157428741455,14.006607723236087,14.075132942199707,14.128381633758545,14.195015080769856,14.234878889719644,14.280271275838215,14.335265954335533,14.392297395070393,14.63326266606649,14.665968561172486,14.704353857040406,14.741748952865601,14.777380577723186,17691600.0,17375540.0,19796160.0,21565600.0,21493180.0,19621530.0,19637750.0,19008120.0,18874600.0,18402270.0,17925185.0,18161125.0,18084560.0,18049190.0,17629775.0,16666810.0,16759193.333333336,16690116.666666664,16594133.333333336,16336690.0,16897016.666666668,16803625.0,16667896.666666664,16532085.0,16397415.0,0
2019-01-04,13.940699853636206,14.237495514455107,13.923240844622017,14.176390647888185,12821300,1,13.691042518615722,13.565340900421145,13.797540664672852,14.114996401468911,14.57682336171468,16303540.0,18934570.0,17637610.0,16819823.333333332,16966721.666666668,13.713739395141602,13.792303085327148,13.425671577453613,13.347107887268065,13.53915309906006,13.563595008850095,13.551374053955078,13.36107521057129,13.394246673583984,13.439639282226562,13.506854724884032,13.491141986846927,13.494633769989012,13.563595294952393,13.66136360168457,13.816745281219482,13.886143207550047,13.94157428741455,14.006607723236087,14.075132942199707,14.149331665039062,14.195015080769856,14.234878889719644,14.280271275838215,14.335265954335533,14.602265469233195,14.63326266606649,14.665968561172486,14.704353857040406,14.741748952865601,17885360.0,17691600.0,17375540.0,19796160.0,21565600.0,19689270.0,19621530.0,19637750.0,19008120.0,18874600.0,18049860.0,17925185.0,18161125.0,18084560.0,18049190.0,16936163.333333332,16666810.0,16759193.333333336,16690116.666666664,16594133.333333336,16931695.0,16897016.666666668,16803625.0,16667896.666666664,16532085.0,0
2019-01-07,14.22876766967443,14.516834692079424,14.150203784929163,14.481918334960938,13515900,1,13.918004608154295,13.65612564086914,13.80321478843689,14.104230308532715,14.55129941304525,15455640.0,17625900.0,17198945.0,16751903.333333336,16924498.333333332,14.176390647888185,13.713739395141602,13.792303085327148,13.425671577453613,13.347107887268065,13.691042518615722,13.563595008850095,13.551374053955078,13.36107521057129,13.394246673583984,13.565340900421145,13.506854724884032,13.491141986846927,13.494633769989012,13.563595294952393,13.797540664672852,13.816745281219482,13.886143207550047,13.94157428741455,14.006607723236087,14.114996401468911,14.149331665039062,14.195015080769856,14.234878889719644,14.280271275838215,14.57682336171468,14.602265469233195,14.63326266606649,14.665968561172486,14.704353857040406,16303540.0,17885360.0,17691600.0,17375540.0,19796160.0,18934570.0,19689270.0,19621530.0,19637750.0,19008120.0,17637610.0,18049860.0,17925185.0,18161125.0,18084560.0,16819823.333333332,16936163.333333332,16666810.0,16759193.333333336,16690116.666666664,16966721.666666668,16931695.0,16897016.666666668,16803625.0,16667896.666666664,0
2019-01-08,14.621586135155127,14.988217018277734,14.543022255558656,14.962028503417967,20422300,1,14.225275993347168,13.793175601959225,13.837695407867432,14.10335734685262,14.541969394683838,16139000.0,16757270.0,17455115.0,16988990.0,16830980.0,14.481918334960938,14.176390647888185,13.713739395141602,13.792303085327148,13.425671577453613,13.918004608154295,13.691042518615722,13.563595008850095,13.551374053955078,13.36107521057129,13.65612564086914,13.565340900421145,13.506854724884032,13.491141986846927,13.494633769989012,13.80321478843689,13.797540664672852,13.816745281219482,13.886143207550047,13.94157428741455,14.104230308532715,14.114996401468911,14.149331665039062,14.195015080769856,14.234878889719644,14.55129941304525,14.57682336171468,14.602265469233195,14.63326266606649,14.665968561172486,15455640.0,16303540.0,17885360.0,17691600.0,17375540.0,17625900.0,18934570.0,19689270.0,19621530.0,19637750.0,17198945.0,17637610.0,18049860.0,17925185.0,18161125.0,16751903.333333336,16819823.333333332,16936163.333333332,16666810.0,16759193.333333336,16924498.333333332,16966721.666666668,16931695.0,16897016.666666668,16803625.0,0
2019-01-09,15.101696443290795,15.162802974688425,14.883463826104613,15.066780090332033,20096900,1,14.480171394348144,14.015772724151613,13.890944004058838,14.122270774841306,14.54272101720174,17023080.0,17357340.0,17619790.0,17387633.333333332,16737251.666666664,14.962028503417967,14.481918334960938,14.176390647888185,13.713739395141602,13.792303085327148,14.225275993347168,13.918004608154295,13.691042518615722,13.563595008850095,13.551374053955078,13.793175601959225,13.65612564086914,13.565340900421145,13.506854724884032,13.491141986846927,13.837695407867432,13.80321478843689,13.797540664672852,13.816745281219482,13.886143207550047,14.10335734685262,14.104230308532715,14.114996401468911,14.149331665039062,14.195015080769856,14.541969394683838,14.55129941304525,14.57682336171468,14.602265469233195,14.63326266606649,16139000.0,15455640.0,16303540.0,17885360.0,17691600.0,16757270.0,17625900.0,18934570.0,19689270.0,19621530.0,17455115.0,17198945.0,17637610.0,18049860.0,17925185.0,16988990.0,16751903.333333336,16819823.333333332,16936163.333333332,16666810.0,16830980.0,16924498.333333332,16966721.666666668,16931695.0,16897016.666666668,0
2019-01-10,14.99694879325619,15.162806082507515,14.857280022828677,15.15407657623291,16987600,0,14.768238830566409,14.165916919708252,13.94506573677063,14.140893395741779,14.54363409678141,16768800.0,17327080.0,17864675.0,17528876.666666668,16692550.0,15.066780090332033,14.962028503417967,14.481918334960938,14.176390647888185,13.713739395141602,14.480171394348144,14.225275993347168,13.918004608154295,13.691042518615722,13.563595008850095,14.015772724151613,13.793175601959225,13.65612564086914,13.565340900421145,13.506854724884032,13.890944004058838,13.837695407867432,13.80321478843689,13.797540664672852,13.816745281219482,14.122270774841306,14.10335734685262,14.104230308532715,14.114996401468911,14.149331665039062,14.54272101720174,14.541969394683838,14.55129941304525,14.57682336171468,14.602265469233195,17023080.0,16139000.0,15455640.0,16303540.0,17885360.0,17357340.0,16757270.0,17625900.0,18934570.0,19689270.0,17619790.0,17455115.0,17198945.0,17637610.0,18049860.0,17387633.333333332,16988990.0,16751903.333333336,16819823.333333332,16936163.333333332,16737251.666666664,16830980.0,16924498.333333332,16966721.666666668,16931695.0,0
2019-01-11,15.02313423863412,15.18899151233584,14.79617375670493,14.935842514038086,26792200,1,14.920129203796387,14.305585861206055,13.983474731445312,14.151950581868489,14.540478769938149,19562980.0,17933260.0,18403930.0,18010546.666666668,16921721.666666668,15.15407657623291,15.066780090332033,14.962028503417967,14.481918334960938,14.176390647888185,14.768238830566409,14.480171394348144,14.225275993347168,13.918004608154295,13.691042518615722,14.165916919708252,14.015772724151613,13.793175601959225,13.65612564086914,13.565340900421145,13.94506573677063,13.890944004058838,13.837695407867432,13.80321478843689,13.797540664672852,14.140893395741779,14.122270774841306,14.10335734685262,14.104230308532715,14.114996401468911,14.54363409678141,14.54272101720174,14.541969394683838,14.55129941304525,14.57682336171468,16768800.0,17023080.0,16139000.0,15455640.0,16303540.0,17327080.0,17357340.0,16757270.0,17625900.0,18934570.0,17864675.0,17619790.0,17455115.0,17198945.0,17637610.0,17528876.666666668,17387633.333333332,16988990.0,16751903.333333336,16819823.333333332,16692550.0,16737251.666666664,16830980.0,16924498.333333332,16966721.666666668,0
2019-01-14,14.761253762585973,15.110425609265006,14.761253762585973,15.0405912399292,17797300,1,15.031863784790039,14.474934196472168,14.019264745712281,14.162716547648113,14.533607912063598,20419260.0,17937450.0,18472785.0,18035523.33333333,17026155.0,14.935842514038086,15.15407657623291,15.066780090332033,14.962028503417967,14.481918334960938,14.920129203796387,14.768238830566409,14.480171394348144,14.225275993347168,13.918004608154295,14.305585861206055,14.165916919708252,14.015772724151613,13.793175601959225,13.65612564086914,13.983474731445312,13.94506573677063,13.890944004058838,13.837695407867432,13.80321478843689,14.151950581868489,14.140893395741779,14.122270774841306,14.10335734685262,14.104230308532715,14.540478769938149,14.54363409678141,14.54272101720174,14.541969394683838,14.55129941304525,19562980.0,16768800.0,17023080.0,16139000.0,15455640.0,17933260.0,17327080.0,17357340.0,16757270.0,17625900.0,18403930.0,17864675.0,17619790.0,17455115.0,17198945.0,18010546.666666668,17528876.666666668,17387633.333333332,16988990.0,16751903.333333336,16921721.666666668,16692550.0,16737251.666666664,16830980.0,16924498.333333332,0
2019-01-15,15.031863449594624,15.197720720046963,14.988217588151695,15.11915683746338,16187000,1,15.063289451599124,14.644282722473145,14.069458246231079,14.175810432434082,14.527615292867026,19572200.0,17855600.0,18746675.0,18059283.33333333,17037870.0,15.0405912399292,14.935842514038086,15.15407657623291,15.066780090332033,14.962028503417967,15.031863784790039,14.920129203796387,14.768238830566409,14.480171394348144,14.225275993347168,14.474934196472168,14.305585861206055,14.165916919708252,14.015772724151613,13.793175601959225,14.019264745712281,13.983474731445312,13.94506573677063,13.890944004058838,13.837695407867432,14.162716547648113,14.151950581868489,14.140893395741779,14.122270774841306,14.10335734685262,14.533607912063598,14.540478769938149,14.54363409678141,14.54272101720174,14.541969394683838,20419260.0,19562980.0,16768800.0,17023080.0,16139000.0,17937450.0,17933260.0,17327080.0,17357340.0,16757270.0,18472785.0,18403930.0,17864675.0,17619790.0,17455115.0,18035523.33333333,18010546.666666668,17528876.666666668,17387633.333333332,16988990.0,17026155.0,16921721.666666668,16692550.0,16737251.666666664,16830980.0,0
2019-01-16,15.13661608062088,15.372307731993251,15.092970218507292,15.250096321105955,18946700,1,15.099952697753904,14.790062046051025,14.140602016448975,14.187449487050376,14.52394871711731,19342160.0,18182620.0,18902075.0,18010996.666666668,16995196.666666668,15.11915683746338,15.0405912399292,14.935842514038086,15.15407657623291,15.066780090332033,15.063289451599124,15.031863784790039,14.920129203796387,14.768238830566409,14.480171394348144,14.644282722473145,14.474934196472168,14.305585861206055,14.165916919708252,14.015772724151613,14.069458246231079,14.019264745712281,13.983474731445312,13.94506573677063,13.890944004058838,14.175810432434082,14.162716547648113,14.151950581868489,14.140893395741779,14.122270774841306,14.527615292867026,14.533607912063598,14.540478769938149,14.54363409678141,14.54272101720174,19572200.0,20419260.0,19562980.0,16768800.0,17023080.0,17855600.0,17937450.0,17933260.0,17327080.0,17357340.0,18746675.0,18472785.0,18403930.0,17864675.0,17619790.0,18059283.33333333,18035523.33333333,18010546.666666668,17528876.666666668,17387633.333333332,17037870.0,17026155.0,16921721.666666668,16692550.0,16737251.666666664,0
2019-01-17,14.935843823647067,15.704022056335068,14.77871604162421,15.46833038330078,23621900,1,15.162803459167481,14.965521144866946,14.236187934875488,14.19967056910197,14.52334451675415,20669020.0,18718910.0,19204090.0,18272876.666666668,17062651.666666668,15.250096321105955,15.11915683746338,15.0405912399292,14.935842514038086,15.15407657623291,15.099952697753904,15.063289451599124,15.031863784790039,14.920129203796387,14.768238830566409,14.790062046051025,14.644282722473145,14.474934196472168,14.305585861206055,14.165916919708252,14.140602016448975,14.069458246231079,14.019264745712281,13.983474731445312,13.94506573677063,14.187449487050376,14.175810432434082,14.162716547648113,14.151950581868489,14.140893395741779,14.52394871711731,14.527615292867026,14.533607912063598,14.540478769938149,14.54363409678141,19342160.0,19572200.0,20419260.0,19562980.0,16768800.0,18182620.0,17855600.0,17937450.0,17933260.0,17327080.0,18902075.0,18746675.0,18472785.0,18403930.0,17864675.0,18010996.666666668,18059283.33333333,18035523.33333333,18010546.666666668,17528876.666666668,16995196.666666668,17037870.0,17026155.0,16921721.666666668,16692550.0,0
2019-01-18,15.60799656513622,15.756394816333618,15.433411464598727,15.721478462219238,17833900,0,15.31993064880371,15.120029926300047,14.342685413360595,14.238370418548586,14.534720357259117,18877360.0,19220170.0,19077370.0,18165130.0,17061508.333333332,15.46833038330078,15.250096321105955,15.11915683746338,15.0405912399292,14.935842514038086,15.162803459167481,15.099952697753904,15.063289451599124,15.031863784790039,14.920129203796387,14.965521144866946,14.790062046051025,14.644282722473145,14.474934196472168,14.305585861206055,14.236187934875488,14.140602016448975,14.069458246231079,14.019264745712281,13.983474731445312,14.19967056910197,14.187449487050376,14.175810432434082,14.162716547648113,14.151950581868489,14.52334451675415,14.52394871711731,14.527615292867026,14.533607912063598,14.540478769938149,20669020.0,19342160.0,19572200.0,20419260.0,19562980.0,18718910.0,18182620.0,17855600.0,17937450.0,17933260.0,19204090.0,18902075.0,18746675.0,18472785.0,18403930.0,18272876.666666668,18010996.666666668,18059283.33333333,18035523.33333333,18010546.666666668,17062651.666666668,16995196.666666668,17037870.0,17026155.0,16921721.666666668,0
2019-01-22,15.616728862889607,15.642917381896186,15.328661813749651,15.389766693115234,24361700,0,15.389765739440918,15.210814762115481,14.433470201492307,14.272414779663086,14.546316464742027,20190240.0,20304750.0,18965325.0,18234213.33333333,17058095.0,15.721478462219238,15.46833038330078,15.250096321105955,15.11915683746338,15.0405912399292,15.31993064880371,15.162803459167481,15.099952697753904,15.063289451599124,15.031863784790039,15.120029926300047,14.965521144866946,14.790062046051025,14.644282722473145,14.474934196472168,14.342685413360595,14.236187934875488,14.140602016448975,14.069458246231079,14.019264745712281,14.238370418548586,14.19967056910197,14.187449487050376,14.175810432434082,14.162716547648113,14.534720357259117,14.52334451675415,14.52394871711731,14.527615292867026,14.533607912063598,18877360.0,20669020.0,19342160.0,19572200.0,20419260.0,19220170.0,18718910.0,18182620.0,17855600.0,17937450.0,19077370.0,19204090.0,18902075.0,18746675.0,18472785.0,18165130.0,18272876.666666668,18010996.666666668,18059283.33333333,18035523.33333333,17061508.333333332,17062651.666666668,16995196.666666668,17037870.0,17026155.0,0
2019-01-23,15.46832838284648,15.50324640321712,14.883464861501059,15.049322128295898,21019300,1,15.375798797607422,15.219544124603269,14.50635986328125,14.298311646779377,14.559855715433756,21156700.0,20364450.0,18560860.0,18424893.33333333,17070033.333333332,15.389766693115234,15.721478462219238,15.46833038330078,15.250096321105955,15.11915683746338,15.389765739440918,15.31993064880371,15.162803459167481,15.099952697753904,15.063289451599124,15.210814762115481,15.120029926300047,14.965521144866946,14.790062046051025,14.644282722473145,14.433470201492307,14.342685413360595,14.236187934875488,14.140602016448975,14.069458246231079,14.272414779663086,14.238370418548586,14.19967056910197,14.187449487050376,14.175810432434082,14.546316464742027,14.534720357259117,14.52334451675415,14.52394871711731,14.527615292867026,20190240.0,18877360.0,20669020.0,19342160.0,19572200.0,20304750.0,19220170.0,18718910.0,18182620.0,17855600.0,18965325.0,19077370.0,19204090.0,18902075.0,18746675.0,18234213.33333333,18165130.0,18272876.666666668,18010996.666666668,18059283.33333333,17058095.0,17061508.333333332,17062651.666666668,16995196.666666668,17037870.0,0
2019-01-24,15.023133658851686,15.319930172976214,15.01440581871525,15.258825302124025,14817900,1,15.377544593811034,15.23874864578247,14.62726068496704,14.340212217966714,14.57588062286377,20330940.0,19836550.0,18596945.0,18358710.0,16947170.0,15.049322128295898,15.389766693115234,15.721478462219238,15.46833038330078,15.250096321105955,15.375798797607422,15.389765739440918,15.31993064880371,15.162803459167481,15.099952697753904,15.219544124603269,15.210814762115481,15.120029926300047,14.965521144866946,14.790062046051025,14.50635986328125,14.433470201492307,14.342685413360595,14.236187934875488,14.140602016448975,14.298311646779377,14.272414779663086,14.238370418548586,14.19967056910197,14.187449487050376,14.559855715433756,14.546316464742027,14.534720357259117,14.52334451675415,14.52394871711731,21156700.0,20190240.0,18877360.0,20669020.0,19342160.0,20364450.0,20304750.0,19220170.0,18718910.0,18182620.0,18560860.0,18965325.0,19077370.0,19204090.0,18902075.0,18424893.33333333,18234213.33333333,18165130.0,18272876.666666668,18010996.666666668,17070033.333333332,17058095.0,17061508.333333332,17062651.666666668,16995196.666666668,0
2019-01-25,15.363577650341867,15.625456143167105,15.337389135066195,15.485787391662598,15189900,1,15.381035995483398,15.27191972732544,14.718918323516846,14.387350400288902,14.595544513066608,18644540.0,19656780.0,18491930.0,18462043.33333333,16698253.333333336,15.258825302124025,15.049322128295898,15.389766693115234,15.721478462219238,15.46833038330078,15.377544593811034,15.375798797607422,15.389765739440918,15.31993064880371,15.162803459167481,15.23874864578247,15.219544124603269,15.210814762115481,15.120029926300047,14.965521144866946,14.62726068496704,14.50635986328125,14.433470201492307,14.342685413360595,14.236187934875488,14.340212217966714,14.298311646779377,14.272414779663086,14.238370418548586,14.19967056910197,14.57588062286377,14.559855715433756,14.546316464742027,14.534720357259117,14.52334451675415,20330940.0,21156700.0,20190240.0,18877360.0,20669020.0,19836550.0,20364450.0,20304750.0,19220170.0,18718910.0,18596945.0,18560860.0,18965325.0,19077370.0,19204090.0,18358710.0,18424893.33333333,18234213.33333333,18165130.0,18272876.666666668,16947170.0,17070033.333333332,17058095.0,17061508.333333332,17062651.666666668,0
2019-01-28,15.363576007296007,15.642913480431496,15.311200647328773,15.616724967956545,13721000,1,15.36008529663086,15.340007972717284,14.82279691696167,14.435652478535971,14.61925908724467,17821960.0,18349660.0,18141460.0,18385840.0,16625406.666666664,15.485787391662598,15.258825302124025,15.049322128295898,15.389766693115234,15.721478462219238,15.381035995483398,15.377544593811034,15.375798797607422,15.389765739440918,15.31993064880371,15.27191972732544,15.23874864578247,15.219544124603269,15.210814762115481,15.120029926300047,14.718918323516846,14.62726068496704,14.50635986328125,14.433470201492307,14.342685413360595,14.387350400288902,14.340212217966714,14.298311646779377,14.272414779663086,14.238370418548586,14.595544513066608,14.57588062286377,14.559855715433756,14.546316464742027,14.534720357259117,18644540.0,20330940.0,21156700.0,20190240.0,18877360.0,19656780.0,19836550.0,20364450.0,20304750.0,19220170.0,18491930.0,18596945.0,18560860.0,18965325.0,19077370.0,18462043.33333333,18358710.0,18424893.33333333,18234213.33333333,18165130.0,16698253.333333336,16947170.0,17070033.333333332,17058095.0,17061508.333333332,0
2019-01-29,15.686563812775988,15.808775240885721,15.53816552970093,15.75639820098877,15680000,1,15.433411598205565,15.411588668823242,14.943261432647706,14.4833727200826,14.638027127583824,16085620.0,18137930.0,18037690.0,18361166.666666668,16538021.666666664,15.616724967956545,15.485787391662598,15.258825302124025,15.049322128295898,15.389766693115234,15.36008529663086,15.381035995483398,15.377544593811034,15.375798797607422,15.389765739440918,15.340007972717284,15.27191972732544,15.23874864578247,15.219544124603269,15.210814762115481,14.82279691696167,14.718918323516846,14.62726068496704,14.50635986328125,14.433470201492307,14.435652478535971,14.387350400288902,14.340212217966714,14.298311646779377,14.272414779663086,14.61925908724467,14.595544513066608,14.57588062286377,14.559855715433756,14.546316464742027,17821960.0,18644540.0,20330940.0,21156700.0,20190240.0,18349660.0,19656780.0,19836550.0,20364450.0,20304750.0,18141460.0,18491930.0,18596945.0,18560860.0,18965325.0,18385840.0,18462043.33333333,18358710.0,18424893.33333333,18234213.33333333,16625406.666666664,16698253.333333336,16947170.0,17070033.333333332,17058095.0,0
2019-01-30,15.844669317761682,16.056519838545896,15.83584200227422,15.96824836730957,14595600,1,15.617196846008301,15.496497821807859,15.070390272140505,14.545138104756672,14.656543270746868,14800880.0,17978790.0,17917195.0,18490713.33333333,16448986.666666664,15.75639820098877,15.616724967956545,15.485787391662598,15.258825302124025,15.049322128295898,15.433411598205565,15.36008529663086,15.381035995483398,15.377544593811034,15.375798797607422,15.411588668823242,15.340007972717284,15.27191972732544,15.23874864578247,15.219544124603269,14.943261432647706,14.82279691696167,14.718918323516846,14.62726068496704,14.50635986328125,14.4833727200826,14.435652478535971,14.387350400288902,14.340212217966714,14.298311646779377,14.638027127583824,14.61925908724467,14.595544513066608,14.57588062286377,14.559855715433756,16085620.0,17821960.0,18644540.0,20330940.0,21156700.0,18137930.0,18349660.0,19656780.0,19836550.0,20364450.0,18037690.0,18141460.0,18491930.0,18596945.0,18560860.0,18361166.666666668,18385840.0,18462043.33333333,18358710.0,18424893.33333333,16538021.666666664,16625406.666666664,16698253.333333336,16947170.0,17070033.333333332,1
2019-01-31,16.012379331732184,16.030033958374727,15.835838116220346,15.977071762084961,13933200,1,15.760846138000488,15.56919536590576,15.179628705978393,14.616799799601235,14.673169660568238,14623940.0,17477440.0,17830030.0,18427196.666666668,16461458.333333336,15.96824836730957,15.75639820098877,15.616724967956545,15.485787391662598,15.258825302124025,15.617196846008301,15.433411598205565,15.36008529663086,15.381035995483398,15.377544593811034,15.496497821807859,15.411588668823242,15.340007972717284,15.27191972732544,15.23874864578247,15.070390272140505,14.943261432647706,14.82279691696167,14.718918323516846,14.62726068496704,14.545138104756672,14.4833727200826,14.435652478535971,14.387350400288902,14.340212217966714,14.656543270746868,14.638027127583824,14.61925908724467,14.595544513066608,14.57588062286377,14800880.0,16085620.0,17821960.0,18644540.0,20330940.0,17978790.0,18137930.0,18349660.0,19656780.0,19836550.0,17917195.0,18037690.0,18141460.0,18491930.0,18596945.0,18490713.33333333,18361166.666666668,18385840.0,18462043.33333333,18358710.0,16448986.666666664,16538021.666666664,16625406.666666664,16698253.333333336,16947170.0,1
2019-02-01,15.977076064703374,16.206581221948465,15.915286538452447,16.19775390625,11041400,1,15.903239440917966,15.642137718200686,15.303829431533813,14.704837862650551,14.697838687896725,13794240.0,16219390.0,17469150.0,18209190.0,16398623.333333336,15.977071762084961,15.96824836730957,15.75639820098877,15.616724967956545,15.485787391662598,15.760846138000488,15.617196846008301,15.433411598205565,15.36008529663086,15.381035995483398,15.56919536590576,15.496497821807859,15.411588668823242,15.340007972717284,15.27191972732544,15.179628705978393,15.070390272140505,14.943261432647706,14.82279691696167,14.718918323516846,14.616799799601235,14.545138104756672,14.4833727200826,14.435652478535971,14.387350400288902,14.673169660568238,14.656543270746868,14.638027127583824,14.61925908724467,14.595544513066608,14623940.0,14800880.0,16085620.0,17821960.0,18644540.0,17477440.0,17978790.0,18137930.0,18349660.0,19656780.0,17830030.0,17917195.0,18037690.0,18141460.0,18491930.0,18427196.666666668,18490713.33333333,18361166.666666668,18385840.0,18462043.33333333,16461458.333333336,16448986.666666664,16538021.666666664,16625406.666666664,16698253.333333336,1
2019-02-04,16.091827696033107,16.21540843136326,16.074173064751893,16.206581115722653,11746200,1,16.021210670471188,15.690647983551026,15.405338954925535,14.79200627009074,14.71683537165324,13399280.0,15610620.0,17415395.0,17921786.666666668,16407668.333333336,16.19775390625,15.977071762084961,15.96824836730957,15.75639820098877,15.616724967956545,15.903239440917966,15.760846138000488,15.617196846008301,15.433411598205565,15.36008529663086,15.642137718200686,15.56919536590576,15.496497821807859,15.411588668823242,15.340007972717284,15.303829431533813,15.179628705978393,15.070390272140505,14.943261432647706,14.82279691696167,14.704837862650551,14.616799799601235,14.545138104756672,14.4833727200826,14.435652478535971,14.697838687896725,14.673169660568238,14.656543270746868,14.638027127583824,14.61925908724467,13794240.0,14623940.0,14800880.0,16085620.0,17821960.0,16219390.0,17477440.0,17978790.0,18137930.0,18349660.0,17469150.0,17830030.0,17917195.0,18037690.0,18141460.0,18209190.0,18427196.666666668,18490713.33333333,18361166.666666668,18385840.0,16398623.333333336,16461458.333333336,16448986.666666664,16538021.666666664,16625406.666666664,1
2019-02-05,16.171268359151593,16.31250201160933,16.127133474122783,16.303674697875973,11186200,0,16.130665969848632,15.7820387840271,15.496426773071287,14.882993062337242,14.734685977300007,12500520.0,14293070.0,17298910.0,17407906.666666668,16430975.0,16.206581115722653,16.19775390625,15.977071762084961,15.96824836730957,15.75639820098877,16.021210670471188,15.903239440917966,15.760846138000488,15.617196846008301,15.433411598205565,15.690647983551026,15.642137718200686,15.56919536590576,15.496497821807859,15.411588668823242,15.405338954925535,15.303829431533813,15.179628705978393,15.070390272140505,14.943261432647706,14.79200627009074,14.704837862650551,14.616799799601235,14.545138104756672,14.4833727200826,14.71683537165324,14.697838687896725,14.673169660568238,14.656543270746868,14.638027127583824,13399280.0,13794240.0,14623940.0,14800880.0,16085620.0,15610620.0,16219390.0,17477440.0,17978790.0,18137930.0,17415395.0,17469150.0,17830030.0,17917195.0,18037690.0,17921786.666666668,18209190.0,18427196.666666668,18490713.33333333,18361166.666666668,16407668.333333336,16398623.333333336,16461458.333333336,16448986.666666664,16538021.666666664,1
2019-02-06,16.171270927825596,16.21540750350309,15.897630893178006,15.941765785217285,13230100,0,16.125369453430174,15.871283149719238,15.545413637161255,14.96133429209391,14.745777304967243,12227420.0,13514150.0,16939300.0,16878623.333333332,16490061.666666664,16.303674697875973,16.206581115722653,16.19775390625,15.977071762084961,15.96824836730957,16.130665969848632,16.021210670471188,15.903239440917966,15.760846138000488,15.617196846008301,15.7820387840271,15.690647983551026,15.642137718200686,15.56919536590576,15.496497821807859,15.496426773071287,15.405338954925535,15.303829431533813,15.179628705978393,15.070390272140505,14.882993062337242,14.79200627009074,14.704837862650551,14.616799799601235,14.545138104756672,14.734685977300007,14.71683537165324,14.697838687896725,14.673169660568238,14.656543270746868,12500520.0,13399280.0,13794240.0,14623940.0,14800880.0,14293070.0,15610620.0,16219390.0,17477440.0,17978790.0,17298910.0,17415395.0,17469150.0,17830030.0,17917195.0,17407906.666666668,17921786.666666668,18209190.0,18427196.666666668,18490713.33333333,16430975.0,16407668.333333336,16398623.333333336,16461458.333333336,16448986.666666664,1
2019-02-07,15.906458536069355,15.950593429018044,15.632816812145116,15.853494644165039,11599400,1,16.10065402984619,15.93075008392334,15.584749364852906,15.061757151285805,14.754524564743042,11760660.0,13192300.0,16514425.0,16795396.666666668,16446543.333333336,15.941765785217285,16.303674697875973,16.206581115722653,16.19775390625,15.977071762084961,16.125369453430174,16.130665969848632,16.021210670471188,15.903239440917966,15.760846138000488,15.871283149719238,15.7820387840271,15.690647983551026,15.642137718200686,15.56919536590576,15.545413637161255,15.496426773071287,15.405338954925535,15.303829431533813,15.179628705978393,14.96133429209391,14.882993062337242,14.79200627009074,14.704837862650551,14.616799799601235,14.745777304967243,14.734685977300007,14.71683537165324,14.697838687896725,14.673169660568238,12227420.0,12500520.0,13399280.0,13794240.0,14623940.0,13514150.0,14293070.0,15610620.0,16219390.0,17477440.0,16939300.0,17298910.0,17415395.0,17469150.0,17830030.0,16878623.333333332,17407906.666666668,17921786.666666668,18209190.0,18427196.666666668,16490061.666666664,16430975.0,16407668.333333336,16398623.333333336,16461458.333333336,1
2019-02-08,15.809358172171915,15.90645694732666,15.685779137348115,15.90645694732666,8613300,1,16.042394638061527,15.972817039489744,15.622368383407593,15.13688456217448,14.764590978622437,11275040.0,12534640.0,16095710.0,16506166.666666664,16421428.333333336,15.853494644165039,15.941765785217285,16.303674697875973,16.206581115722653,16.19775390625,16.10065402984619,16.125369453430174,16.130665969848632,16.021210670471188,15.903239440917966,15.93075008392334,15.871283149719238,15.7820387840271,15.690647983551026,15.642137718200686,15.584749364852906,15.545413637161255,15.496426773071287,15.405338954925535,15.303829431533813,15.061757151285805,14.96133429209391,14.882993062337242,14.79200627009074,14.704837862650551,14.754524564743042,14.745777304967243,14.734685977300007,14.71683537165324,14.697838687896725,11760660.0,12227420.0,12500520.0,13399280.0,13794240.0,13192300.0,13514150.0,14293070.0,15610620.0,16219390.0,16514425.0,16939300.0,17298910.0,17415395.0,17469150.0,16795396.666666668,16878623.333333332,17407906.666666668,17921786.666666668,18209190.0,16446543.333333336,16490061.666666664,16430975.0,16407668.333333336,16398623.333333336,1
2019-02-11,15.844670751217153,16.153618403037136,15.782879537214722,16.127138137817386,13701200,1,16.02650604248047,16.02385835647583,15.681933164596558,15.223150730133055,14.779208342234291,11666040.0,12532660.0,15441160.0,16271860.0,16432996.666666664,15.90645694732666,15.853494644165039,15.941765785217285,16.303674697875973,16.206581115722653,16.042394638061527,16.10065402984619,16.125369453430174,16.130665969848632,16.021210670471188,15.972817039489744,15.93075008392334,15.871283149719238,15.7820387840271,15.690647983551026,15.622368383407593,15.584749364852906,15.545413637161255,15.496426773071287,15.405338954925535,15.13688456217448,15.061757151285805,14.96133429209391,14.882993062337242,14.79200627009074,14.764590978622437,14.754524564743042,14.745777304967243,14.734685977300007,14.71683537165324,11275040.0,11760660.0,12227420.0,12500520.0,13399280.0,12534640.0,13192300.0,13514150.0,14293070.0,15610620.0,16095710.0,16514425.0,16939300.0,17298910.0,17415395.0,16506166.666666664,16795396.666666668,16878623.333333332,17407906.666666668,17921786.666666668,16421428.333333336,16446543.333333336,16490061.666666664,16430975.0,16407668.333333336,1
2019-02-12,16.277198142719392,16.383122564337246,16.197753984686834,16.312505722045902,14593900,1,16.028272247314455,16.079469108581538,15.745528888702392,15.321997324625649,14.801134300231931,12347580.0,12424050.0,15280990.0,16166476.666666664,16428296.666666664,16.127138137817386,15.90645694732666,15.853494644165039,15.941765785217285,16.303674697875973,16.02650604248047,16.042394638061527,16.10065402984619,16.125369453430174,16.130665969848632,16.02385835647583,15.972817039489744,15.93075008392334,15.871283149719238,15.7820387840271,15.681933164596558,15.622368383407593,15.584749364852906,15.545413637161255,15.496426773071287,15.223150730133055,15.13688456217448,15.061757151285805,14.96133429209391,14.882993062337242,14.779208342234291,14.764590978622437,14.754524564743042,14.745777304967243,14.734685977300007,11666040.0,11275040.0,11760660.0,12227420.0,12500520.0,12532660.0,12534640.0,13192300.0,13514150.0,14293070.0,15441160.0,16095710.0,16514425.0,16939300.0,17298910.0,16271860.0,16506166.666666664,16795396.666666668,16878623.333333332,17407906.666666668,16432996.666666664,16421428.333333336,16446543.333333336,16490061.666666664,16430975.0,1
2019-02-13,16.356642677071118,16.586147840707827,16.34781536112682,16.542011260986328,18725100,1,16.14832134246826,16.13684539794922,15.81667160987854,15.425875314076741,14.830377101898193,13446580.0,12837000.0,15407895.0,16223796.666666664,16491495.0,16.312505722045902,16.127138137817386,15.90645694732666,15.853494644165039,15.941765785217285,16.028272247314455,16.02650604248047,16.042394638061527,16.10065402984619,16.125369453430174,16.079469108581538,16.02385835647583,15.972817039489744,15.93075008392334,15.871283149719238,15.745528888702392,15.681933164596558,15.622368383407593,15.584749364852906,15.545413637161255,15.321997324625649,15.223150730133055,15.13688456217448,15.061757151285805,14.96133429209391,14.801134300231931,14.779208342234291,14.764590978622437,14.754524564743042,14.745777304967243,12347580.0,11666040.0,11275040.0,11760660.0,12227420.0,12424050.0,12532660.0,12534640.0,13192300.0,13514150.0,15280990.0,15441160.0,16095710.0,16514425.0,16939300.0,16166476.666666664,16271860.0,16506166.666666664,16795396.666666668,16878623.333333332,16428296.666666664,16432996.666666664,16421428.333333336,16446543.333333336,16490061.666666664,1
2019-02-14,16.506701761300693,16.700897638577377,16.462565186711792,16.66558837890625,13248200,0,16.310740089416505,16.205697059631348,15.887446212768555,15.521651490529376,14.858333285649616,13776340.0,12768500.0,15122970.0,16142853.333333336,16404831.666666664,16.542011260986328,16.312505722045902,16.127138137817386,15.90645694732666,15.853494644165039,16.14832134246826,16.028272247314455,16.02650604248047,16.042394638061527,16.10065402984619,16.13684539794922,16.079469108581538,16.02385835647583,15.972817039489744,15.93075008392334,15.81667160987854,15.745528888702392,15.681933164596558,15.622368383407593,15.584749364852906,15.425875314076741,15.321997324625649,15.223150730133055,15.13688456217448,15.061757151285805,14.830377101898193,14.801134300231931,14.779208342234291,14.764590978622437,14.754524564743042,13446580.0,12347580.0,11666040.0,11275040.0,11760660.0,12837000.0,12424050.0,12532660.0,12534640.0,13192300.0,15407895.0,15280990.0,15441160.0,16095710.0,16514425.0,16223796.666666664,16166476.666666664,16271860.0,16506166.666666664,16795396.666666668,16491495.0,16428296.666666664,16432996.666666664,16421428.333333336,16446543.333333336,0
2019-02-15,16.73620436738357,16.753858996325413,16.5596631288794,16.594970703125,19219700,1,16.44844284057617,16.245418739318847,15.943778228759765,15.617692534128823,14.883512099583946,15897620.0,13586330.0,14902860.0,16174876.666666664,16555520.0,16.66558837890625,16.542011260986328,16.312505722045902,16.127138137817386,15.90645694732666,16.310740089416505,16.14832134246826,16.028272247314455,16.02650604248047,16.042394638061527,16.205697059631348,16.13684539794922,16.079469108581538,16.02385835647583,15.972817039489744,15.887446212768555,15.81667160987854,15.745528888702392,15.681933164596558,15.622368383407593,15.521651490529376,15.425875314076741,15.321997324625649,15.223150730133055,15.13688456217448,14.858333285649616,14.830377101898193,14.801134300231931,14.779208342234291,14.764590978622437,13776340.0,13446580.0,12347580.0,11666040.0,11275040.0,12768500.0,12837000.0,12424050.0,12532660.0,12534640.0,15122970.0,15407895.0,15280990.0,15441160.0,16095710.0,16142853.333333336,16223796.666666664,16166476.666666664,16271860.0,16506166.666666664,16404831.666666664,16491495.0,16428296.666666664,16432996.666666664,16421428.333333336,1
2019-02-19,16.550835075096252,16.965708734868983,16.533180446943028,16.903919219970707,18435400,1,16.603799057006835,16.31515254974365,16.002900266647337,15.708610153198242,14.911803277333574,16844460.0,14255250.0,14932935.0,16362013.333333336,16590918.333333336,16.594970703125,16.66558837890625,16.542011260986328,16.312505722045902,16.127138137817386,16.44844284057617,16.310740089416505,16.14832134246826,16.028272247314455,16.02650604248047,16.245418739318847,16.205697059631348,16.13684539794922,16.079469108581538,16.02385835647583,15.943778228759765,15.887446212768555,15.81667160987854,15.745528888702392,15.681933164596558,15.617692534128823,15.521651490529376,15.425875314076741,15.321997324625649,15.223150730133055,14.883512099583946,14.858333285649616,14.830377101898193,14.801134300231931,14.779208342234291,15897620.0,13776340.0,13446580.0,12347580.0,11666040.0,13586330.0,12768500.0,12837000.0,12424050.0,12532660.0,14902860.0,15122970.0,15407895.0,15280990.0,15441160.0,16174876.666666664,16142853.333333336,16223796.666666664,16166476.666666664,16271860.0,16555520.0,16404831.666666664,16491495.0,16428296.666666664,16432996.666666664,0
2019-02-20,16.895093601377255,17.05398190342527,16.877440655090506,16.921575546264652,13786900,1,16.725613021850585,16.37694263458252,16.07949070930481,15.7899320602417,14.947081184387207,16683060.0,14515320.0,14404195.0,16371046.666666664,16561475.0,16.903919219970707,16.594970703125,16.66558837890625,16.542011260986328,16.312505722045902,16.603799057006835,16.44844284057617,16.310740089416505,16.14832134246826,16.028272247314455,16.31515254974365,16.245418739318847,16.205697059631348,16.13684539794922,16.079469108581538,16.002900266647337,15.943778228759765,15.887446212768555,15.81667160987854,15.745528888702392,15.708610153198242,15.617692534128823,15.521651490529376,15.425875314076741,15.321997324625649,14.911803277333574,14.883512099583946,14.858333285649616,14.830377101898193,14.801134300231931,16844460.0,15897620.0,13776340.0,13446580.0,12347580.0,14255250.0,13586330.0,12768500.0,12837000.0,12424050.0,14932935.0,14902860.0,15122970.0,15407895.0,15280990.0,16362013.333333336,16174876.666666664,16142853.333333336,16223796.666666664,16166476.666666664,16590918.333333336,16555520.0,16404831.666666664,16491495.0,16428296.666666664,0
2019-02-21,16.90392070579988,17.001019485539445,16.824476555765358,16.93922996520996,15212800,1,16.805056762695312,16.476689052581786,16.17398610115051,15.855838775634766,14.979598061243696,15980600.0,14713590.0,14113870.0,16197396.666666664,16593193.333333336,16.921575546264652,16.903919219970707,16.594970703125,16.66558837890625,16.542011260986328,16.725613021850585,16.603799057006835,16.44844284057617,16.310740089416505,16.14832134246826,16.37694263458252,16.31515254974365,16.245418739318847,16.205697059631348,16.13684539794922,16.07949070930481,16.002900266647337,15.943778228759765,15.887446212768555,15.81667160987854,15.7899320602417,15.708610153198242,15.617692534128823,15.521651490529376,15.425875314076741,14.947081184387207,14.911803277333574,14.883512099583946,14.858333285649616,14.830377101898193,16683060.0,16844460.0,15897620.0,13776340.0,13446580.0,14515320.0,14255250.0,13586330.0,12768500.0,12837000.0,14404195.0,14932935.0,14902860.0,15122970.0,15407895.0,16371046.666666664,16362013.333333336,16174876.666666664,16142853.333333336,16223796.666666664,16561475.0,16590918.333333336,16555520.0,16404831.666666664,16491495.0,0
2019-02-22,17.05398178100586,17.18638813721602,16.868613219039265,17.05398178100586,15291800,0,16.882735443115234,16.596737766265868,16.263743925094605,15.92207883199056,15.022174803415934,16389320.0,15082830.0,14137565.0,16037226.666666664,16712430.0,16.93922996520996,16.921575546264652,16.903919219970707,16.594970703125,16.66558837890625,16.805056762695312,16.725613021850585,16.603799057006835,16.44844284057617,16.310740089416505,16.476689052581786,16.37694263458252,16.31515254974365,16.245418739318847,16.205697059631348,16.17398610115051,16.07949070930481,16.002900266647337,15.943778228759765,15.887446212768555,15.855838775634766,15.7899320602417,15.708610153198242,15.617692534128823,15.521651490529376,14.979598061243696,14.947081184387207,14.911803277333574,14.883512099583946,14.858333285649616,15980600.0,16683060.0,16844460.0,15897620.0,13776340.0,14713590.0,14515320.0,14255250.0,13586330.0,12768500.0,14113870.0,14404195.0,14932935.0,14902860.0,15122970.0,16197396.666666664,16371046.666666664,16362013.333333336,16174876.666666664,16142853.333333336,16593193.333333336,16561475.0,16590918.333333336,16555520.0,16404831.666666664,0
2019-02-25,17.027501730690386,17.15108077353094,16.939230264245044,17.036327362060547,14741500,0,16.971006774902342,16.709724807739256,16.341270923614502,15.984820524851479,15.062856960296633,15493680.0,15695650.0,14115145.0,15962356.666666664,16745616.666666664,17.05398178100586,16.93922996520996,16.921575546264652,16.903919219970707,16.594970703125,16.882735443115234,16.805056762695312,16.725613021850585,16.603799057006835,16.44844284057617,16.596737766265868,16.476689052581786,16.37694263458252,16.31515254974365,16.245418739318847,16.263743925094605,16.17398610115051,16.07949070930481,16.002900266647337,15.943778228759765,15.92207883199056,15.855838775634766,15.7899320602417,15.708610153198242,15.617692534128823,15.022174803415934,14.979598061243696,14.947081184387207,14.911803277333574,14.883512099583946,16389320.0,15980600.0,16683060.0,16844460.0,15897620.0,15082830.0,14713590.0,14515320.0,14255250.0,13586330.0,14137565.0,14113870.0,14404195.0,14932935.0,14902860.0,16037226.666666664,16197396.666666664,16371046.666666664,16362013.333333336,16174876.666666664,16712430.0,16593193.333333336,16561475.0,16590918.333333336,16555520.0,0
2019-02-26,17.036326519214267,17.159907239579045,16.939229426202495,16.965709686279293,16229900,1,16.983364868164063,16.79358196258545,16.40872015953064,16.05248276392619,15.102216672897338,15052580.0,15948520.0,14240590.0,15610280.0,16810413.333333332,17.036327362060547,17.05398178100586,16.93922996520996,16.921575546264652,16.903919219970707,16.971006774902342,16.882735443115234,16.805056762695312,16.725613021850585,16.603799057006835,16.709724807739256,16.596737766265868,16.476689052581786,16.37694263458252,16.31515254974365,16.341270923614502,16.263743925094605,16.17398610115051,16.07949070930481,16.002900266647337,15.984820524851479,15.92207883199056,15.855838775634766,15.7899320602417,15.708610153198242,15.062856960296633,15.022174803415934,14.979598061243696,14.947081184387207,14.911803277333574,15493680.0,16389320.0,15980600.0,16683060.0,16844460.0,15695650.0,15082830.0,14713590.0,14515320.0,14255250.0,14115145.0,14137565.0,14113870.0,14404195.0,14932935.0,15962356.666666664,16037226.666666664,16197396.666666664,16371046.666666664,16362013.333333336,16745616.666666664,16712430.0,16593193.333333336,16561475.0,16590918.333333336,0
2019-02-27,17.045157022843615,17.08046628773633,16.74503500580924,17.0186767578125,9682100,0,17.00278511047363,16.864199066162108,16.471834087371825,16.11841894785563,15.140567747751872,14231620.0,15457340.0,13940695.0,15339773.333333336,16687648.333333336,16.965709686279293,17.036327362060547,17.05398178100586,16.93922996520996,16.921575546264652,16.983364868164063,16.971006774902342,16.882735443115234,16.805056762695312,16.725613021850585,16.79358196258545,16.709724807739256,16.596737766265868,16.476689052581786,16.37694263458252,16.40872015953064,16.341270923614502,16.263743925094605,16.17398610115051,16.07949070930481,16.05248276392619,15.984820524851479,15.92207883199056,15.855838775634766,15.7899320602417,15.102216672897338,15.062856960296633,15.022174803415934,14.979598061243696,14.947081184387207,15052580.0,15493680.0,16389320.0,15980600.0,16683060.0,15948520.0,15695650.0,15082830.0,14713590.0,14515320.0,14240590.0,14115145.0,14137565.0,14113870.0,14404195.0,15610280.0,15962356.666666664,16037226.666666664,16197396.666666664,16371046.666666664,16810413.333333332,16745616.666666664,16712430.0,16593193.333333336,16561475.0,0
2019-02-28,17.03632545847559,17.053980086519626,16.88626448737731,16.91274642944336,11822500,1,16.99748840332031,16.901272583007813,16.519058990478516,16.178205267588297,15.177007850011188,13553560.0,14767080.0,13802040.0,15194290.0,16626786.666666664,17.0186767578125,16.965709686279293,17.036327362060547,17.05398178100586,16.93922996520996,17.00278511047363,16.983364868164063,16.971006774902342,16.882735443115234,16.805056762695312,16.864199066162108,16.79358196258545,16.709724807739256,16.596737766265868,16.476689052581786,16.471834087371825,16.40872015953064,16.341270923614502,16.263743925094605,16.17398610115051,16.11841894785563,16.05248276392619,15.984820524851479,15.92207883199056,15.855838775634766,15.140567747751872,15.102216672897338,15.062856960296633,15.022174803415934,14.979598061243696,14231620.0,15052580.0,15493680.0,16389320.0,15980600.0,15457340.0,15948520.0,15695650.0,15082830.0,14713590.0,13940695.0,14240590.0,14115145.0,14137565.0,14113870.0,15339773.333333336,15610280.0,15962356.666666664,16037226.666666664,16197396.666666664,16687648.333333336,16810413.333333332,16745616.666666664,16712430.0,16593193.333333336,0
2019-03-01,16.948057540272767,17.424720764160153,16.939230225284714,17.424720764160153,19780200,1,17.071636199951172,16.977185821533205,16.591441440582276,16.250692749023436,15.219071118036904,14451240.0,15420280.0,14094390.0,15222073.333333336,16616535.0,16.91274642944336,17.0186767578125,16.965709686279293,17.036327362060547,17.05398178100586,16.99748840332031,17.00278511047363,16.983364868164063,16.971006774902342,16.882735443115234,16.901272583007813,16.864199066162108,16.79358196258545,16.709724807739256,16.596737766265868,16.519058990478516,16.471834087371825,16.40872015953064,16.341270923614502,16.263743925094605,16.178205267588297,16.11841894785563,16.05248276392619,15.984820524851479,15.92207883199056,15.177007850011188,15.140567747751872,15.102216672897338,15.062856960296633,15.022174803415934,13553560.0,14231620.0,15052580.0,15493680.0,16389320.0,14767080.0,15457340.0,15948520.0,15695650.0,15082830.0,13802040.0,13940695.0,14240590.0,14115145.0,14137565.0,15194290.0,15339773.333333336,15610280.0,15962356.666666664,16037226.666666664,16626786.666666664,16687648.333333336,16810413.333333332,16745616.666666664,16712430.0,0
2019-03-04,17.495336218138906,17.530645475301355,17.230523523972714,17.521818161010742,17989400,1,17.16873435974121,17.06987056732178,16.65764465332031,16.31914234161377,15.259406455357865,15100820.0,15297250.0,14441790.0,15034323.333333336,16653600.0,17.424720764160153,16.91274642944336,17.0186767578125,16.965709686279293,17.036327362060547,17.071636199951172,16.99748840332031,17.00278511047363,16.983364868164063,16.971006774902342,16.977185821533205,16.901272583007813,16.864199066162108,16.79358196258545,16.709724807739256,16.591441440582276,16.519058990478516,16.471834087371825,16.40872015953064,16.341270923614502,16.250692749023436,16.178205267588297,16.11841894785563,16.05248276392619,15.984820524851479,15.219071118036904,15.177007850011188,15.140567747751872,15.102216672897338,15.062856960296633,14451240.0,13553560.0,14231620.0,15052580.0,15493680.0,15420280.0,14767080.0,15457340.0,15948520.0,15695650.0,14094390.0,13802040.0,13940695.0,14240590.0,14115145.0,15222073.333333336,15194290.0,15339773.333333336,15610280.0,15962356.666666664,16616535.0,16626786.666666664,16687648.333333336,16810413.333333332,16745616.666666664,0
2019-03-05,17.565957051555117,17.654228530937488,17.380588460126724,17.62774658203125,14184800,1,17.301141738891598,17.14225330352783,16.72870292663574,16.38268461227417,15.310527515411374,14691800.0,14872190.0,14563720.0,14912686.666666664,16538908.333333336,17.521818161010742,17.424720764160153,16.91274642944336,17.0186767578125,16.965709686279293,17.16873435974121,17.071636199951172,16.99748840332031,17.00278511047363,16.983364868164063,17.06987056732178,16.977185821533205,16.901272583007813,16.864199066162108,16.79358196258545,16.65764465332031,16.591441440582276,16.519058990478516,16.471834087371825,16.40872015953064,16.31914234161377,16.250692749023436,16.178205267588297,16.11841894785563,16.05248276392619,15.259406455357865,15.219071118036904,15.177007850011188,15.140567747751872,15.102216672897338,15100820.0,14451240.0,13553560.0,14231620.0,15052580.0,15297250.0,15420280.0,14767080.0,15457340.0,15948520.0,14441790.0,14094390.0,13802040.0,13940695.0,14240590.0,15034323.333333336,15222073.333333336,15194290.0,15339773.333333336,15610280.0,16653600.0,16616535.0,16626786.666666664,16687648.333333336,16810413.333333332,0
2019-03-06,17.61009141079813,17.663053618288732,17.495337996990568,17.654226303100586,15263000,0,17.428251647949214,17.215518379211424,16.796230506896972,16.458166599273678,15.365290689468384,15807980.0,15019800.0,14767560.0,14609396.666666664,16421805.0,17.62774658203125,17.521818161010742,17.424720764160153,16.91274642944336,17.0186767578125,17.301141738891598,17.16873435974121,17.071636199951172,16.99748840332031,17.00278511047363,17.14225330352783,17.06987056732178,16.977185821533205,16.901272583007813,16.864199066162108,16.72870292663574,16.65764465332031,16.591441440582276,16.519058990478516,16.471834087371825,16.38268461227417,16.31914234161377,16.250692749023436,16.178205267588297,16.11841894785563,15.310527515411374,15.259406455357865,15.219071118036904,15.177007850011188,15.140567747751872,14691800.0,15100820.0,14451240.0,13553560.0,14231620.0,14872190.0,15297250.0,15420280.0,14767080.0,15457340.0,14563720.0,14441790.0,14094390.0,13802040.0,13940695.0,14912686.666666664,15034323.333333336,15222073.333333336,15194290.0,15339773.333333336,16538908.333333336,16653600.0,16616535.0,16626786.666666664,16687648.333333336,0
2019-03-07,17.636571905877894,17.654226536487556,17.460030650695966,17.512992858886722,17013100,0,17.54830093383789,17.272894668579102,16.874791860580444,16.540288956960044,15.419300301869711,16846100.0,15199830.0,14956710.0,14475856.666666664,16450375.0,17.654226303100586,17.62774658203125,17.521818161010742,17.424720764160153,16.91274642944336,17.428251647949214,17.301141738891598,17.16873435974121,17.071636199951172,16.99748840332031,17.215518379211424,17.14225330352783,17.06987056732178,16.977185821533205,16.901272583007813,16.796230506896972,16.72870292663574,16.65764465332031,16.591441440582276,16.519058990478516,16.458166599273678,16.38268461227417,16.31914234161377,16.250692749023436,16.178205267588297,15.365290689468384,15.310527515411374,15.259406455357865,15.219071118036904,15.177007850011188,15807980.0,14691800.0,15100820.0,14451240.0,13553560.0,15019800.0,14872190.0,15297250.0,15420280.0,14767080.0,14767560.0,14563720.0,14441790.0,14094390.0,13802040.0,14609396.666666664,14912686.666666664,15034323.333333336,15222073.333333336,15194290.0,16421805.0,16538908.333333336,16653600.0,16616535.0,16626786.666666664,1
2019-03-08,17.424718961413653,17.451200903638,17.186386532308536,17.415891647338867,17677400,1,17.546535110473634,17.309085655212403,16.952911710739137,16.612191168467202,15.47620169321696,16425540.0,15438390.0,15260610.0,14571173.333333336,16464941.666666664,17.512992858886722,17.654226303100586,17.62774658203125,17.521818161010742,17.424720764160153,17.54830093383789,17.428251647949214,17.301141738891598,17.16873435974121,17.071636199951172,17.272894668579102,17.215518379211424,17.14225330352783,17.06987056732178,16.977185821533205,16.874791860580444,16.796230506896972,16.72870292663574,16.65764465332031,16.591441440582276,16.540288956960044,16.458166599273678,16.38268461227417,16.31914234161377,16.250692749023436,15.419300301869711,15.365290689468384,15.310527515411374,15.259406455357865,15.219071118036904,16846100.0,15807980.0,14691800.0,15100820.0,14451240.0,15199830.0,15019800.0,14872190.0,15297250.0,15420280.0,14956710.0,14767560.0,14563720.0,14441790.0,14094390.0,14475856.666666664,14609396.666666664,14912686.666666664,15034323.333333336,15222073.333333336,16450375.0,16421805.0,16538908.333333336,16653600.0,16616535.0,1
2019-03-11,17.548299578627397,17.67188030321563,17.495337373025674,17.565954208374027,12887000,0,17.55536231994629,17.36204833984375,17.035886573791505,16.681530062357584,15.53444023132324,15405060.0,15252940.0,15474295.0,14494410.0,16478226.666666664,17.415891647338867,17.512992858886722,17.654226303100586,17.62774658203125,17.521818161010742,17.546535110473634,17.54830093383789,17.428251647949214,17.301141738891598,17.16873435974121,17.309085655212403,17.272894668579102,17.215518379211424,17.14225330352783,17.06987056732178,16.952911710739137,16.874791860580444,16.796230506896972,16.72870292663574,16.65764465332031,16.612191168467202,16.540288956960044,16.458166599273678,16.38268461227417,16.31914234161377,15.47620169321696,15.419300301869711,15.365290689468384,15.310527515411374,15.259406455357865,16425540.0,16846100.0,15807980.0,14691800.0,15100820.0,15438390.0,15199830.0,15019800.0,14872190.0,15297250.0,15260610.0,14956710.0,14767560.0,14563720.0,14441790.0,14571173.333333336,14475856.666666664,14609396.666666664,14912686.666666664,15034323.333333336,16464941.666666664,16450375.0,16421805.0,16538908.333333336,16653600.0,0
2019-03-12,17.548300224590314,17.654226323331113,17.442375809487732,17.530647277832028,18940600,1,17.535942459106444,17.418542098999026,17.106062030792238,16.745327472686768,15.59048997561137,16356220.0,15524010.0,15736265.0,14668396.666666664,16527118.333333336,17.565954208374027,17.415891647338867,17.512992858886722,17.654226303100586,17.62774658203125,17.55536231994629,17.546535110473634,17.54830093383789,17.428251647949214,17.301141738891598,17.36204833984375,17.309085655212403,17.272894668579102,17.215518379211424,17.14225330352783,17.035886573791505,16.952911710739137,16.874791860580444,16.796230506896972,16.72870292663574,16.681530062357584,16.612191168467202,16.540288956960044,16.458166599273678,16.38268461227417,15.53444023132324,15.47620169321696,15.419300301869711,15.365290689468384,15.310527515411374,15405060.0,16425540.0,16846100.0,15807980.0,14691800.0,15252940.0,15438390.0,15199830.0,15019800.0,14872190.0,15474295.0,15260610.0,14956710.0,14767560.0,14563720.0,14494410.0,14571173.333333336,14475856.666666664,14609396.666666664,14912686.666666664,16478226.666666664,16464941.666666664,16450375.0,16421805.0,16538908.333333336,1
2019-03-13,17.610091621911632,17.707188722868715,17.55712773014787,17.636571884155273,17137900,0,17.532411575317386,17.4803316116333,17.172265338897706,16.807999928792313,15.645686324437461,16731200.0,16269590.0,15863465.0,14716993.333333336,16539080.0,17.530647277832028,17.565954208374027,17.415891647338867,17.512992858886722,17.654226303100586,17.535942459106444,17.55536231994629,17.546535110473634,17.54830093383789,17.428251647949214,17.418542098999026,17.36204833984375,17.309085655212403,17.272894668579102,17.215518379211424,17.106062030792238,17.035886573791505,16.952911710739137,16.874791860580444,16.796230506896972,16.745327472686768,16.681530062357584,16.612191168467202,16.540288956960044,16.458166599273678,15.59048997561137,15.53444023132324,15.47620169321696,15.419300301869711,15.365290689468384,16356220.0,15405060.0,16425540.0,16846100.0,15807980.0,15524010.0,15252940.0,15438390.0,15199830.0,15019800.0,15736265.0,15474295.0,15260610.0,14956710.0,14767560.0,14668396.666666664,14494410.0,14571173.333333336,14475856.666666664,14609396.666666664,16527118.333333336,16478226.666666664,16464941.666666664,16450375.0,16421805.0,1
2019-03-14,17.654226514743193,17.733670668750598,17.55712773014787,17.636571884155273,13336700,0,17.557127380371092,17.552714157104493,17.226993370056153,16.863610712687173,15.704374408721927,15995920.0,16421010.0,15594045.0,14675030.0,16582871.666666664,17.636571884155273,17.530647277832028,17.565954208374027,17.415891647338867,17.512992858886722,17.532411575317386,17.535942459106444,17.55536231994629,17.546535110473634,17.54830093383789,17.4803316116333,17.418542098999026,17.36204833984375,17.309085655212403,17.272894668579102,17.172265338897706,17.106062030792238,17.035886573791505,16.952911710739137,16.874791860580444,16.807999928792313,16.745327472686768,16.681530062357584,16.612191168467202,16.540288956960044,15.645686324437461,15.59048997561137,15.53444023132324,15.47620169321696,15.419300301869711,16731200.0,16356220.0,15405060.0,16425540.0,16846100.0,16269590.0,15524010.0,15252940.0,15438390.0,15199830.0,15863465.0,15736265.0,15474295.0,15260610.0,14956710.0,14716993.333333336,14668396.666666664,14494410.0,14571173.333333336,14475856.666666664,16539080.0,16527118.333333336,16478226.666666664,16464941.666666664,16450375.0,0
2019-03-15,17.565952838873347,17.654224297086387,17.477681380660307,17.539472579956055,28630200,1,17.58184356689453,17.56418933868408,17.270687580108646,16.915690739949547,15.766245269775393,18186480.0,17306010.0,16363145.0,15164930.0,16796063.333333332,17.636571884155273,17.636571884155273,17.530647277832028,17.565954208374027,17.415891647338867,17.557127380371092,17.532411575317386,17.535942459106444,17.55536231994629,17.546535110473634,17.552714157104493,17.4803316116333,17.418542098999026,17.36204833984375,17.309085655212403,17.226993370056153,17.172265338897706,17.106062030792238,17.035886573791505,16.952911710739137,16.863610712687173,16.807999928792313,16.745327472686768,16.681530062357584,16.612191168467202,15.704374408721927,15.645686324437461,15.59048997561137,15.53444023132324,15.47620169321696,15995920.0,16731200.0,16356220.0,15405060.0,16425540.0,16421010.0,16269590.0,15524010.0,15252940.0,15438390.0,15594045.0,15863465.0,15736265.0,15474295.0,15260610.0,14675030.0,14716993.333333336,14668396.666666664,14494410.0,14571173.333333336,16582871.666666664,16539080.0,16527118.333333336,16478226.666666664,16464941.666666664,0
2019-03-18,17.530647362771102,17.663053724109975,17.51299273228906,17.64539909362793,16565600,1,17.597732543945312,17.5765474319458,17.32320899963379,16.963945579528808,15.83439172108968,18922200.0,17163630.0,16230440.0,15349070.0,16779130.0,17.539472579956055,17.636571884155273,17.636571884155273,17.530647277832028,17.565954208374027,17.58184356689453,17.557127380371092,17.532411575317386,17.535942459106444,17.55536231994629,17.56418933868408,17.552714157104493,17.4803316116333,17.418542098999026,17.36204833984375,17.270687580108646,17.226993370056153,17.172265338897706,17.106062030792238,17.035886573791505,16.915690739949547,16.863610712687173,16.807999928792313,16.745327472686768,16.681530062357584,15.766245269775393,15.704374408721927,15.645686324437461,15.59048997561137,15.53444023132324,18186480.0,15995920.0,16731200.0,16356220.0,15405060.0,17306010.0,16421010.0,16269590.0,15524010.0,15252940.0,16363145.0,15594045.0,15863465.0,15736265.0,15474295.0,15164930.0,14675030.0,14716993.333333336,14668396.666666664,14494410.0,16796063.333333332,16582871.666666664,16539080.0,16527118.333333336,16478226.666666664,0
2019-03-19,17.68070749712754,17.813113852045078,17.574781403010622,17.698360443115234,19594400,1,17.631275177001953,17.5836088180542,17.362931060791016,17.013671557108562,15.90283891359965,19052960.0,17704590.0,16288390.0,15610676.666666664,16766231.666666664,17.64539909362793,17.539472579956055,17.636571884155273,17.636571884155273,17.530647277832028,17.597732543945312,17.58184356689453,17.557127380371092,17.532411575317386,17.535942459106444,17.5765474319458,17.56418933868408,17.552714157104493,17.4803316116333,17.418542098999026,17.32320899963379,17.270687580108646,17.226993370056153,17.172265338897706,17.106062030792238,16.963945579528808,16.915690739949547,16.863610712687173,16.807999928792313,16.745327472686768,15.83439172108968,15.766245269775393,15.704374408721927,15.645686324437461,15.59048997561137,18922200.0,18186480.0,15995920.0,16731200.0,16356220.0,17163630.0,17306010.0,16421010.0,16269590.0,15524010.0,16230440.0,16363145.0,15594045.0,15863465.0,15736265.0,15349070.0,15164930.0,14675030.0,14716993.333333336,14668396.666666664,16779130.0,16796063.333333332,16582871.666666664,16539080.0,16527118.333333336,0
2019-03-20,17.707189241696685,17.919039764044317,17.627745085361532,17.733671188354492,15680000,1,17.650695037841796,17.59155330657959,17.403535842895508,17.06133810679118,15.972165584564207,18761380.0,17746290.0,16383045.0,15760470.0,16584188.333333336,17.698360443115234,17.64539909362793,17.539472579956055,17.636571884155273,17.636571884155273,17.631275177001953,17.597732543945312,17.58184356689453,17.557127380371092,17.532411575317386,17.5836088180542,17.5765474319458,17.56418933868408,17.552714157104493,17.4803316116333,17.362931060791016,17.32320899963379,17.270687580108646,17.226993370056153,17.172265338897706,17.013671557108562,16.963945579528808,16.915690739949547,16.863610712687173,16.807999928792313,15.90283891359965,15.83439172108968,15.766245269775393,15.704374408721927,15.645686324437461,19052960.0,18922200.0,18186480.0,15995920.0,16731200.0,17704590.0,17163630.0,17306010.0,16421010.0,16269590.0,16288390.0,16230440.0,16363145.0,15594045.0,15863465.0,15610676.666666664,15349070.0,15164930.0,14675030.0,14716993.333333336,16766231.666666664,16779130.0,16796063.333333332,16582871.666666664,16539080.0,0
2019-03-21,17.698359483096812,18.042618007574447,17.610089707031936,18.02496337890625,17873700,0,17.728373336791993,17.642750358581548,17.45782251358032,17.13077802658081,16.046056159337358,19668780.0,17832350.0,16516090.0,15915256.666666664,16396940.0,17.733671188354492,17.698360443115234,17.64539909362793,17.539472579956055,17.636571884155273,17.650695037841796,17.631275177001953,17.597732543945312,17.58184356689453,17.557127380371092,17.59155330657959,17.5836088180542,17.5765474319458,17.56418933868408,17.552714157104493,17.403535842895508,17.362931060791016,17.32320899963379,17.270687580108646,17.226993370056153,17.06133810679118,17.013671557108562,16.963945579528808,16.915690739949547,16.863610712687173,15.972165584564207,15.90283891359965,15.83439172108968,15.766245269775393,15.704374408721927,18761380.0,19052960.0,18922200.0,18186480.0,15995920.0,17746290.0,17704590.0,17163630.0,17306010.0,16421010.0,16383045.0,16288390.0,16230440.0,16363145.0,15594045.0,15760470.0,15610676.666666664,15349070.0,15164930.0,14675030.0,16584188.333333336,16766231.666666664,16779130.0,16796063.333333332,16582871.666666664,0
2019-03-22,17.848421549767426,17.848421549767426,17.548299578627397,17.565954208374027,18977400,1,17.733669662475585,17.65775661468506,17.48342113494873,17.187860012054447,16.124808581670127,17738220.0,17962350.0,16700370.0,16161190.0,16478293.333333336,18.02496337890625,17.733671188354492,17.698360443115234,17.64539909362793,17.539472579956055,17.728373336791993,17.650695037841796,17.631275177001953,17.597732543945312,17.58184356689453,17.642750358581548,17.59155330657959,17.5836088180542,17.5765474319458,17.56418933868408,17.45782251358032,17.403535842895508,17.362931060791016,17.32320899963379,17.270687580108646,17.13077802658081,17.06133810679118,17.013671557108562,16.963945579528808,16.915690739949547,16.046056159337358,15.972165584564207,15.90283891359965,15.83439172108968,15.766245269775393,19668780.0,18761380.0,19052960.0,18922200.0,18186480.0,17832350.0,17746290.0,17704590.0,17163630.0,17306010.0,16516090.0,16383045.0,16288390.0,16230440.0,16363145.0,15915256.666666664,15760470.0,15610676.666666664,15349070.0,15164930.0,16396940.0,16584188.333333336,16766231.666666664,16779130.0,16796063.333333332,1
2019-03-25,17.55712760427498,17.804287379819183,17.415893927860647,17.768978118896484,14471200,0,17.758385467529298,17.678059005737303,17.520053672790528,17.24994405110677,16.193414306640626,17319340.0,18120770.0,16686855.0,16356453.333333336,16431310.0,17.565954208374027,18.02496337890625,17.733671188354492,17.698360443115234,17.64539909362793,17.733669662475585,17.728373336791993,17.650695037841796,17.631275177001953,17.597732543945312,17.65775661468506,17.642750358581548,17.59155330657959,17.5836088180542,17.5765474319458,17.48342113494873,17.45782251358032,17.403535842895508,17.362931060791016,17.32320899963379,17.187860012054447,17.13077802658081,17.06133810679118,17.013671557108562,16.963945579528808,16.124808581670127,16.046056159337358,15.972165584564207,15.90283891359965,15.83439172108968,17738220.0,19668780.0,18761380.0,19052960.0,18922200.0,17962350.0,17832350.0,17746290.0,17704590.0,17163630.0,16700370.0,16516090.0,16383045.0,16288390.0,16230440.0,16161190.0,15915256.666666664,15760470.0,15610676.666666664,15349070.0,16478293.333333336,16396940.0,16584188.333333336,16766231.666666664,16779130.0,1
2019-03-26,17.910214132130005,18.00731123593207,17.66305434757195,17.733671188354492,10840700,0,17.76544761657715,17.69836139678955,17.55845174789429,17.303495152791342,16.2633229414622,15568600.0,17310780.0,16417395.0,16261103.333333336,16266481.666666664,17.768978118896484,17.565954208374027,18.02496337890625,17.733671188354492,17.698360443115234,17.758385467529298,17.733669662475585,17.728373336791993,17.650695037841796,17.631275177001953,17.678059005737303,17.65775661468506,17.642750358581548,17.59155330657959,17.5836088180542,17.520053672790528,17.48342113494873,17.45782251358032,17.403535842895508,17.362931060791016,17.24994405110677,17.187860012054447,17.13077802658081,17.06133810679118,17.013671557108562,16.193414306640626,16.124808581670127,16.046056159337358,15.972165584564207,15.90283891359965,17319340.0,17738220.0,19668780.0,18761380.0,19052960.0,18120770.0,17962350.0,17832350.0,17746290.0,17704590.0,16686855.0,16700370.0,16516090.0,16383045.0,16288390.0,16356453.333333336,16161190.0,15915256.666666664,15760470.0,15610676.666666664,16431310.0,16478293.333333336,16396940.0,16584188.333333336,16766231.666666664,1
2019-03-27,17.645399199449233,17.760152614632474,17.468857944484743,17.636571884155273,13129300,0,17.746027755737305,17.69836139678955,17.589346504211427,17.34763069152832,16.334814008076986,15058460.0,16909920.0,16589755.0,16212283.333333336,16189380.0,17.733671188354492,17.768978118896484,17.565954208374027,18.02496337890625,17.733671188354492,17.76544761657715,17.758385467529298,17.733669662475585,17.728373336791993,17.650695037841796,17.69836139678955,17.678059005737303,17.65775661468506,17.642750358581548,17.59155330657959,17.55845174789429,17.520053672790528,17.48342113494873,17.45782251358032,17.403535842895508,17.303495152791342,17.24994405110677,17.187860012054447,17.13077802658081,17.06133810679118,16.2633229414622,16.193414306640626,16.124808581670127,16.046056159337358,15.972165584564207,15568600.0,17319340.0,17738220.0,19668780.0,18761380.0,17310780.0,18120770.0,17962350.0,17832350.0,17746290.0,16417395.0,16686855.0,16700370.0,16516090.0,16383045.0,16261103.333333336,16356453.333333336,16161190.0,15915256.666666664,15760470.0,16266481.666666664,16431310.0,16478293.333333336,16396940.0,16584188.333333336,1
2019-03-28,17.565953682691582,17.61891588670834,17.380585126813852,17.610090255737305,15986200,1,17.663053131103517,17.695713233947753,17.624213695526127,17.383233324686685,16.404554319381713,14680960.0,17174870.0,16797940.0,16120986.666666664,16172391.666666664,17.636571884155273,17.733671188354492,17.768978118896484,17.565954208374027,18.02496337890625,17.746027755737305,17.76544761657715,17.758385467529298,17.733669662475585,17.728373336791993,17.69836139678955,17.69836139678955,17.678059005737303,17.65775661468506,17.642750358581548,17.589346504211427,17.55845174789429,17.520053672790528,17.48342113494873,17.45782251358032,17.34763069152832,17.303495152791342,17.24994405110677,17.187860012054447,17.13077802658081,16.334814008076986,16.2633229414622,16.193414306640626,16.124808581670127,16.046056159337358,15058460.0,15568600.0,17319340.0,17738220.0,19668780.0,16909920.0,17310780.0,18120770.0,17962350.0,17832350.0,16589755.0,16417395.0,16686855.0,16700370.0,16516090.0,16212283.333333336,16261103.333333336,16356453.333333336,16161190.0,15915256.666666664,16189380.0,16266481.666666664,16431310.0,16478293.333333336,16396940.0,0
2019-03-29,17.69835917831492,17.821939893226077,17.565952832859708,17.66305160522461,12665800,1,17.682472610473628,17.708071136474608,17.636130237579344,17.416482098897298,16.46906679471334,13418640.0,15578430.0,16442220.0,16101573.333333336,16122213.333333336,17.610090255737305,17.636571884155273,17.733671188354492,17.768978118896484,17.565954208374027,17.663053131103517,17.746027755737305,17.76544761657715,17.758385467529298,17.733669662475585,17.695713233947753,17.69836139678955,17.69836139678955,17.678059005737303,17.65775661468506,17.624213695526127,17.589346504211427,17.55845174789429,17.520053672790528,17.48342113494873,17.383233324686685,17.34763069152832,17.303495152791342,17.24994405110677,17.187860012054447,16.404554319381713,16.334814008076986,16.2633229414622,16.193414306640626,16.124808581670127,14680960.0,15058460.0,15568600.0,17319340.0,17738220.0,17174870.0,16909920.0,17310780.0,18120770.0,17962350.0,16797940.0,16589755.0,16417395.0,16686855.0,16700370.0,16120986.666666664,16212283.333333336,16261103.333333336,16356453.333333336,16161190.0,16172391.666666664,16189380.0,16266481.666666664,16431310.0,16478293.333333336,0
2019-04-01,17.7160154022844,17.839594444687762,17.618916621174225,17.68953514099121,23043800,1,17.666584014892578,17.712484741210933,17.64451608657837,17.452967580159505,16.535330057144165,15133160.0,16226250.0,16694940.0,16229043.333333336,16201960.0,17.66305160522461,17.610090255737305,17.636571884155273,17.733671188354492,17.768978118896484,17.682472610473628,17.663053131103517,17.746027755737305,17.76544761657715,17.758385467529298,17.708071136474608,17.695713233947753,17.69836139678955,17.69836139678955,17.678059005737303,17.636130237579344,17.624213695526127,17.589346504211427,17.55845174789429,17.520053672790528,17.416482098897298,17.383233324686685,17.34763069152832,17.303495152791342,17.24994405110677,16.46906679471334,16.404554319381713,16.334814008076986,16.2633229414622,16.193414306640626,13418640.0,14680960.0,15058460.0,15568600.0,17319340.0,15578430.0,17174870.0,16909920.0,17310780.0,18120770.0,16442220.0,16797940.0,16589755.0,16417395.0,16686855.0,16101573.333333336,16120986.666666664,16212283.333333336,16261103.333333336,16356453.333333336,16122213.333333336,16172391.666666664,16189380.0,16266481.666666664,16431310.0,1
2019-04-02,17.671880182314613,17.724842387554006,17.5659540881977,17.698360443115234,13659300,0,17.659521865844727,17.712484741210933,17.64804677963257,17.479448954264324,16.594029553731286,15696880.0,15632740.0,16668665.0,16069840.0,16215926.666666664,17.68953514099121,17.66305160522461,17.610090255737305,17.636571884155273,17.733671188354492,17.666584014892578,17.682472610473628,17.663053131103517,17.746027755737305,17.76544761657715,17.712484741210933,17.708071136474608,17.695713233947753,17.69836139678955,17.69836139678955,17.64451608657837,17.636130237579344,17.624213695526127,17.589346504211427,17.55845174789429,17.452967580159505,17.416482098897298,17.383233324686685,17.34763069152832,17.303495152791342,16.535330057144165,16.46906679471334,16.404554319381713,16.334814008076986,16.2633229414622,15133160.0,13418640.0,14680960.0,15058460.0,15568600.0,16226250.0,15578430.0,17174870.0,16909920.0,17310780.0,16694940.0,16442220.0,16797940.0,16589755.0,16417395.0,16229043.333333336,16101573.333333336,16120986.666666664,16212283.333333336,16261103.333333336,16201960.0,16122213.333333336,16172391.666666664,16189380.0,16266481.666666664,0
2019-04-03,17.716013375688807,17.73366800362348,17.48650826345203,17.557125091552734,11839900,1,17.64363250732422,17.69483013153076,17.643191719055174,17.50063393910726,16.645282999674478,15439000.0,15248730.0,16497510.0,16004940.0,16187993.333333336,17.698360443115234,17.68953514099121,17.66305160522461,17.610090255737305,17.636571884155273,17.659521865844727,17.666584014892578,17.682472610473628,17.663053131103517,17.746027755737305,17.712484741210933,17.712484741210933,17.708071136474608,17.695713233947753,17.69836139678955,17.64804677963257,17.64451608657837,17.636130237579344,17.624213695526127,17.589346504211427,17.479448954264324,17.452967580159505,17.416482098897298,17.383233324686685,17.34763069152832,16.594029553731286,16.535330057144165,16.46906679471334,16.404554319381713,16.334814008076986,15696880.0,15133160.0,13418640.0,14680960.0,15058460.0,15632740.0,16226250.0,15578430.0,17174870.0,16909920.0,16668665.0,16694940.0,16442220.0,16797940.0,16589755.0,16069840.0,16229043.333333336,16101573.333333336,16120986.666666664,16212283.333333336,16215926.666666664,16201960.0,16122213.333333336,16172391.666666664,16189380.0,0
2019-04-04,17.565953997784366,17.601263256854306,17.442374958315813,17.583608627319336,13201100,1,17.638336181640625,17.65069465637207,17.646722507476806,17.522113227844233,16.6889760017395,14881980.0,14781470.0,16306910.0,15937883.333333336,16067640.0,17.557125091552734,17.698360443115234,17.68953514099121,17.66305160522461,17.610090255737305,17.64363250732422,17.659521865844727,17.666584014892578,17.682472610473628,17.663053131103517,17.69483013153076,17.712484741210933,17.712484741210933,17.708071136474608,17.695713233947753,17.643191719055174,17.64804677963257,17.64451608657837,17.636130237579344,17.624213695526127,17.50063393910726,17.479448954264324,17.452967580159505,17.416482098897298,17.383233324686685,16.645282999674478,16.594029553731286,16.535330057144165,16.46906679471334,16.404554319381713,15439000.0,15696880.0,15133160.0,13418640.0,14680960.0,15248730.0,15632740.0,16226250.0,15578430.0,17174870.0,16497510.0,16668665.0,16694940.0,16442220.0,16797940.0,16004940.0,16069840.0,16229043.333333336,16101573.333333336,16120986.666666664,16187993.333333336,16215926.666666664,16201960.0,16122213.333333336,16172391.666666664,0
2019-04-05,17.5659540881977,17.716015072741076,17.512991882958314,17.698360443115234,9349800,0,17.64539794921875,17.663935279846193,17.660845947265624,17.543592516581217,16.732835674285887,14218780.0,13818710.0,15890530.0,15739816.666666664,15888521.666666664,17.583608627319336,17.557125091552734,17.698360443115234,17.68953514099121,17.66305160522461,17.638336181640625,17.64363250732422,17.659521865844727,17.666584014892578,17.682472610473628,17.65069465637207,17.69483013153076,17.712484741210933,17.712484741210933,17.708071136474608,17.646722507476806,17.643191719055174,17.64804677963257,17.64451608657837,17.636130237579344,17.522113227844233,17.50063393910726,17.479448954264324,17.452967580159505,17.416482098897298,16.6889760017395,16.645282999674478,16.594029553731286,16.535330057144165,16.46906679471334,14881980.0,15439000.0,15696880.0,15133160.0,13418640.0,14781470.0,15248730.0,15632740.0,16226250.0,15578430.0,16306910.0,16497510.0,16668665.0,16694940.0,16442220.0,15937883.333333336,16004940.0,16069840.0,16229043.333333336,16101573.333333336,16067640.0,16187993.333333336,16215926.666666664,16201960.0,16122213.333333336,0
2019-04-08,17.698362058139512,17.75132595185014,17.53064811230407,17.60126495361328,10194900,0,17.627743911743163,17.647163963317873,17.662611484527584,17.562423769632975,16.773622147242232,11649000.0,13391080.0,15755925.0,15588263.333333336,15775310.0,17.698360443115234,17.583608627319336,17.557125091552734,17.698360443115234,17.68953514099121,17.64539794921875,17.638336181640625,17.64363250732422,17.659521865844727,17.666584014892578,17.663935279846193,17.65069465637207,17.69483013153076,17.712484741210933,17.712484741210933,17.660845947265624,17.646722507476806,17.643191719055174,17.64804677963257,17.64451608657837,17.543592516581217,17.522113227844233,17.50063393910726,17.479448954264324,17.452967580159505,16.732835674285887,16.6889760017395,16.645282999674478,16.594029553731286,16.535330057144165,14218780.0,14881980.0,15439000.0,15696880.0,15133160.0,13818710.0,14781470.0,15248730.0,15632740.0,16226250.0,15890530.0,16306910.0,16497510.0,16668665.0,16694940.0,15739816.666666664,15937883.333333336,16004940.0,16069840.0,16229043.333333336,15888521.666666664,16067640.0,16187993.333333336,16215926.666666664,16201960.0,0
2019-04-09,17.48650826345203,17.58360703345474,17.362929235185298,17.557125091552734,9516200,0,17.599496841430664,17.629509353637694,17.663935375213622,17.582137616475425,16.817310190200807,10820380.0,13258630.0,15284705.0,15364473.333333336,15487376.666666664,17.60126495361328,17.698360443115234,17.583608627319336,17.557125091552734,17.698360443115234,17.627743911743163,17.64539794921875,17.638336181640625,17.64363250732422,17.659521865844727,17.647163963317873,17.663935279846193,17.65069465637207,17.69483013153076,17.712484741210933,17.662611484527584,17.660845947265624,17.646722507476806,17.643191719055174,17.64804677963257,17.562423769632975,17.543592516581217,17.522113227844233,17.50063393910726,17.479448954264324,16.773622147242232,16.732835674285887,16.6889760017395,16.645282999674478,16.594029553731286,11649000.0,14218780.0,14881980.0,15439000.0,15696880.0,13391080.0,13818710.0,14781470.0,15248730.0,15632740.0,15755925.0,15890530.0,16306910.0,16497510.0,16668665.0,15588263.333333336,15739816.666666664,15937883.333333336,16004940.0,16069840.0,15775310.0,15888521.666666664,16067640.0,16187993.333333336,16215926.666666664,0
2019-04-10,17.618917275268224,17.618917275268224,17.4423760200863,17.512992858886722,9980900,1,17.59067039489746,17.61715145111084,17.657756423950197,17.598614819844567,16.858516883850097,10448580.0,12943790.0,14926855.0,15374433.333333336,15357103.333333336,17.557125091552734,17.60126495361328,17.698360443115234,17.583608627319336,17.557125091552734,17.599496841430664,17.627743911743163,17.64539794921875,17.638336181640625,17.64363250732422,17.629509353637694,17.647163963317873,17.663935279846193,17.65069465637207,17.69483013153076,17.663935375213622,17.662611484527584,17.660845947265624,17.646722507476806,17.643191719055174,17.582137616475425,17.562423769632975,17.543592516581217,17.522113227844233,17.50063393910726,16.817310190200807,16.773622147242232,16.732835674285887,16.6889760017395,16.645282999674478,10820380.0,11649000.0,14218780.0,14881980.0,15439000.0,13258630.0,13391080.0,13818710.0,14781470.0,15248730.0,15284705.0,15755925.0,15890530.0,16306910.0,16497510.0,15364473.333333336,15588263.333333336,15739816.666666664,15937883.333333336,16004940.0,15487376.666666664,15775310.0,15888521.666666664,16067640.0,16187993.333333336,0
2019-04-11,17.495337163282606,17.610090571621797,17.43354764354833,17.583608627319336,6844300,0,17.59067039489746,17.614503288269038,17.6551082611084,17.620976893107095,16.899591080347694,9177220.0,12029600.0,14602235.0,15208493.333333336,15201391.666666664,17.512992858886722,17.557125091552734,17.60126495361328,17.698360443115234,17.583608627319336,17.59067039489746,17.599496841430664,17.627743911743163,17.64539794921875,17.638336181640625,17.61715145111084,17.629509353637694,17.647163963317873,17.663935279846193,17.65069465637207,17.657756423950197,17.663935375213622,17.662611484527584,17.660845947265624,17.646722507476806,17.598614819844567,17.582137616475425,17.562423769632975,17.543592516581217,17.522113227844233,16.858516883850097,16.817310190200807,16.773622147242232,16.732835674285887,16.6889760017395,10448580.0,10820380.0,11649000.0,14218780.0,14881980.0,12943790.0,13258630.0,13391080.0,13818710.0,14781470.0,14926855.0,15284705.0,15755925.0,15890530.0,16306910.0,15374433.333333336,15364473.333333336,15588263.333333336,15739816.666666664,15937883.333333336,15357103.333333336,15487376.666666664,15775310.0,15888521.666666664,16067640.0,0
2019-04-12,17.64539751095423,17.68070676875131,17.460028958433767,17.495336532592773,12234400,0,17.55006561279297,17.59773178100586,17.652901458740235,17.62333075205485,16.937011750539146,9754140.0,11986460.0,13782445.0,14956966.666666664,15089520.0,17.583608627319336,17.512992858886722,17.557125091552734,17.60126495361328,17.698360443115234,17.59067039489746,17.59067039489746,17.599496841430664,17.627743911743163,17.64539794921875,17.614503288269038,17.61715145111084,17.629509353637694,17.647163963317873,17.663935279846193,17.6551082611084,17.657756423950197,17.663935375213622,17.662611484527584,17.660845947265624,17.620976893107095,17.598614819844567,17.582137616475425,17.562423769632975,17.543592516581217,16.899591080347694,16.858516883850097,16.817310190200807,16.773622147242232,16.732835674285887,9177220.0,10448580.0,10820380.0,11649000.0,14218780.0,12029600.0,12943790.0,13258630.0,13391080.0,13818710.0,14602235.0,14926855.0,15284705.0,15755925.0,15890530.0,15208493.333333336,15374433.333333336,15364473.333333336,15588263.333333336,15739816.666666664,15201391.666666664,15357103.333333336,15487376.666666664,15775310.0,15888521.666666664,0
2019-04-15,17.486507848052135,17.512989789325054,17.380583450236355,17.468854904174805,8894000,1,17.523583602905273,17.575663757324218,17.64407424926758,17.621565310160317,16.970353825887045,9493960.0,10571480.0,13398865.0,14653786.666666664,14844055.0,17.495336532592773,17.583608627319336,17.512992858886722,17.557125091552734,17.60126495361328,17.55006561279297,17.59067039489746,17.59067039489746,17.599496841430664,17.627743911743163,17.59773178100586,17.614503288269038,17.61715145111084,17.629509353637694,17.647163963317873,17.652901458740235,17.6551082611084,17.657756423950197,17.663935375213622,17.662611484527584,17.62333075205485,17.620976893107095,17.598614819844567,17.582137616475425,17.562423769632975,16.937011750539146,16.899591080347694,16.858516883850097,16.817310190200807,16.773622147242232,9754140.0,9177220.0,10448580.0,10820380.0,11649000.0,11986460.0,12029600.0,12943790.0,13258630.0,13391080.0,13782445.0,14602235.0,14926855.0,15284705.0,15755925.0,14956966.666666664,15208493.333333336,15374433.333333336,15364473.333333336,15588263.333333336,15089520.0,15201391.666666664,15357103.333333336,15487376.666666664,15775310.0,0
2019-04-16,17.477682008617858,17.583608099006938,17.407065176237833,17.486509323120114,10665300,0,17.50946044921875,17.554478645324707,17.63348169326782,17.61685740152995,16.999771006902062,9723780.0,10272080.0,12952410.0,14536470.0,14724578.333333336,17.468854904174805,17.495336532592773,17.583608627319336,17.512992858886722,17.557125091552734,17.523583602905273,17.55006561279297,17.59067039489746,17.59067039489746,17.599496841430664,17.575663757324218,17.59773178100586,17.614503288269038,17.61715145111084,17.629509353637694,17.64407424926758,17.652901458740235,17.6551082611084,17.657756423950197,17.663935375213622,17.621565310160317,17.62333075205485,17.620976893107095,17.598614819844567,17.582137616475425,16.970353825887045,16.937011750539146,16.899591080347694,16.858516883850097,16.817310190200807,9493960.0,9754140.0,9177220.0,10448580.0,10820380.0,10571480.0,11986460.0,12029600.0,12943790.0,13258630.0,13398865.0,13782445.0,14602235.0,14926855.0,15284705.0,14653786.666666664,14956966.666666664,15208493.333333336,15374433.333333336,15364473.333333336,14844055.0,15089520.0,15201391.666666664,15357103.333333336,15487376.666666664,0
2019-04-17,17.53947493352209,17.53947493352209,17.371759308775893,17.380586624145508,11622600,0,17.482979202270506,17.536824798583986,17.61582746505737,17.60773607889811,17.032951339085898,10052120.0,10250350.0,12749540.0,14415123.333333336,14512260.0,17.486509323120114,17.468854904174805,17.495336532592773,17.583608627319336,17.512992858886722,17.50946044921875,17.523583602905273,17.55006561279297,17.59067039489746,17.59067039489746,17.554478645324707,17.575663757324218,17.59773178100586,17.614503288269038,17.61715145111084,17.63348169326782,17.64407424926758,17.652901458740235,17.6551082611084,17.657756423950197,17.61685740152995,17.621565310160317,17.62333075205485,17.620976893107095,17.598614819844567,16.999771006902062,16.970353825887045,16.937011750539146,16.899591080347694,16.858516883850097,9723780.0,9493960.0,9754140.0,9177220.0,10448580.0,10272080.0,10571480.0,11986460.0,12029600.0,12943790.0,12952410.0,13398865.0,13782445.0,14602235.0,14926855.0,14536470.0,14653786.666666664,14956966.666666664,15208493.333333336,15374433.333333336,14724578.333333336,14844055.0,15089520.0,15201391.666666664,15357103.333333336,0
2019-04-18,17.309969818547803,17.504165706142892,16.903921728945736,17.115772247314453,23450100,1,17.389411926269528,17.490041160583495,17.570367908477785,17.594495391845705,17.067392174402872,13373280.0,11275250.0,13028360.0,14629690.0,14552773.333333336,17.380586624145508,17.486509323120114,17.468854904174805,17.495336532592773,17.583608627319336,17.482979202270506,17.50946044921875,17.523583602905273,17.55006561279297,17.59067039489746,17.536824798583986,17.554478645324707,17.575663757324218,17.59773178100586,17.614503288269038,17.61582746505737,17.63348169326782,17.64407424926758,17.652901458740235,17.6551082611084,17.60773607889811,17.61685740152995,17.621565310160317,17.62333075205485,17.620976893107095,17.032951339085898,16.999771006902062,16.970353825887045,16.937011750539146,16.899591080347694,10052120.0,9723780.0,9493960.0,9754140.0,9177220.0,10250350.0,10272080.0,10571480.0,11986460.0,12029600.0,12749540.0,12952410.0,13398865.0,13782445.0,14602235.0,14415123.333333336,14536470.0,14653786.666666664,14956966.666666664,15208493.333333336,14512260.0,14724578.333333336,14844055.0,15089520.0,15201391.666666664,1
2019-04-22,17.283487173368627,17.742497453088948,17.23052496682803,17.680707931518555,20438700,1,17.426486206054687,17.488275909423827,17.57610559463501,17.60332260131836,17.107756884892787,15014140.0,12384140.0,13101425.0,14721733.333333336,14646453.333333336,17.115772247314453,17.380586624145508,17.486509323120114,17.468854904174805,17.495336532592773,17.389411926269528,17.482979202270506,17.50946044921875,17.523583602905273,17.55006561279297,17.490041160583495,17.536824798583986,17.554478645324707,17.575663757324218,17.59773178100586,17.570367908477785,17.61582746505737,17.63348169326782,17.64407424926758,17.652901458740235,17.594495391845705,17.60773607889811,17.61685740152995,17.621565310160317,17.62333075205485,17.067392174402872,17.032951339085898,16.999771006902062,16.970353825887045,16.937011750539146,13373280.0,10052120.0,9723780.0,9493960.0,9754140.0,11275250.0,10250350.0,10272080.0,10571480.0,11986460.0,13028360.0,12749540.0,12952410.0,13398865.0,13782445.0,14629690.0,14415123.333333336,14536470.0,14653786.666666664,14956966.666666664,14552773.333333336,14512260.0,14724578.333333336,14844055.0,15089520.0,1
2019-04-23,17.69836012756659,17.74249670084428,17.512991570714654,17.724842071533203,14768000,0,17.47768363952637,17.50063362121582,17.573898792266846,17.608618863423665,17.145074462890626,16188940.0,12841450.0,13116265.0,14784433.333333336,14639421.666666664,17.680707931518555,17.115772247314453,17.380586624145508,17.486509323120114,17.468854904174805,17.426486206054687,17.389411926269528,17.482979202270506,17.50946044921875,17.523583602905273,17.488275909423827,17.490041160583495,17.536824798583986,17.554478645324707,17.575663757324218,17.57610559463501,17.570367908477785,17.61582746505737,17.63348169326782,17.64407424926758,17.60332260131836,17.594495391845705,17.60773607889811,17.61685740152995,17.621565310160317,17.107756884892787,17.067392174402872,17.032951339085898,16.999771006902062,16.970353825887045,15014140.0,13373280.0,10052120.0,9723780.0,9493960.0,12384140.0,11275250.0,10250350.0,10272080.0,10571480.0,13101425.0,13028360.0,12749540.0,12952410.0,13398865.0,14721733.333333336,14629690.0,14415123.333333336,14536470.0,14653786.666666664,14646453.333333336,14552773.333333336,14512260.0,14724578.333333336,14844055.0,0
2019-04-24,17.671879867238093,17.760151330155356,17.61009034828745,17.724842071533203,12995800,0,17.525350189208986,17.517405319213868,17.573457336425786,17.615092023213705,17.180209747950233,16655040.0,13189410.0,13224020.0,14586273.333333336,14627335.0,17.724842071533203,17.680707931518555,17.115772247314453,17.380586624145508,17.486509323120114,17.47768363952637,17.426486206054687,17.389411926269528,17.482979202270506,17.50946044921875,17.50063362121582,17.488275909423827,17.490041160583495,17.536824798583986,17.554478645324707,17.573898792266846,17.57610559463501,17.570367908477785,17.61582746505737,17.63348169326782,17.608618863423665,17.60332260131836,17.594495391845705,17.60773607889811,17.61685740152995,17.145074462890626,17.107756884892787,17.067392174402872,17.032951339085898,16.999771006902062,16188940.0,15014140.0,13373280.0,10052120.0,9723780.0,12841450.0,12384140.0,11275250.0,10250350.0,10272080.0,13116265.0,13101425.0,13028360.0,12749540.0,12952410.0,14784433.333333336,14721733.333333336,14629690.0,14415123.333333336,14536470.0,14639421.666666664,14646453.333333336,14552773.333333336,14512260.0,14724578.333333336,0
2019-04-25,17.689537796145817,17.86607907127213,17.62774658203125,17.62774658203125,12878400,1,17.574782180786134,17.52888069152832,17.57301607131958,17.614797846476236,17.211398887634278,16906200.0,13479160.0,13211475.0,14444290.0,14580641.666666664,17.724842071533203,17.724842071533203,17.680707931518555,17.115772247314453,17.380586624145508,17.525350189208986,17.47768363952637,17.426486206054687,17.389411926269528,17.482979202270506,17.517405319213868,17.50063362121582,17.488275909423827,17.490041160583495,17.536824798583986,17.573457336425786,17.573898792266846,17.57610559463501,17.570367908477785,17.61582746505737,17.615092023213705,17.608618863423665,17.60332260131836,17.594495391845705,17.60773607889811,17.180209747950233,17.145074462890626,17.107756884892787,17.067392174402872,17.032951339085898,16655040.0,16188940.0,15014140.0,13373280.0,10052120.0,13189410.0,12841450.0,12384140.0,11275250.0,10250350.0,13224020.0,13116265.0,13101425.0,13028360.0,12749540.0,14586273.333333336,14784433.333333336,14721733.333333336,14629690.0,14415123.333333336,14627335.0,14639421.666666664,14646453.333333336,14552773.333333336,14512260.0,0
2019-04-26,17.618917744953812,17.8660775291632,17.56595553535119,17.857250213623047,15682400,0,17.72307777404785,17.556244850158688,17.585374069213866,17.622153790791828,17.242882251739502,15352660.0,14362970.0,13196285.0,14522480.0,14598755.0,17.62774658203125,17.724842071533203,17.724842071533203,17.680707931518555,17.115772247314453,17.574782180786134,17.525350189208986,17.47768363952637,17.426486206054687,17.389411926269528,17.52888069152832,17.517405319213868,17.50063362121582,17.488275909423827,17.490041160583495,17.57301607131958,17.573457336425786,17.573898792266846,17.57610559463501,17.570367908477785,17.614797846476236,17.615092023213705,17.608618863423665,17.60332260131836,17.594495391845705,17.211398887634278,17.180209747950233,17.145074462890626,17.107756884892787,17.067392174402872,16906200.0,16655040.0,16188940.0,15014140.0,13373280.0,13479160.0,13189410.0,12841450.0,12384140.0,11275250.0,13211475.0,13224020.0,13116265.0,13101425.0,13028360.0,14444290.0,14586273.333333336,14784433.333333336,14721733.333333336,14629690.0,14580641.666666664,14627335.0,14639421.666666664,14646453.333333336,14552773.333333336,0
2019-04-29,17.812560751837207,17.87512341102305,17.580183942929356,17.749998092651367,12905200,1,17.736935806274413,17.58171100616455,17.589721393585204,17.629171307881673,17.272431023915612,13845960.0,14430050.0,13208255.0,13998313.333333336,14581621.666666664,17.857250213623047,17.62774658203125,17.724842071533203,17.724842071533203,17.680707931518555,17.72307777404785,17.574782180786134,17.525350189208986,17.47768363952637,17.426486206054687,17.556244850158688,17.52888069152832,17.517405319213868,17.50063362121582,17.488275909423827,17.585374069213866,17.57301607131958,17.573457336425786,17.573898792266846,17.57610559463501,17.622153790791828,17.614797846476236,17.615092023213705,17.608618863423665,17.60332260131836,17.242882251739502,17.211398887634278,17.180209747950233,17.145074462890626,17.107756884892787,15352660.0,16906200.0,16655040.0,16188940.0,15014140.0,14362970.0,13479160.0,13189410.0,12841450.0,12384140.0,13196285.0,13211475.0,13224020.0,13116265.0,13101425.0,14522480.0,14444290.0,14586273.333333336,14784433.333333336,14721733.333333336,14598755.0,14580641.666666664,14627335.0,14639421.666666664,14646453.333333336,1
2019-04-30,17.794685288860126,17.946623906635967,17.669559969999302,17.758935928344727,18959600,0,17.743754577636718,17.610719108581538,17.593191432952878,17.6329558690389,17.298450724283853,14684280.0,15436610.0,13004045.0,14078113.333333336,14713591.666666664,17.749998092651367,17.857250213623047,17.62774658203125,17.724842071533203,17.724842071533203,17.736935806274413,17.72307777404785,17.574782180786134,17.525350189208986,17.47768363952637,17.58171100616455,17.556244850158688,17.52888069152832,17.517405319213868,17.50063362121582,17.589721393585204,17.585374069213866,17.57301607131958,17.573457336425786,17.573898792266846,17.629171307881673,17.622153790791828,17.614797846476236,17.615092023213705,17.608618863423665,17.272431023915612,17.242882251739502,17.211398887634278,17.180209747950233,17.145074462890626,13845960.0,15352660.0,16906200.0,16655040.0,16188940.0,14430050.0,14362970.0,13479160.0,13189410.0,12841450.0,13208255.0,13196285.0,13211475.0,13224020.0,13116265.0,13998313.333333336,14522480.0,14444290.0,14586273.333333336,14784433.333333336,14581621.666666664,14598755.0,14580641.666666664,14627335.0,14639421.666666664,0
2019-05-01,17.749998742335695,17.821499170408657,17.508684158325195,17.508684158325195,10815500,0,17.700522994995122,17.612936592102052,17.58370761871338,17.626633326212566,17.320152441660564,14248220.0,15451630.0,12861855.0,13785483.333333336,14698080.0,17.758935928344727,17.749998092651367,17.857250213623047,17.62774658203125,17.724842071533203,17.743754577636718,17.736935806274413,17.72307777404785,17.574782180786134,17.525350189208986,17.610719108581538,17.58171100616455,17.556244850158688,17.52888069152832,17.517405319213868,17.593191432952878,17.589721393585204,17.585374069213866,17.57301607131958,17.573457336425786,17.6329558690389,17.629171307881673,17.622153790791828,17.614797846476236,17.615092023213705,17.298450724283853,17.272431023915612,17.242882251739502,17.211398887634278,17.180209747950233,14684280.0,13845960.0,15352660.0,16906200.0,16655040.0,15436610.0,14430050.0,14362970.0,13479160.0,13189410.0,13004045.0,13208255.0,13196285.0,13211475.0,13224020.0,14078113.333333336,13998313.333333336,14522480.0,14444290.0,14586273.333333336,14713591.666666664,14581621.666666664,14598755.0,14580641.666666664,14627335.0,0
2019-05-02,17.472934027093743,17.544434458993436,17.294183799696903,17.30312156677246,12380300,1,17.63559799194336,17.605190086364747,17.571007442474365,17.612281672159828,17.336809889475504,14148600.0,15527400.0,12888875.0,13675493.333333336,14717981.666666664,17.508684158325195,17.758935928344727,17.749998092651367,17.857250213623047,17.62774658203125,17.700522994995122,17.743754577636718,17.736935806274413,17.72307777404785,17.574782180786134,17.612936592102052,17.610719108581538,17.58171100616455,17.556244850158688,17.52888069152832,17.58370761871338,17.593191432952878,17.589721393585204,17.585374069213866,17.57301607131958,17.626633326212566,17.6329558690389,17.629171307881673,17.622153790791828,17.614797846476236,17.320152441660564,17.298450724283853,17.272431023915612,17.242882251739502,17.211398887634278,14248220.0,14684280.0,13845960.0,15352660.0,16906200.0,15451630.0,15436610.0,14430050.0,14362970.0,13479160.0,12861855.0,13004045.0,13208255.0,13196285.0,13211475.0,13785483.333333336,14078113.333333336,13998313.333333336,14522480.0,14444290.0,14698080.0,14713591.666666664,14581621.666666664,14598755.0,14580641.666666664,0
2019-05-03,17.419307985558937,17.598059905923332,17.392494686092878,17.455059051513672,11857700,0,17.555159759521484,17.639118766784673,17.564579963684082,17.593284861246744,17.36203144391378,13383660.0,14368160.0,12821705.0,13474960.0,14695108.333333336,17.30312156677246,17.508684158325195,17.758935928344727,17.749998092651367,17.857250213623047,17.63559799194336,17.700522994995122,17.743754577636718,17.736935806274413,17.72307777404785,17.605190086364747,17.612936592102052,17.610719108581538,17.58171100616455,17.556244850158688,17.571007442474365,17.58370761871338,17.593191432952878,17.589721393585204,17.585374069213866,17.612281672159828,17.626633326212566,17.6329558690389,17.629171307881673,17.622153790791828,17.336809889475504,17.320152441660564,17.298450724283853,17.272431023915612,17.242882251739502,14148600.0,14248220.0,14684280.0,13845960.0,15352660.0,15527400.0,15451630.0,15436610.0,14430050.0,14362970.0,12888875.0,12861855.0,13004045.0,13208255.0,13196285.0,13675493.333333336,13785483.333333336,14078113.333333336,13998313.333333336,14522480.0,14717981.666666664,14698080.0,14713591.666666664,14581621.666666664,14598755.0,0
2019-05-06,17.347805234399356,17.508681600234993,17.320991938525275,17.374618530273438,11380200,1,17.480083847045893,17.608509826660157,17.548392868041994,17.58690700531006,17.38738350868225,13078660.0,13462310.0,12923225.0,13221720.0,14691455.0,17.455059051513672,17.30312156677246,17.508684158325195,17.758935928344727,17.749998092651367,17.555159759521484,17.63559799194336,17.700522994995122,17.743754577636718,17.736935806274413,17.639118766784673,17.605190086364747,17.612936592102052,17.610719108581538,17.58171100616455,17.564579963684082,17.571007442474365,17.58370761871338,17.593191432952878,17.589721393585204,17.593284861246744,17.612281672159828,17.626633326212566,17.6329558690389,17.629171307881673,17.36203144391378,17.336809889475504,17.320152441660564,17.298450724283853,17.272431023915612,13383660.0,14148600.0,14248220.0,14684280.0,13845960.0,14368160.0,15527400.0,15451630.0,15436610.0,14430050.0,12821705.0,12888875.0,12861855.0,13004045.0,13208255.0,13474960.0,13675493.333333336,13785483.333333336,14078113.333333336,13998313.333333336,14695108.333333336,14717981.666666664,14698080.0,14713591.666666664,14581621.666666664,0
2019-05-07,17.213744475326937,17.580184377943954,17.19586894234449,17.481870651245114,15226900,1,17.424670791625978,17.584212684631346,17.542423152923586,17.577336756388345,17.413640403747554,12332120.0,13508200.0,13174825.0,13246910.0,14801681.666666664,17.374618530273438,17.455059051513672,17.30312156677246,17.508684158325195,17.758935928344727,17.480083847045893,17.555159759521484,17.63559799194336,17.700522994995122,17.743754577636718,17.608509826660157,17.639118766784673,17.605190086364747,17.612936592102052,17.610719108581538,17.548392868041994,17.564579963684082,17.571007442474365,17.58370761871338,17.593191432952878,17.58690700531006,17.593284861246744,17.612281672159828,17.626633326212566,17.6329558690389,17.38738350868225,17.36203144391378,17.336809889475504,17.320152441660564,17.298450724283853,13078660.0,13383660.0,14148600.0,14248220.0,14684280.0,13462310.0,14368160.0,15527400.0,15451630.0,15436610.0,12923225.0,12821705.0,12888875.0,12861855.0,13004045.0,13221720.0,13474960.0,13675493.333333336,13785483.333333336,14078113.333333336,14691455.0,14695108.333333336,14717981.666666664,14698080.0,14713591.666666664,0
2019-05-08,17.44612373710829,17.696374415146042,17.374623299853948,17.58018684387207,12798600,1,17.438971328735352,17.569747161865234,17.54357624053955,17.572220611572266,17.437857882181802,12728740.0,13488480.0,13338945.0,13312173.333333336,14786638.333333336,17.481870651245114,17.374618530273438,17.455059051513672,17.30312156677246,17.508684158325195,17.424670791625978,17.480083847045893,17.555159759521484,17.63559799194336,17.700522994995122,17.584212684631346,17.608509826660157,17.639118766784673,17.605190086364747,17.612936592102052,17.542423152923586,17.548392868041994,17.564579963684082,17.571007442474365,17.58370761871338,17.577336756388345,17.58690700531006,17.593284861246744,17.612281672159828,17.626633326212566,17.413640403747554,17.38738350868225,17.36203144391378,17.336809889475504,17.320152441660564,12332120.0,13078660.0,13383660.0,14148600.0,14248220.0,13508200.0,13462310.0,14368160.0,15527400.0,15451630.0,13174825.0,12923225.0,12821705.0,12888875.0,12861855.0,13246910.0,13221720.0,13474960.0,13675493.333333336,13785483.333333336,14801681.666666664,14691455.0,14695108.333333336,14717981.666666664,14698080.0,0
2019-05-09,17.508682822580678,17.696370792689155,17.40143133630115,17.633808135986328,10568200,0,17.505108642578126,17.570353317260743,17.54961700439453,17.5721284866333,17.45987958908081,12366320.0,13257460.0,13368310.0,13226803.333333336,14719543.333333336,17.58018684387207,17.481870651245114,17.374618530273438,17.455059051513672,17.30312156677246,17.438971328735352,17.424670791625978,17.480083847045893,17.555159759521484,17.63559799194336,17.569747161865234,17.584212684631346,17.608509826660157,17.639118766784673,17.605190086364747,17.54357624053955,17.542423152923586,17.548392868041994,17.564579963684082,17.571007442474365,17.572220611572266,17.577336756388345,17.58690700531006,17.593284861246744,17.612281672159828,17.437857882181802,17.413640403747554,17.38738350868225,17.36203144391378,17.336809889475504,12728740.0,12332120.0,13078660.0,13383660.0,14148600.0,13488480.0,13508200.0,13462310.0,14368160.0,15527400.0,13338945.0,13174825.0,12923225.0,12821705.0,12888875.0,13312173.333333336,13246910.0,13221720.0,13474960.0,13675493.333333336,14786638.333333336,14801681.666666664,14691455.0,14695108.333333336,14717981.666666664,0
2019-05-10,17.329932784432675,17.624872272659108,17.258432354096104,17.606998443603516,22458200,0,17.535496520996094,17.54532814025879,17.55078649520874,17.57202542622884,17.477629375457767,14486420.0,13935040.0,14149005.0,13442536.666666664,14781761.666666664,17.633808135986328,17.58018684387207,17.481870651245114,17.374618530273438,17.455059051513672,17.505108642578126,17.438971328735352,17.424670791625978,17.480083847045893,17.555159759521484,17.570353317260743,17.569747161865234,17.584212684631346,17.608509826660157,17.639118766784673,17.54961700439453,17.54357624053955,17.542423152923586,17.548392868041994,17.564579963684082,17.5721284866333,17.572220611572266,17.577336756388345,17.58690700531006,17.593284861246744,17.45987958908081,17.437857882181802,17.413640403747554,17.38738350868225,17.36203144391378,12366320.0,12728740.0,12332120.0,13078660.0,13383660.0,13257460.0,13488480.0,13508200.0,13462310.0,14368160.0,13368310.0,13338945.0,13174825.0,12923225.0,12821705.0,13226803.333333336,13312173.333333336,13246910.0,13221720.0,13474960.0,14719543.333333336,14786638.333333336,14801681.666666664,14691455.0,14695108.333333336,0
2019-05-13,17.51762417436263,17.642749513381506,17.347809996619233,17.58018684387207,12008000,1,17.57661018371582,17.52834701538086,17.555029010772706,17.56926326751709,17.492872683207192,14611980.0,13845320.0,14137685.0,13420610.0,14761091.666666664,17.606998443603516,17.633808135986328,17.58018684387207,17.481870651245114,17.374618530273438,17.535496520996094,17.505108642578126,17.438971328735352,17.424670791625978,17.480083847045893,17.54532814025879,17.570353317260743,17.569747161865234,17.584212684631346,17.608509826660157,17.55078649520874,17.54961700439453,17.54357624053955,17.542423152923586,17.548392868041994,17.57202542622884,17.5721284866333,17.572220611572266,17.577336756388345,17.58690700531006,17.477629375457767,17.45987958908081,17.437857882181802,17.413640403747554,17.38738350868225,14486420.0,12366320.0,12728740.0,12332120.0,13078660.0,13935040.0,13257460.0,13488480.0,13508200.0,13462310.0,14149005.0,13368310.0,13338945.0,13174825.0,12923225.0,13442536.666666664,13226803.333333336,13312173.333333336,13246910.0,13221720.0,14781761.666666664,14719543.333333336,14786638.333333336,14801681.666666664,14691455.0,0
2019-05-14,17.66956207400619,17.937688276265035,17.624873237159836,17.812562942504886,13180300,1,17.642748641967774,17.533709716796874,17.57221441268921,17.573364194234212,17.51316588719686,14202660.0,13267390.0,14352000.0,13091826.666666664,14660435.0,17.58018684387207,17.606998443603516,17.633808135986328,17.58018684387207,17.481870651245114,17.57661018371582,17.535496520996094,17.505108642578126,17.438971328735352,17.424670791625978,17.52834701538086,17.54532814025879,17.570353317260743,17.569747161865234,17.584212684631346,17.555029010772706,17.55078649520874,17.54961700439453,17.54357624053955,17.542423152923586,17.56926326751709,17.57202542622884,17.5721284866333,17.572220611572266,17.577336756388345,17.492872683207192,17.477629375457767,17.45987958908081,17.437857882181802,17.413640403747554,14611980.0,14486420.0,12366320.0,12728740.0,12332120.0,13845320.0,13935040.0,13257460.0,13488480.0,13508200.0,14137685.0,14149005.0,13368310.0,13338945.0,13174825.0,13420610.0,13442536.666666664,13226803.333333336,13312173.333333336,13246910.0,14761091.666666664,14781761.666666664,14719543.333333336,14786638.333333336,14801681.666666664,0
2019-05-15,17.821497751721676,18.12537497301767,17.794684454064548,18.000247955322266,11610200,1,17.726760864257812,17.58286609649658,17.597901344299316,17.583427111307778,17.531438032786053,13964980.0,13346860.0,14399245.0,13023523.333333336,14546681.666666664,17.812562942504886,17.58018684387207,17.606998443603516,17.633808135986328,17.58018684387207,17.642748641967774,17.57661018371582,17.535496520996094,17.505108642578126,17.438971328735352,17.533709716796874,17.52834701538086,17.54532814025879,17.570353317260743,17.569747161865234,17.57221441268921,17.555029010772706,17.55078649520874,17.54961700439453,17.54357624053955,17.573364194234212,17.56926326751709,17.57202542622884,17.5721284866333,17.572220611572266,17.51316588719686,17.492872683207192,17.477629375457767,17.45987958908081,17.437857882181802,14202660.0,14611980.0,14486420.0,12366320.0,12728740.0,13267390.0,13845320.0,13935040.0,13257460.0,13488480.0,14352000.0,14137685.0,14149005.0,13368310.0,13338945.0,13091826.666666664,13420610.0,13442536.666666664,13226803.333333336,13312173.333333336,14660435.0,14761091.666666664,14781761.666666664,14719543.333333336,14786638.333333336,0
2019-05-16,18.08068747774064,18.286250994166632,18.01812481662878,18.25050163269043,11815000,0,17.850099563598633,17.677604103088374,17.641397094726567,17.606539662679037,17.55358680089315,14214340.0,13290330.0,14408865.0,13022693.333333336,14513816.666666664,18.000247955322266,17.812562942504886,17.58018684387207,17.606998443603516,17.633808135986328,17.726760864257812,17.642748641967774,17.57661018371582,17.535496520996094,17.505108642578126,17.58286609649658,17.533709716796874,17.52834701538086,17.54532814025879,17.570353317260743,17.597901344299316,17.57221441268921,17.555029010772706,17.55078649520874,17.54961700439453,17.583427111307778,17.573364194234212,17.56926326751709,17.57202542622884,17.5721284866333,17.531438032786053,17.51316588719686,17.492872683207192,17.477629375457767,17.45987958908081,13964980.0,14202660.0,14611980.0,14486420.0,12366320.0,13346860.0,13267390.0,13845320.0,13935040.0,13257460.0,14399245.0,14352000.0,14137685.0,14149005.0,13368310.0,13023523.333333336,13091826.666666664,13420610.0,13442536.666666664,13226803.333333336,14546681.666666664,14660435.0,14761091.666666664,14781761.666666664,14719543.333333336,0
2019-05-17,18.134314940943927,18.36669006337144,18.009187908054408,18.06281280517578,12568400,1,17.941262435913085,17.73837947845459,17.68874912261963,17.62251313527425,17.57231318155924,12236380.0,13361400.0,13864780.0,13001603.333333336,14469743.333333336,18.25050163269043,18.000247955322266,17.812562942504886,17.58018684387207,17.606998443603516,17.850099563598633,17.726760864257812,17.642748641967774,17.57661018371582,17.535496520996094,17.677604103088374,17.58286609649658,17.533709716796874,17.52834701538086,17.54532814025879,17.641397094726567,17.597901344299316,17.57221441268921,17.555029010772706,17.55078649520874,17.606539662679037,17.583427111307778,17.573364194234212,17.56926326751709,17.57202542622884,17.55358680089315,17.531438032786053,17.51316588719686,17.492872683207192,17.477629375457767,14214340.0,13964980.0,14202660.0,14611980.0,14486420.0,13290330.0,13346860.0,13267390.0,13845320.0,13935040.0,14408865.0,14399245.0,14352000.0,14137685.0,14149005.0,13022693.333333336,13023523.333333336,13091826.666666664,13420610.0,13442536.666666664,14513816.666666664,14546681.666666664,14660435.0,14761091.666666664,14781761.666666664,0
2019-05-20,18.07175112002876,18.1700648549858,17.982376857018497,18.134315490722656,12507900,1,18.052088165283198,17.81434917449951,17.711429500579833,17.6370449701945,17.590318743387858,12336360.0,13474170.0,13468240.0,13106873.333333336,14423345.0,18.06281280517578,18.25050163269043,18.000247955322266,17.812562942504886,17.58018684387207,17.941262435913085,17.850099563598633,17.726760864257812,17.642748641967774,17.57661018371582,17.73837947845459,17.677604103088374,17.58286609649658,17.533709716796874,17.52834701538086,17.68874912261963,17.641397094726567,17.597901344299316,17.57221441268921,17.555029010772706,17.62251313527425,17.606539662679037,17.583427111307778,17.573364194234212,17.56926326751709,17.57231318155924,17.55358680089315,17.531438032786053,17.51316588719686,17.492872683207192,12236380.0,14214340.0,13964980.0,14202660.0,14611980.0,13361400.0,13290330.0,13346860.0,13267390.0,13845320.0,13864780.0,14408865.0,14399245.0,14352000.0,14137685.0,13001603.333333336,13022693.333333336,13023523.333333336,13091826.666666664,13420610.0,14469743.333333336,14513816.666666664,14546681.666666664,14660435.0,14761091.666666664,0
2019-05-21,18.1432497890007,18.38456436695436,18.10750042821384,18.179000854492188,10707300,0,18.125375747680664,17.884062194824214,17.734137439727782,17.656302833557127,17.609363301595053,11841760.0,13022210.0,13265205.0,13123953.333333336,14356108.333333336,18.134315490722656,18.06281280517578,18.25050163269043,18.000247955322266,17.812562942504886,18.052088165283198,17.941262435913085,17.850099563598633,17.726760864257812,17.642748641967774,17.81434917449951,17.73837947845459,17.677604103088374,17.58286609649658,17.533709716796874,17.711429500579833,17.68874912261963,17.641397094726567,17.597901344299316,17.57221441268921,17.6370449701945,17.62251313527425,17.606539662679037,17.583427111307778,17.573364194234212,17.590318743387858,17.57231318155924,17.55358680089315,17.531438032786053,17.51316588719686,12336360.0,12236380.0,14214340.0,13964980.0,14202660.0,13474170.0,13361400.0,13290330.0,13346860.0,13267390.0,13468240.0,13864780.0,14408865.0,14399245.0,14352000.0,13106873.333333336,13001603.333333336,13022693.333333336,13023523.333333336,13091826.666666664,14423345.0,14469743.333333336,14513816.666666664,14546681.666666664,14660435.0,0
2019-05-22,18.10750042821384,18.22368798165192,18.02706223556262,18.179000854492188,12994500,0,18.161126327514648,17.943943595886235,17.75684537887573,17.677032025655112,17.62958482106527,12118620.0,13041800.0,13265140.0,13239896.666666664,14302185.0,18.179000854492188,18.134315490722656,18.06281280517578,18.25050163269043,18.000247955322266,18.125375747680664,18.052088165283198,17.941262435913085,17.850099563598633,17.726760864257812,17.884062194824214,17.81434917449951,17.73837947845459,17.677604103088374,17.58286609649658,17.734137439727782,17.711429500579833,17.68874912261963,17.641397094726567,17.597901344299316,17.656302833557127,17.6370449701945,17.62251313527425,17.606539662679037,17.583427111307778,17.609363301595053,17.590318743387858,17.57231318155924,17.55358680089315,17.531438032786053,11841760.0,12336360.0,12236380.0,14214340.0,13964980.0,13022210.0,13474170.0,13361400.0,13290330.0,13346860.0,13265205.0,13468240.0,13864780.0,14408865.0,14399245.0,13123953.333333336,13106873.333333336,13001603.333333336,13022693.333333336,13023523.333333336,14356108.333333336,14423345.0,14469743.333333336,14513816.666666664,14546681.666666664,0
2019-05-23,18.036002014976308,18.05387754971719,17.705311441089407,17.839374542236328,17335700,1,18.07890090942383,17.96450023651123,17.767426776885987,17.687911415100093,17.64326311747233,13222760.0,13718550.0,13488005.0,13485056.666666664,14429745.0,18.179000854492188,18.179000854492188,18.134315490722656,18.06281280517578,18.25050163269043,18.161126327514648,18.125375747680664,18.052088165283198,17.941262435913085,17.850099563598633,17.943943595886235,17.884062194824214,17.81434917449951,17.73837947845459,17.677604103088374,17.75684537887573,17.734137439727782,17.711429500579833,17.68874912261963,17.641397094726567,17.677032025655112,17.656302833557127,17.6370449701945,17.62251313527425,17.606539662679037,17.62958482106527,17.609363301595053,17.590318743387858,17.57231318155924,17.55358680089315,12118620.0,11841760.0,12336360.0,12236380.0,14214340.0,13041800.0,13022210.0,13474170.0,13361400.0,13290330.0,13265140.0,13265205.0,13468240.0,13864780.0,14408865.0,13239896.666666664,13123953.333333336,13106873.333333336,13001603.333333336,13022693.333333336,14302185.0,14356108.333333336,14423345.0,14469743.333333336,14513816.666666664,1
2019-05-24,17.910875255858997,17.9823756844277,17.857248655903952,17.928749084472656,9645300,0,18.052088165283198,17.996675300598145,17.771001720428465,17.69941609700521,17.660196495056148,12638140.0,12437260.0,13186150.0,13578423.333333336,14393458.333333336,17.839374542236328,18.179000854492188,18.179000854492188,18.134315490722656,18.06281280517578,18.07890090942383,18.161126327514648,18.125375747680664,18.052088165283198,17.941262435913085,17.96450023651123,17.943943595886235,17.884062194824214,17.81434917449951,17.73837947845459,17.767426776885987,17.75684537887573,17.734137439727782,17.711429500579833,17.68874912261963,17.687911415100093,17.677032025655112,17.656302833557127,17.6370449701945,17.62251313527425,17.64326311747233,17.62958482106527,17.609363301595053,17.590318743387858,17.57231318155924,13222760.0,12118620.0,11841760.0,12336360.0,12236380.0,13718550.0,13041800.0,13022210.0,13474170.0,13361400.0,13488005.0,13265140.0,13265205.0,13468240.0,13864780.0,13485056.666666664,13239896.666666664,13123953.333333336,13106873.333333336,13001603.333333336,14429745.0,14302185.0,14356108.333333336,14423345.0,14469743.333333336,0
2019-05-28,17.973440929584985,18.080690738057584,17.669563631070993,17.76787567138672,15454200,1,17.978800201416014,18.015444183349608,17.771895599365234,17.708500734965007,17.665915743509927,13227400.0,12781880.0,13313600.0,13685750.0,14321358.333333336,17.928749084472656,17.839374542236328,18.179000854492188,18.179000854492188,18.134315490722656,18.052088165283198,18.07890090942383,18.161126327514648,18.125375747680664,18.052088165283198,17.996675300598145,17.96450023651123,17.943943595886235,17.884062194824214,17.81434917449951,17.771001720428465,17.767426776885987,17.75684537887573,17.734137439727782,17.711429500579833,17.69941609700521,17.687911415100093,17.677032025655112,17.656302833557127,17.6370449701945,17.660196495056148,17.64326311747233,17.62958482106527,17.609363301595053,17.590318743387858,12638140.0,13222760.0,12118620.0,11841760.0,12336360.0,12437260.0,13718550.0,13041800.0,13022210.0,13474170.0,13186150.0,13488005.0,13265140.0,13265205.0,13468240.0,13578423.333333336,13485056.666666664,13239896.666666664,13123953.333333336,13106873.333333336,14393458.333333336,14429745.0,14302185.0,14356108.333333336,14423345.0,0
2019-05-29,17.624873101815687,17.848312170217177,17.49974776901639,17.794687271118164,13586500,1,17.90193748474121,18.013656616210938,17.773683166503908,17.71936181386312,17.67046356201172,13803240.0,12822500.0,13044945.0,13842166.666666664,14247976.666666664,17.76787567138672,17.928749084472656,17.839374542236328,18.179000854492188,18.179000854492188,17.978800201416014,18.052088165283198,18.07890090942383,18.161126327514648,18.125375747680664,18.015444183349608,17.996675300598145,17.96450023651123,17.943943595886235,17.884062194824214,17.771895599365234,17.771001720428465,17.767426776885987,17.75684537887573,17.734137439727782,17.708500734965007,17.69941609700521,17.687911415100093,17.677032025655112,17.656302833557127,17.665915743509927,17.660196495056148,17.64326311747233,17.62958482106527,17.609363301595053,13227400.0,12638140.0,13222760.0,12118620.0,11841760.0,12781880.0,12437260.0,13718550.0,13041800.0,13022210.0,13313600.0,13186150.0,13488005.0,13265140.0,13265205.0,13685750.0,13578423.333333336,13485056.666666664,13239896.666666664,13123953.333333336,14321358.333333336,14393458.333333336,14429745.0,14302185.0,14356108.333333336,0
2019-05-30,17.8751241892223,18.116438774905923,17.82149929397195,17.928749084472656,23522000,0,17.851887130737303,18.006506729125977,17.79468641281128,17.734103139241537,17.675480270385737,15908740.0,14013680.0,13680270.0,14270723.333333336,14403596.666666664,17.794687271118164,17.76787567138672,17.928749084472656,17.839374542236328,18.179000854492188,17.90193748474121,17.978800201416014,18.052088165283198,18.07890090942383,18.161126327514648,18.013656616210938,18.015444183349608,17.996675300598145,17.96450023651123,17.943943595886235,17.773683166503908,17.771895599365234,17.771001720428465,17.767426776885987,17.75684537887573,17.71936181386312,17.708500734965007,17.69941609700521,17.687911415100093,17.677032025655112,17.67046356201172,17.665915743509927,17.660196495056148,17.64326311747233,17.62958482106527,13803240.0,13227400.0,12638140.0,13222760.0,12118620.0,12822500.0,12781880.0,12437260.0,13718550.0,13041800.0,13044945.0,13313600.0,13186150.0,13488005.0,13265140.0,13842166.666666664,13685750.0,13578423.333333336,13485056.666666664,13239896.666666664,14247976.666666664,14321358.333333336,14393458.333333336,14429745.0,14302185.0,0
2019-05-31,17.749998512912487,17.96449979435889,17.669560319282006,17.83043670654297,14576800,1,17.850099563598633,17.96450023651123,17.821052169799806,17.749098141988114,17.678417110443114,15356960.0,14289860.0,13790095.0,14369196.666666664,14392160.0,17.928749084472656,17.794687271118164,17.76787567138672,17.928749084472656,17.839374542236328,17.851887130737303,17.90193748474121,17.978800201416014,18.052088165283198,18.07890090942383,18.006506729125977,18.013656616210938,18.015444183349608,17.996675300598145,17.96450023651123,17.79468641281128,17.773683166503908,17.771895599365234,17.771001720428465,17.767426776885987,17.734103139241537,17.71936181386312,17.708500734965007,17.69941609700521,17.687911415100093,17.675480270385737,17.67046356201172,17.665915743509927,17.660196495056148,17.64326311747233,15908740.0,13803240.0,13227400.0,12638140.0,13222760.0,14013680.0,12822500.0,12781880.0,12437260.0,13718550.0,13680270.0,13044945.0,13313600.0,13186150.0,13488005.0,14270723.333333336,13842166.666666664,13685750.0,13578423.333333336,13485056.666666664,14403596.666666664,14247976.666666664,14321358.333333336,14393458.333333336,14429745.0,0
2019-06-03,17.937685298826832,18.018123487093693,17.785746688178836,18.000247955322266,17651000,1,17.86439933776855,17.958243751525874,17.848311614990234,17.77858066558838,17.686538028717038,16958100.0,14798120.0,14079760.0,14175893.333333336,14402791.666666664,17.83043670654297,17.928749084472656,17.794687271118164,17.76787567138672,17.928749084472656,17.850099563598633,17.851887130737303,17.90193748474121,17.978800201416014,18.052088165283198,17.96450023651123,18.006506729125977,18.013656616210938,18.015444183349608,17.996675300598145,17.821052169799806,17.79468641281128,17.773683166503908,17.771895599365234,17.771001720428465,17.749098141988114,17.734103139241537,17.71936181386312,17.708500734965007,17.69941609700521,17.678417110443114,17.675480270385737,17.67046356201172,17.665915743509927,17.660196495056148,15356960.0,15908740.0,13803240.0,13227400.0,12638140.0,14289860.0,14013680.0,12822500.0,12781880.0,12437260.0,13790095.0,13680270.0,13044945.0,13313600.0,13186150.0,14369196.666666664,14270723.333333336,13842166.666666664,13685750.0,13578423.333333336,14392160.0,14403596.666666664,14247976.666666664,14321358.333333336,14393458.333333336,1
2019-06-04,18.009186702816876,18.250501280770536,17.991311170071132,18.179000854492188,12118500,1,17.94662437438965,17.962712287902832,17.888530731201172,17.7951904296875,17.69925651550293,16290960.0,14759180.0,14116675.0,13898553.333333336,14310143.333333336,18.000247955322266,17.83043670654297,17.928749084472656,17.794687271118164,17.76787567138672,17.86439933776855,17.850099563598633,17.851887130737303,17.90193748474121,17.978800201416014,17.958243751525874,17.96450023651123,18.006506729125977,18.013656616210938,18.015444183349608,17.848311614990234,17.821052169799806,17.79468641281128,17.773683166503908,17.771895599365234,17.77858066558838,17.749098141988114,17.734103139241537,17.71936181386312,17.708500734965007,17.686538028717038,17.678417110443114,17.675480270385737,17.67046356201172,17.665915743509927,16958100.0,15356960.0,15908740.0,13803240.0,13227400.0,14798120.0,14289860.0,14013680.0,12822500.0,12781880.0,14079760.0,13790095.0,13680270.0,13044945.0,13313600.0,14175893.333333336,14369196.666666664,14270723.333333336,13842166.666666664,13685750.0,14402791.666666664,14392160.0,14403596.666666664,14247976.666666664,14321358.333333336,0
2019-06-05,18.205814647066703,18.348815503499328,18.044938257403825,18.295188903808594,14187300,1,18.046724700927733,17.974331092834472,17.929196643829343,17.814201990763348,17.711410427093504,16411120.0,15107180.0,14064695.0,13879196.666666664,14331815.0,18.179000854492188,18.000247955322266,17.83043670654297,17.928749084472656,17.794687271118164,17.94662437438965,17.86439933776855,17.850099563598633,17.851887130737303,17.90193748474121,17.962712287902832,17.958243751525874,17.96450023651123,18.006506729125977,18.013656616210938,17.888530731201172,17.848311614990234,17.821052169799806,17.79468641281128,17.773683166503908,17.7951904296875,17.77858066558838,17.749098141988114,17.734103139241537,17.71936181386312,17.69925651550293,17.686538028717038,17.678417110443114,17.675480270385737,17.67046356201172,16290960.0,16958100.0,15356960.0,15908740.0,13803240.0,14759180.0,14798120.0,14289860.0,14013680.0,12822500.0,14116675.0,14079760.0,13790095.0,13680270.0,13044945.0,13898553.333333336,14175893.333333336,14369196.666666664,14270723.333333336,13842166.666666664,14310143.333333336,14402791.666666664,14392160.0,14403596.666666664,14247976.666666664,1
2019-06-06,18.322002180192694,18.876131776688087,18.28625111377797,18.643754959106445,17335200,1,18.18972587585449,18.020806503295894,17.982375049591067,17.84483242034912,17.729962221781413,15173760.0,15541250.0,14291525.0,14023843.333333336,14305058.333333336,18.295188903808594,18.179000854492188,18.000247955322266,17.83043670654297,17.928749084472656,18.046724700927733,17.94662437438965,17.86439933776855,17.850099563598633,17.851887130737303,17.974331092834472,17.962712287902832,17.958243751525874,17.96450023651123,18.006506729125977,17.929196643829343,17.888530731201172,17.848311614990234,17.821052169799806,17.79468641281128,17.814201990763348,17.7951904296875,17.77858066558838,17.749098141988114,17.734103139241537,17.711410427093504,17.69925651550293,17.686538028717038,17.678417110443114,17.675480270385737,16411120.0,16290960.0,16958100.0,15356960.0,15908740.0,15107180.0,14759180.0,14798120.0,14289860.0,14013680.0,14064695.0,14116675.0,14079760.0,13790095.0,13680270.0,13879196.666666664,13898553.333333336,14175893.333333336,14369196.666666664,14270723.333333336,14331815.0,14310143.333333336,14402791.666666664,14392160.0,14403596.666666664,1
2019-06-07,18.634816351296386,18.99231847578195,18.634816351296386,18.885066986083984,27581700,0,18.40065193176269,18.125375747680664,18.044937992095946,17.886743100484214,17.750770473480227,17774740.0,16565850.0,15142200.0,14513953.333333336,14479121.666666664,18.643754959106445,18.295188903808594,18.179000854492188,18.000247955322266,17.83043670654297,18.18972587585449,18.046724700927733,17.94662437438965,17.86439933776855,17.850099563598633,18.020806503295894,17.974331092834472,17.962712287902832,17.958243751525874,17.96450023651123,17.982375049591067,17.929196643829343,17.888530731201172,17.848311614990234,17.821052169799806,17.84483242034912,17.814201990763348,17.7951904296875,17.77858066558838,17.749098141988114,17.729962221781413,17.711410427093504,17.69925651550293,17.686538028717038,17.678417110443114,15173760.0,16411120.0,16290960.0,16958100.0,15356960.0,15541250.0,15107180.0,14759180.0,14798120.0,14289860.0,14291525.0,14064695.0,14116675.0,14079760.0,13790095.0,14023843.333333336,13879196.666666664,13898553.333333336,14175893.333333336,14369196.666666664,14305058.333333336,14331815.0,14310143.333333336,14402791.666666664,14392160.0,1
2019-06-10,18.92975854096784,18.938696308454148,18.62588126525278,18.661630630493164,13990800,0,18.532928466796875,18.198663902282714,18.09766960144043,17.91355578104655,17.76785478591919,17042700.0,17000400.0,14718830.0,14457566.666666664,14490023.333333336,18.885066986083984,18.643754959106445,18.295188903808594,18.179000854492188,18.000247955322266,18.40065193176269,18.18972587585449,18.046724700927733,17.94662437438965,17.86439933776855,18.125375747680664,18.020806503295894,17.974331092834472,17.962712287902832,17.958243751525874,18.044937992095946,17.982375049591067,17.929196643829343,17.888530731201172,17.848311614990234,17.886743100484214,17.84483242034912,17.814201990763348,17.7951904296875,17.77858066558838,17.750770473480227,17.729962221781413,17.711410427093504,17.69925651550293,17.686538028717038,17774740.0,15173760.0,16411120.0,16290960.0,16958100.0,16565850.0,15541250.0,15107180.0,14759180.0,14798120.0,15142200.0,14291525.0,14064695.0,14116675.0,14079760.0,14513953.333333336,14023843.333333336,13879196.666666664,13898553.333333336,14175893.333333336,14479121.666666664,14305058.333333336,14331815.0,14310143.333333336,14402791.666666664,0
2019-06-11,18.75994216193366,18.75994216193366,18.3845644951781,18.572254180908203,13338500,0,18.611579132080077,18.279101753234862,18.147272968292235,17.940964317321782,17.785067812601724,17286700.0,16788830.0,14785355.0,14472010.0,14235161.666666664,18.661630630493164,18.885066986083984,18.643754959106445,18.295188903808594,18.179000854492188,18.532928466796875,18.40065193176269,18.18972587585449,18.046724700927733,17.94662437438965,18.198663902282714,18.125375747680664,18.020806503295894,17.974331092834472,17.962712287902832,18.09766960144043,18.044937992095946,17.982375049591067,17.929196643829343,17.888530731201172,17.91355578104655,17.886743100484214,17.84483242034912,17.814201990763348,17.7951904296875,17.76785478591919,17.750770473480227,17.729962221781413,17.711410427093504,17.69925651550293,17042700.0,17774740.0,15173760.0,16411120.0,16290960.0,17000400.0,16565850.0,15541250.0,15107180.0,14759180.0,14718830.0,15142200.0,14291525.0,14064695.0,14116675.0,14457566.666666664,14513953.333333336,14023843.333333336,13879196.666666664,13898553.333333336,14490023.333333336,14479121.666666664,14305058.333333336,14331815.0,14310143.333333336,1
2019-06-12,18.402439975107136,18.46500263526897,18.152187629755154,18.214750289916992,13500700,1,18.59549140930176,18.321108055114745,18.167382335662843,17.956158129374185,17.794556999206538,17149380.0,16780250.0,14801375.0,14290046.666666664,14184080.0,18.572254180908203,18.661630630493164,18.885066986083984,18.643754959106445,18.295188903808594,18.611579132080077,18.532928466796875,18.40065193176269,18.18972587585449,18.046724700927733,18.279101753234862,18.198663902282714,18.125375747680664,18.020806503295894,17.974331092834472,18.147272968292235,18.09766960144043,18.044937992095946,17.982375049591067,17.929196643829343,17.940964317321782,17.91355578104655,17.886743100484214,17.84483242034912,17.814201990763348,17.785067812601724,17.76785478591919,17.750770473480227,17.729962221781413,17.711410427093504,17286700.0,17042700.0,17774740.0,15173760.0,16411120.0,16788830.0,17000400.0,16565850.0,15541250.0,15107180.0,14785355.0,14718830.0,15142200.0,14291525.0,14064695.0,14472010.0,14457566.666666664,14513953.333333336,14023843.333333336,13879196.666666664,14235161.666666664,14490023.333333336,14479121.666666664,14305058.333333336,14331815.0,1
2019-06-13,18.304127015141606,18.411378511838254,18.21475105201184,18.33987808227539,10054900,1,18.534716033935545,18.36222095489502,18.184363842010494,17.98386459350586,17.805248959859213,15693320.0,15433540.0,14723610.0,14264693.333333336,14025088.333333336,18.214750289916992,18.572254180908203,18.661630630493164,18.885066986083984,18.643754959106445,18.59549140930176,18.611579132080077,18.532928466796875,18.40065193176269,18.18972587585449,18.321108055114745,18.279101753234862,18.198663902282714,18.125375747680664,18.020806503295894,18.167382335662843,18.147272968292235,18.09766960144043,18.044937992095946,17.982375049591067,17.956158129374185,17.940964317321782,17.91355578104655,17.886743100484214,17.84483242034912,17.794556999206538,17.785067812601724,17.76785478591919,17.750770473480227,17.729962221781413,17149380.0,17286700.0,17042700.0,17774740.0,15173760.0,16780250.0,16788830.0,17000400.0,16565850.0,15541250.0,14801375.0,14785355.0,14718830.0,15142200.0,14291525.0,14290046.666666664,14472010.0,14457566.666666664,14513953.333333336,14023843.333333336,14184080.0,14235161.666666664,14490023.333333336,14479121.666666664,14305058.333333336,1
2019-06-14,18.420314433019087,18.500752621305985,18.286249649404553,18.34881401062012,7534300,0,18.427465438842773,18.414058685302734,18.18927946090698,18.01872100830078,17.815501340230306,11683840.0,14729290.0,14509575.0,14103160.0,13889326.666666664,18.33987808227539,18.214750289916992,18.572254180908203,18.661630630493164,18.885066986083984,18.534716033935545,18.59549140930176,18.611579132080077,18.532928466796875,18.40065193176269,18.36222095489502,18.321108055114745,18.279101753234862,18.198663902282714,18.125375747680664,18.184363842010494,18.167382335662843,18.147272968292235,18.09766960144043,18.044937992095946,17.98386459350586,17.956158129374185,17.940964317321782,17.91355578104655,17.886743100484214,17.805248959859213,17.794556999206538,17.785067812601724,17.76785478591919,17.750770473480227,15693320.0,17149380.0,17286700.0,17042700.0,17774740.0,15433540.0,16780250.0,16788830.0,17000400.0,16565850.0,14723610.0,14801375.0,14785355.0,14718830.0,15142200.0,14264693.333333336,14290046.666666664,14472010.0,14457566.666666664,14513953.333333336,14025088.333333336,14184080.0,14235161.666666664,14490023.333333336,14479121.666666664,1
2019-06-17,18.250502119145626,18.393502978271364,18.116439026803327,18.33987808227539,10170900,1,18.36311492919922,18.448021697998048,18.203132724761964,18.04821497599284,17.820749918619793,10919860.0,13981280.0,14389700.0,14046933.333333336,13760946.666666664,18.34881401062012,18.33987808227539,18.214750289916992,18.572254180908203,18.661630630493164,18.427465438842773,18.534716033935545,18.59549140930176,18.611579132080077,18.532928466796875,18.414058685302734,18.36222095489502,18.321108055114745,18.279101753234862,18.198663902282714,18.18927946090698,18.184363842010494,18.167382335662843,18.147272968292235,18.09766960144043,18.01872100830078,17.98386459350586,17.956158129374185,17.940964317321782,17.91355578104655,17.815501340230306,17.805248959859213,17.794556999206538,17.785067812601724,17.76785478591919,11683840.0,15693320.0,17149380.0,17286700.0,17042700.0,14729290.0,15433540.0,16780250.0,16788830.0,17000400.0,14509575.0,14723610.0,14801375.0,14785355.0,14718830.0,14103160.0,14264693.333333336,14290046.666666664,14472010.0,14457566.666666664,13889326.666666664,14025088.333333336,14184080.0,14235161.666666664,14490023.333333336,1
2019-06-18,18.4560648582899,18.63481677696818,18.438189325481144,18.59012794494629,10490400,1,18.36668968200684,18.489134407043462,18.225923347473145,18.088731956481933,17.837819480895995,10350240.0,13818470.0,14288825.0,14017273.333333336,13619496.666666664,18.33987808227539,18.34881401062012,18.33987808227539,18.214750289916992,18.572254180908203,18.36311492919922,18.427465438842773,18.534716033935545,18.59549140930176,18.611579132080077,18.448021697998048,18.414058685302734,18.36222095489502,18.321108055114745,18.279101753234862,18.203132724761964,18.18927946090698,18.184363842010494,18.167382335662843,18.147272968292235,18.04821497599284,18.01872100830078,17.98386459350586,17.956158129374185,17.940964317321782,17.820749918619793,17.815501340230306,17.805248959859213,17.794556999206538,17.785067812601724,10919860.0,11683840.0,15693320.0,17149380.0,17286700.0,13981280.0,14729290.0,15433540.0,16780250.0,16788830.0,14389700.0,14509575.0,14723610.0,14801375.0,14785355.0,14046933.333333336,14103160.0,14264693.333333336,14290046.666666664,14472010.0,13760946.666666664,13889326.666666664,14025088.333333336,14184080.0,14235161.666666664,0
2019-06-19,18.59012870721732,18.786756166766878,18.482878915376386,18.715255737304688,10637200,1,18.466790771484376,18.531141090393067,18.25273609161377,18.129844792683922,17.853590774536137,9777540.0,13463460.0,14285320.0,13864283.333333336,13555596.666666664,18.59012794494629,18.33987808227539,18.34881401062012,18.33987808227539,18.214750289916992,18.36668968200684,18.36311492919922,18.427465438842773,18.534716033935545,18.59549140930176,18.489134407043462,18.448021697998048,18.414058685302734,18.36222095489502,18.321108055114745,18.225923347473145,18.203132724761964,18.18927946090698,18.184363842010494,18.167382335662843,18.088731956481933,18.04821497599284,18.01872100830078,17.98386459350586,17.956158129374185,17.837819480895995,17.820749918619793,17.815501340230306,17.805248959859213,17.794556999206538,10350240.0,10919860.0,11683840.0,15693320.0,17149380.0,13818470.0,13981280.0,14729290.0,15433540.0,16780250.0,14288825.0,14389700.0,14509575.0,14723610.0,14801375.0,14017273.333333336,14046933.333333336,14103160.0,14264693.333333336,14290046.666666664,13619496.666666664,13760946.666666664,13889326.666666664,14025088.333333336,14184080.0,0
2019-06-20,18.902942512635175,19.054881128582608,18.786754961477552,18.85825538635254,11726300,1,18.570466232299804,18.55259113311768,18.28669881820679,18.17244707743327,17.872333844502766,10111820.0,12902570.0,14221910.0,13828540.0,13570356.666666664,18.715255737304688,18.59012794494629,18.33987808227539,18.34881401062012,18.33987808227539,18.466790771484376,18.36668968200684,18.36311492919922,18.427465438842773,18.534716033935545,18.531141090393067,18.489134407043462,18.448021697998048,18.414058685302734,18.36222095489502,18.25273609161377,18.225923347473145,18.203132724761964,18.18927946090698,18.184363842010494,18.129844792683922,18.088731956481933,18.04821497599284,18.01872100830078,17.98386459350586,17.853590774536137,17.837819480895995,17.820749918619793,17.815501340230306,17.805248959859213,9777540.0,10350240.0,10919860.0,11683840.0,15693320.0,13463460.0,13818470.0,13981280.0,14729290.0,15433540.0,14285320.0,14288825.0,14389700.0,14509575.0,14723610.0,13864283.333333336,14017273.333333336,14046933.333333336,14103160.0,14264693.333333336,13555596.666666664,13619496.666666664,13760946.666666664,13889326.666666664,14025088.333333336,0
2019-06-21,18.867190506998888,19.126378871563197,18.8582527420547,19.108503341674805,20937100,0,18.722404098510747,18.574934768676762,18.35015525817871,18.22160358428955,17.896866035461425,12792380.0,12238110.0,14401980.0,14174170.0,13700486.666666664,18.85825538635254,18.715255737304688,18.59012794494629,18.33987808227539,18.34881401062012,18.570466232299804,18.466790771484376,18.36668968200684,18.36311492919922,18.427465438842773,18.55259113311768,18.531141090393067,18.489134407043462,18.448021697998048,18.414058685302734,18.28669881820679,18.25273609161377,18.225923347473145,18.203132724761964,18.18927946090698,18.17244707743327,18.129844792683922,18.088731956481933,18.04821497599284,18.01872100830078,17.872333844502766,17.853590774536137,17.837819480895995,17.820749918619793,17.815501340230306,10111820.0,9777540.0,10350240.0,10919860.0,11683840.0,12902570.0,13463460.0,13818470.0,13981280.0,14729290.0,14221910.0,14285320.0,14288825.0,14389700.0,14509575.0,13828540.0,13864283.333333336,14017273.333333336,14046933.333333336,14103160.0,13570356.666666664,13555596.666666664,13619496.666666664,13760946.666666664,13889326.666666664,1
2019-06-24,19.162134768002684,19.215759666498823,18.88506909891223,18.91188240051269,9477900,0,18.836804962158205,18.599959945678712,18.39931192398071,18.265099716186523,17.918562571207683,12653780.0,11786820.0,14393610.0,13741493.333333336,13592015.0,19.108503341674805,18.85825538635254,18.715255737304688,18.59012794494629,18.33987808227539,18.722404098510747,18.570466232299804,18.466790771484376,18.36668968200684,18.36311492919922,18.574934768676762,18.55259113311768,18.531141090393067,18.489134407043462,18.448021697998048,18.35015525817871,18.28669881820679,18.25273609161377,18.225923347473145,18.203132724761964,18.22160358428955,18.17244707743327,18.129844792683922,18.088731956481933,18.04821497599284,17.896866035461425,17.872333844502766,17.853590774536137,17.837819480895995,17.820749918619793,12792380.0,10111820.0,9777540.0,10350240.0,10919860.0,12238110.0,12902570.0,13463460.0,13818470.0,13981280.0,14401980.0,14221910.0,14285320.0,14288825.0,14389700.0,14174170.0,13828540.0,13864283.333333336,14017273.333333336,14046933.333333336,13700486.666666664,13570356.666666664,13555596.666666664,13619496.666666664,13760946.666666664,0
2019-06-25,18.840381305152878,18.876132372696425,18.357753826248093,18.393503189086914,18208400,1,18.797480010986327,18.582084846496578,18.430593299865727,18.29221026102702,17.930736764272055,14197380.0,12273810.0,14531320.0,13948173.333333336,13684391.666666664,18.91188240051269,19.108503341674805,18.85825538635254,18.715255737304688,18.59012794494629,18.836804962158205,18.722404098510747,18.570466232299804,18.466790771484376,18.36668968200684,18.599959945678712,18.574934768676762,18.55259113311768,18.531141090393067,18.489134407043462,18.39931192398071,18.35015525817871,18.28669881820679,18.25273609161377,18.225923347473145,18.265099716186523,18.22160358428955,18.17244707743327,18.129844792683922,18.088731956481933,17.918562571207683,17.896866035461425,17.872333844502766,17.853590774536137,17.837819480895995,12653780.0,12792380.0,10111820.0,9777540.0,10350240.0,11786820.0,12238110.0,12902570.0,13463460.0,13818470.0,14393610.0,14401980.0,14221910.0,14285320.0,14288825.0,13741493.333333336,14174170.0,13828540.0,13864283.333333336,14017273.333333336,13592015.0,13700486.666666664,13570356.666666664,13555596.666666664,13619496.666666664,1
2019-06-26,18.465003829873897,18.599066925280358,18.411378932652266,18.44712829589844,13960600,0,18.743854522705078,18.605322647094727,18.463215351104733,18.31336243947347,17.94336331685384,14862060.0,12319800.0,14550025.0,13974183.333333336,13533005.0,18.393503189086914,18.91188240051269,19.108503341674805,18.85825538635254,18.715255737304688,18.797480010986327,18.836804962158205,18.722404098510747,18.570466232299804,18.466790771484376,18.582084846496578,18.599959945678712,18.574934768676762,18.55259113311768,18.531141090393067,18.430593299865727,18.39931192398071,18.35015525817871,18.28669881820679,18.25273609161377,18.29221026102702,18.265099716186523,18.22160358428955,18.17244707743327,18.129844792683922,17.930736764272055,17.918562571207683,17.896866035461425,17.872333844502766,17.853590774536137,14197380.0,12653780.0,12792380.0,10111820.0,9777540.0,12273810.0,11786820.0,12238110.0,12902570.0,13463460.0,14531320.0,14393610.0,14401980.0,14221910.0,14285320.0,13948173.333333336,13741493.333333336,14174170.0,13828540.0,13864283.333333336,13684391.666666664,13592015.0,13700486.666666664,13570356.666666664,13555596.666666664,0
2019-06-27,18.42031571781449,18.45606507915518,18.143250070077027,18.24156379699707,16180200,1,18.620516204833983,18.595491218566888,18.47885608673096,18.32140630086263,17.952416706085202,15752840.0,12932330.0,14182935.0,14126516.666666664,13575020.0,18.44712829589844,18.393503189086914,18.91188240051269,19.108503341674805,18.85825538635254,18.743854522705078,18.797480010986327,18.836804962158205,18.722404098510747,18.570466232299804,18.605322647094727,18.582084846496578,18.599959945678712,18.574934768676762,18.55259113311768,18.463215351104733,18.430593299865727,18.39931192398071,18.35015525817871,18.28669881820679,18.31336243947347,18.29221026102702,18.265099716186523,18.22160358428955,18.17244707743327,17.94336331685384,17.930736764272055,17.918562571207683,17.896866035461425,17.872333844502766,14862060.0,14197380.0,12653780.0,12792380.0,10111820.0,12319800.0,12273810.0,11786820.0,12238110.0,12902570.0,14550025.0,14531320.0,14393610.0,14401980.0,14221910.0,13974183.333333336,13948173.333333336,13741493.333333336,14174170.0,13828540.0,13533005.0,13684391.666666664,13592015.0,13700486.666666664,13570356.666666664,0
2019-06-28,18.330941757024018,18.661630630493164,18.2951906870788,18.661630630493164,15049100,0,18.53114166259765,18.6267728805542,18.52041578292847,18.33511060078939,17.970825131734212,14575240.0,13683810.0,14206550.0,14234320.0,13628506.666666664,18.24156379699707,18.44712829589844,18.393503189086914,18.91188240051269,19.108503341674805,18.620516204833983,18.743854522705078,18.797480010986327,18.836804962158205,18.722404098510747,18.595491218566888,18.605322647094727,18.582084846496578,18.599959945678712,18.574934768676762,18.47885608673096,18.463215351104733,18.430593299865727,18.39931192398071,18.35015525817871,18.32140630086263,18.31336243947347,18.29221026102702,18.265099716186523,18.22160358428955,17.952416706085202,17.94336331685384,17.930736764272055,17.918562571207683,17.896866035461425,15752840.0,14862060.0,14197380.0,12653780.0,12792380.0,12932330.0,12319800.0,12273810.0,11786820.0,12238110.0,14182935.0,14550025.0,14531320.0,14393610.0,14401980.0,14126516.666666664,13974183.333333336,13948173.333333336,13741493.333333336,14174170.0,13575020.0,13533005.0,13684391.666666664,13592015.0,13700486.666666664,1
2019-07-01,18.77781990311031,18.822507035837,18.64375680022539,18.661630630493164,9671800,1,18.48109130859375,18.658948135375976,18.55348491668701,18.355071194966637,17.988792165120444,14614020.0,13633900.0,13807590.0,14137766.666666664,13569685.0,18.661630630493164,18.24156379699707,18.44712829589844,18.393503189086914,18.91188240051269,18.53114166259765,18.620516204833983,18.743854522705078,18.797480010986327,18.836804962158205,18.6267728805542,18.595491218566888,18.605322647094727,18.582084846496578,18.599959945678712,18.52041578292847,18.47885608673096,18.463215351104733,18.430593299865727,18.39931192398071,18.33511060078939,18.32140630086263,18.31336243947347,18.29221026102702,18.265099716186523,17.970825131734212,17.952416706085202,17.94336331685384,17.930736764272055,17.918562571207683,14575240.0,15752840.0,14862060.0,14197380.0,12653780.0,13683810.0,12932330.0,12319800.0,12273810.0,11786820.0,14206550.0,14182935.0,14550025.0,14531320.0,14393610.0,14234320.0,14126516.666666664,13974183.333333336,13948173.333333336,13741493.333333336,13628506.666666664,13575020.0,13533005.0,13684391.666666664,13592015.0,0
2019-07-02,18.67950481158107,18.85825673894164,18.652693215770284,18.75994300842285,8805300,1,18.55437927246093,18.675929641723638,18.582532024383546,18.37592544555664,18.00648520787557,12733400.0,13465390.0,13641930.0,14014346.666666664,13560610.0,18.661630630493164,18.661630630493164,18.24156379699707,18.44712829589844,18.393503189086914,18.48109130859375,18.53114166259765,18.620516204833983,18.743854522705078,18.797480010986327,18.658948135375976,18.6267728805542,18.595491218566888,18.605322647094727,18.582084846496578,18.55348491668701,18.52041578292847,18.47885608673096,18.463215351104733,18.430593299865727,18.355071194966637,18.33511060078939,18.32140630086263,18.31336243947347,18.29221026102702,17.988792165120444,17.970825131734212,17.952416706085202,17.94336331685384,17.930736764272055,14614020.0,14575240.0,15752840.0,14862060.0,14197380.0,13633900.0,13683810.0,12932330.0,12319800.0,12273810.0,13807590.0,14206550.0,14182935.0,14550025.0,14531320.0,14137766.666666664,14234320.0,14126516.666666664,13974183.333333336,13948173.333333336,13569685.0,13628506.666666664,13575020.0,13533005.0,13684391.666666664,0
2019-07-03,18.76887929061832,18.84931748109733,18.643753974186325,18.84037971496582,5638000,1,18.633029556274415,18.688442039489747,18.609791564941407,18.397971407572427,18.027137120564774,11068880.0,12965470.0,13214465.0,13845370.0,13484661.666666664,18.75994300842285,18.661630630493164,18.661630630493164,18.24156379699707,18.44712829589844,18.55437927246093,18.48109130859375,18.53114166259765,18.620516204833983,18.743854522705078,18.675929641723638,18.658948135375976,18.6267728805542,18.595491218566888,18.605322647094727,18.582532024383546,18.55348491668701,18.52041578292847,18.47885608673096,18.463215351104733,18.37592544555664,18.355071194966637,18.33511060078939,18.32140630086263,18.31336243947347,18.00648520787557,17.988792165120444,17.970825131734212,17.952416706085202,17.94336331685384,12733400.0,14614020.0,14575240.0,15752840.0,14862060.0,13465390.0,13633900.0,13683810.0,12932330.0,12319800.0,13641930.0,13807590.0,14206550.0,14182935.0,14550025.0,14014346.666666664,14137766.666666664,14234320.0,14126516.666666664,13974183.333333336,13560610.0,13569685.0,13628506.666666664,13575020.0,13533005.0,0
2019-07-05,18.78675503067717,18.87613098827627,18.69737907307808,18.8671932220459,5317400,0,18.75815544128418,18.68933582305908,18.620963478088374,18.42091115315755,18.048971589406328,8896320.0,12324580.0,12613575.0,13589466.666666664,13414681.666666664,18.84037971496582,18.75994300842285,18.661630630493164,18.661630630493164,18.24156379699707,18.633029556274415,18.55437927246093,18.48109130859375,18.53114166259765,18.620516204833983,18.688442039489747,18.675929641723638,18.658948135375976,18.6267728805542,18.595491218566888,18.609791564941407,18.582532024383546,18.55348491668701,18.52041578292847,18.47885608673096,18.397971407572427,18.37592544555664,18.355071194966637,18.33511060078939,18.32140630086263,18.027137120564774,18.00648520787557,17.988792165120444,17.970825131734212,17.952416706085202,11068880.0,12733400.0,14614020.0,14575240.0,15752840.0,12965470.0,13465390.0,13633900.0,13683810.0,12932330.0,13214465.0,13641930.0,13807590.0,14206550.0,14182935.0,13845370.0,14014346.666666664,14137766.666666664,14234320.0,14126516.666666664,13484661.666666664,13560610.0,13569685.0,13628506.666666664,13575020.0,0
2019-07-08,18.82250213623047,18.983378499697253,18.77781501513609,18.82250213623047,8368800,1,18.79032974243164,18.66073570251465,18.617835235595702,18.45368207295736,18.070796744028726,7560260.0,11067750.0,11652930.0,13290570.0,13387813.333333336,18.8671932220459,18.84037971496582,18.75994300842285,18.661630630493164,18.661630630493164,18.75815544128418,18.633029556274415,18.55437927246093,18.48109130859375,18.53114166259765,18.68933582305908,18.688442039489747,18.675929641723638,18.658948135375976,18.6267728805542,18.620963478088374,18.609791564941407,18.582532024383546,18.55348491668701,18.52041578292847,18.42091115315755,18.397971407572427,18.37592544555664,18.355071194966637,18.33511060078939,18.048971589406328,18.027137120564774,18.00648520787557,17.988792165120444,17.970825131734212,8896320.0,11068880.0,12733400.0,14614020.0,14575240.0,12324580.0,12965470.0,13465390.0,13633900.0,13683810.0,12613575.0,13214465.0,13641930.0,13807590.0,14206550.0,13589466.666666664,13845370.0,14014346.666666664,14137766.666666664,14234320.0,13414681.666666664,13484661.666666664,13560610.0,13569685.0,13628506.666666664,0
2019-07-09,18.79569517820805,19.0012587134364,18.75994410875713,18.983383178710934,8998100,0,18.854680252075195,18.667885780334476,18.633922863006593,18.4888365427653,18.094126319885255,7425520.0,11019770.0,11403295.0,13268996.666666664,13423710.0,18.82250213623047,18.8671932220459,18.84037971496582,18.75994300842285,18.661630630493164,18.79032974243164,18.75815544128418,18.633029556274415,18.55437927246093,18.48109130859375,18.66073570251465,18.68933582305908,18.688442039489747,18.675929641723638,18.658948135375976,18.617835235595702,18.620963478088374,18.609791564941407,18.582532024383546,18.55348491668701,18.45368207295736,18.42091115315755,18.397971407572427,18.37592544555664,18.355071194966637,18.070796744028726,18.048971589406328,18.027137120564774,18.00648520787557,17.988792165120444,7560260.0,8896320.0,11068880.0,12733400.0,14614020.0,11067750.0,12324580.0,12965470.0,13465390.0,13633900.0,11652930.0,12613575.0,13214465.0,13641930.0,13807590.0,13290570.0,13589466.666666664,13845370.0,14014346.666666664,14137766.666666664,13387813.333333336,13414681.666666664,13484661.666666664,13560610.0,13569685.0,0
2019-07-10,19.019134039842953,19.10850830308169,18.902944770104913,18.929758071899414,13145000,1,18.888643264770508,18.721511268615718,18.651798057556157,18.527565956115726,18.118033345540365,8293460.0,10513430.0,11393620.0,13192023.333333336,13438886.666666664,18.983383178710934,18.82250213623047,18.8671932220459,18.84037971496582,18.75994300842285,18.854680252075195,18.79032974243164,18.75815544128418,18.633029556274415,18.55437927246093,18.667885780334476,18.66073570251465,18.68933582305908,18.688442039489747,18.675929641723638,18.633922863006593,18.617835235595702,18.620963478088374,18.609791564941407,18.582532024383546,18.4888365427653,18.45368207295736,18.42091115315755,18.397971407572427,18.37592544555664,18.094126319885255,18.070796744028726,18.048971589406328,18.027137120564774,18.00648520787557,7425520.0,7560260.0,8896320.0,11068880.0,12733400.0,11019770.0,11067750.0,12324580.0,12965470.0,13465390.0,11403295.0,11652930.0,12613575.0,13214465.0,13641930.0,13268996.666666664,13290570.0,13589466.666666664,13845370.0,14014346.666666664,13423710.0,13387813.333333336,13414681.666666664,13484661.666666664,13560610.0,0
2019-07-11,18.98338338341369,19.019134453250125,18.822506978559407,19.010196685791016,12844400,1,18.922606658935546,18.77781810760498,18.69157037734985,18.568082936604817,18.14372237523397,9734740.0,10401810.0,11360805.0,13167286.666666664,13504726.666666664,18.929758071899414,18.983383178710934,18.82250213623047,18.8671932220459,18.84037971496582,18.888643264770508,18.854680252075195,18.79032974243164,18.75815544128418,18.633029556274415,18.721511268615718,18.667885780334476,18.66073570251465,18.68933582305908,18.688442039489747,18.651798057556157,18.633922863006593,18.617835235595702,18.620963478088374,18.609791564941407,18.527565956115726,18.4888365427653,18.45368207295736,18.42091115315755,18.397971407572427,18.118033345540365,18.094126319885255,18.070796744028726,18.048971589406328,18.027137120564774,8293460.0,7425520.0,7560260.0,8896320.0,11068880.0,10513430.0,11019770.0,11067750.0,12324580.0,12965470.0,11393620.0,11403295.0,11652930.0,12613575.0,13214465.0,13192023.333333336,13268996.666666664,13290570.0,13589466.666666664,13845370.0,13438886.666666664,13423710.0,13387813.333333336,13414681.666666664,13484661.666666664,0
2019-07-12,19.037006511751727,19.135320239947347,18.956568316810703,19.0280704498291,9298300,0,18.954782104492192,18.856468772888185,18.72597999572754,18.6047269821167,18.16941506067912,10530920.0,9713620.0,11322975.0,12693163.333333336,13481943.333333336,19.010196685791016,18.929758071899414,18.983383178710934,18.82250213623047,18.8671932220459,18.922606658935546,18.888643264770508,18.854680252075195,18.79032974243164,18.75815544128418,18.77781810760498,18.721511268615718,18.667885780334476,18.66073570251465,18.68933582305908,18.69157037734985,18.651798057556157,18.633922863006593,18.617835235595702,18.620963478088374,18.568082936604817,18.527565956115726,18.4888365427653,18.45368207295736,18.42091115315755,18.14372237523397,18.118033345540365,18.094126319885255,18.070796744028726,18.048971589406328,9734740.0,8293460.0,7425520.0,7560260.0,8896320.0,10401810.0,10513430.0,11019770.0,11067750.0,12324580.0,11360805.0,11393620.0,11403295.0,11652930.0,12613575.0,13167286.666666664,13192023.333333336,13268996.666666664,13290570.0,13589466.666666664,13504726.666666664,13438886.666666664,13423710.0,13387813.333333336,13414681.666666664,0
2019-07-15,19.037008078182502,19.099572449721613,18.956569876622748,18.983383178710934,10602300,0,18.986958312988282,18.88864402770996,18.75770845413208,18.64315853118897,18.19612833658854,10977620.0,9268940.0,11476375.0,12560680.0,13464938.333333336,19.0280704498291,19.010196685791016,18.929758071899414,18.983383178710934,18.82250213623047,18.954782104492192,18.922606658935546,18.888643264770508,18.854680252075195,18.79032974243164,18.856468772888185,18.77781810760498,18.721511268615718,18.667885780334476,18.66073570251465,18.72597999572754,18.69157037734985,18.651798057556157,18.633922863006593,18.617835235595702,18.6047269821167,18.568082936604817,18.527565956115726,18.4888365427653,18.45368207295736,18.16941506067912,18.14372237523397,18.118033345540365,18.094126319885255,18.070796744028726,10530920.0,9734740.0,8293460.0,7425520.0,7560260.0,9713620.0,10401810.0,10513430.0,11019770.0,11067750.0,11322975.0,11360805.0,11393620.0,11403295.0,11652930.0,12693163.333333336,13167286.666666664,13192023.333333336,13268996.666666664,13290570.0,13481943.333333336,13504726.666666664,13438886.666666664,13423710.0,13387813.333333336,0
2019-07-16,18.94763234959784,18.98338171158105,18.661628930208682,18.68844223022461,13494400,0,18.92797012329101,18.891325187683105,18.77513666152954,18.666098340352377,18.222339502970375,11876880.0,9651200.0,11642550.0,12422126.666666664,13299010.0,18.983383178710934,19.0280704498291,19.010196685791016,18.929758071899414,18.983383178710934,18.986958312988282,18.954782104492192,18.922606658935546,18.888643264770508,18.854680252075195,18.88864402770996,18.856468772888185,18.77781810760498,18.721511268615718,18.667885780334476,18.75770845413208,18.72597999572754,18.69157037734985,18.651798057556157,18.633922863006593,18.64315853118897,18.6047269821167,18.568082936604817,18.527565956115726,18.4888365427653,18.19612833658854,18.16941506067912,18.14372237523397,18.118033345540365,18.094126319885255,10977620.0,10530920.0,9734740.0,8293460.0,7425520.0,9268940.0,9713620.0,10401810.0,10513430.0,11019770.0,11476375.0,11322975.0,11360805.0,11393620.0,11403295.0,12560680.0,12693163.333333336,13167286.666666664,13192023.333333336,13268996.666666664,13464938.333333336,13481943.333333336,13504726.666666664,13438886.666666664,13423710.0,0
2019-07-17,18.724193815056328,18.76888094494812,18.393503257860967,18.402441024780273,12659200,0,18.822506713867188,18.855574989318846,18.765752315521237,18.673546346028647,18.234368387858073,11779720.0,10036590.0,11750990.0,12440150.0,13169351.666666664,18.68844223022461,18.983383178710934,19.0280704498291,19.010196685791016,18.929758071899414,18.92797012329101,18.986958312988282,18.954782104492192,18.922606658935546,18.888643264770508,18.891325187683105,18.88864402770996,18.856468772888185,18.77781810760498,18.721511268615718,18.77513666152954,18.75770845413208,18.72597999572754,18.69157037734985,18.651798057556157,18.666098340352377,18.64315853118897,18.6047269821167,18.568082936604817,18.527565956115726,18.222339502970375,18.19612833658854,18.16941506067912,18.14372237523397,18.118033345540365,11876880.0,10977620.0,10530920.0,9734740.0,8293460.0,9651200.0,9268940.0,9713620.0,10401810.0,10513430.0,11642550.0,11476375.0,11322975.0,11360805.0,11393620.0,12422126.666666664,12560680.0,12693163.333333336,13167286.666666664,13192023.333333336,13299010.0,13464938.333333336,13481943.333333336,13504726.666666664,13438886.666666664,0
2019-07-18,17.97343768860736,18.25943939923565,17.946624388971703,18.25050163269043,23602000,1,18.67056770324707,18.796587181091308,18.742514610290527,18.672056770324712,18.243129380544023,13931240.0,11832990.0,12399230.0,12753973.333333336,13316585.0,18.402441024780273,18.68844223022461,18.983383178710934,19.0280704498291,19.010196685791016,18.822506713867188,18.92797012329101,18.986958312988282,18.954782104492192,18.922606658935546,18.855574989318846,18.891325187683105,18.88864402770996,18.856468772888185,18.77781810760498,18.765752315521237,18.77513666152954,18.75770845413208,18.72597999572754,18.69157037734985,18.673546346028647,18.666098340352377,18.64315853118897,18.6047269821167,18.568082936604817,18.234368387858073,18.222339502970375,18.19612833658854,18.16941506067912,18.14372237523397,11779720.0,11876880.0,10977620.0,10530920.0,9734740.0,10036590.0,9651200.0,9268940.0,9713620.0,10401810.0,11750990.0,11642550.0,11476375.0,11322975.0,11360805.0,12440150.0,12422126.666666664,12560680.0,12693163.333333336,13167286.666666664,13169351.666666664,13299010.0,13464938.333333336,13481943.333333336,13504726.666666664,1
2019-07-19,18.286251344023803,18.456065502222533,18.125376657246,18.322002410888672,14109800,1,18.529354095458984,18.742068099975587,18.715701961517333,18.66133168538412,18.253082052866613,14893540.0,12712230.0,12518405.0,12646460.0,13335151.666666664,18.25050163269043,18.402441024780273,18.68844223022461,18.983383178710934,19.0280704498291,18.67056770324707,18.822506713867188,18.92797012329101,18.986958312988282,18.954782104492192,18.796587181091308,18.855574989318846,18.891325187683105,18.88864402770996,18.856468772888185,18.742514610290527,18.765752315521237,18.77513666152954,18.75770845413208,18.72597999572754,18.672056770324712,18.673546346028647,18.666098340352377,18.64315853118897,18.6047269821167,18.243129380544023,18.234368387858073,18.222339502970375,18.19612833658854,18.16941506067912,13931240.0,11779720.0,11876880.0,10977620.0,10530920.0,11832990.0,10036590.0,9651200.0,9268940.0,9713620.0,12399230.0,11750990.0,11642550.0,11476375.0,11322975.0,12753973.333333336,12440150.0,12422126.666666664,12560680.0,12693163.333333336,13316585.0,13169351.666666664,13299010.0,13464938.333333336,13481943.333333336,0
2019-07-22,18.339881068063494,18.60800729639984,18.313067763347867,18.56332015991211,8897000,0,18.445341491699214,18.71614990234375,18.6884428024292,18.650606791178387,18.2686749458313,14552480.0,12765050.0,11916400.0,12023636.666666664,13268795.0,18.322002410888672,18.25050163269043,18.402441024780273,18.68844223022461,18.983383178710934,18.529354095458984,18.67056770324707,18.822506713867188,18.92797012329101,18.986958312988282,18.742068099975587,18.796587181091308,18.855574989318846,18.891325187683105,18.88864402770996,18.715701961517333,18.742514610290527,18.765752315521237,18.77513666152954,18.75770845413208,18.66133168538412,18.672056770324712,18.673546346028647,18.666098340352377,18.64315853118897,18.253082052866613,18.243129380544023,18.234368387858073,18.222339502970375,18.19612833658854,14893540.0,13931240.0,11779720.0,11876880.0,10977620.0,12712230.0,11832990.0,10036590.0,9651200.0,9268940.0,12518405.0,12399230.0,11750990.0,11642550.0,11476375.0,12646460.0,12753973.333333336,12440150.0,12422126.666666664,12560680.0,13335151.666666664,13316585.0,13169351.666666664,13299010.0,13464938.333333336,0
2019-07-23,18.581192953756908,18.643755617487315,18.375627724022358,18.402441024780273,9347300,1,18.388141250610357,18.65805568695068,18.662970733642574,18.64196713765462,18.277761459350586,13723060.0,12799970.0,11909870.0,11868853.333333336,13163210.0,18.56332015991211,18.322002410888672,18.25050163269043,18.402441024780273,18.68844223022461,18.445341491699214,18.529354095458984,18.67056770324707,18.822506713867188,18.92797012329101,18.71614990234375,18.742068099975587,18.796587181091308,18.855574989318846,18.891325187683105,18.6884428024292,18.715701961517333,18.742514610290527,18.765752315521237,18.77513666152954,18.650606791178387,18.66133168538412,18.672056770324712,18.673546346028647,18.666098340352377,18.2686749458313,18.253082052866613,18.243129380544023,18.234368387858073,18.222339502970375,14552480.0,14893540.0,13931240.0,11779720.0,11876880.0,12765050.0,12712230.0,11832990.0,10036590.0,9651200.0,11916400.0,12518405.0,12399230.0,11750990.0,11642550.0,12023636.666666664,12646460.0,12753973.333333336,12440150.0,12422126.666666664,13268795.0,13335151.666666664,13316585.0,13169351.666666664,13299010.0,0
2019-07-24,18.384563800169133,18.545440180511847,18.35775220658173,18.456064224243164,9142300,0,18.39886589050293,18.61068630218506,18.66609878540039,18.63809413909912,18.289529228210448,13019680.0,12399700.0,11456565.0,11728980.0,13100495.0,18.402441024780273,18.56332015991211,18.322002410888672,18.25050163269043,18.402441024780273,18.388141250610357,18.445341491699214,18.529354095458984,18.67056770324707,18.822506713867188,18.65805568695068,18.71614990234375,18.742068099975587,18.796587181091308,18.855574989318846,18.662970733642574,18.6884428024292,18.715701961517333,18.742514610290527,18.765752315521237,18.64196713765462,18.650606791178387,18.66133168538412,18.672056770324712,18.673546346028647,18.277761459350586,18.2686749458313,18.253082052866613,18.243129380544023,18.234368387858073,13723060.0,14552480.0,14893540.0,13931240.0,11779720.0,12799970.0,12765050.0,12712230.0,11832990.0,10036590.0,11909870.0,11916400.0,12518405.0,12399230.0,11750990.0,11868853.333333336,12023636.666666664,12646460.0,12753973.333333336,12440150.0,13163210.0,13268795.0,13335151.666666664,13316585.0,13169351.666666664,0
2019-07-25,18.625880014005784,18.625880014005784,18.33987829247632,18.393503189086914,9062200,1,18.427466201782227,18.54901695251465,18.663417530059814,18.64405256907145,18.300105349222818,10111720.0,12021480.0,11211645.0,11581030.0,12935538.333333336,18.456064224243164,18.402441024780273,18.56332015991211,18.322002410888672,18.25050163269043,18.39886589050293,18.388141250610357,18.445341491699214,18.529354095458984,18.67056770324707,18.61068630218506,18.65805568695068,18.71614990234375,18.742068099975587,18.796587181091308,18.66609878540039,18.662970733642574,18.6884428024292,18.715701961517333,18.742514610290527,18.63809413909912,18.64196713765462,18.650606791178387,18.66133168538412,18.672056770324712,18.289529228210448,18.277761459350586,18.2686749458313,18.253082052866613,18.243129380544023,13019680.0,13723060.0,14552480.0,14893540.0,13931240.0,12399700.0,12799970.0,12765050.0,12712230.0,11832990.0,11456565.0,11909870.0,11916400.0,12518405.0,12399230.0,11728980.0,11868853.333333336,12023636.666666664,12646460.0,12753973.333333336,13100495.0,13163210.0,13268795.0,13335151.666666664,13316585.0,0
2019-07-26,18.563316695553414,18.67950425156113,18.500754034264286,18.634817123413086,16583800,1,18.49002914428711,18.509691619873045,18.68308019638061,18.65388387044271,18.318874231974284,10606520.0,12750030.0,11231825.0,11798660.0,13031676.666666664,18.393503189086914,18.456064224243164,18.402441024780273,18.56332015991211,18.322002410888672,18.427466201782227,18.39886589050293,18.388141250610357,18.445341491699214,18.529354095458984,18.54901695251465,18.61068630218506,18.65805568695068,18.71614990234375,18.742068099975587,18.663417530059814,18.66609878540039,18.662970733642574,18.6884428024292,18.715701961517333,18.64405256907145,18.63809413909912,18.64196713765462,18.650606791178387,18.66133168538412,18.300105349222818,18.289529228210448,18.277761459350586,18.2686749458313,18.253082052866613,10111720.0,13019680.0,13723060.0,14552480.0,14893540.0,12021480.0,12399700.0,12799970.0,12765050.0,12712230.0,11211645.0,11456565.0,11909870.0,11916400.0,12518405.0,11581030.0,11728980.0,11868853.333333336,12023636.666666664,12646460.0,12935538.333333336,13100495.0,13163210.0,13268795.0,13335151.666666664,1
2019-07-29,18.643756868334496,18.71525730378132,18.456067159846075,18.670568466186523,15285100,1,18.511478805541987,18.478410148620604,18.683527088165285,18.66460901896159,18.341665013631186,11884140.0,13218310.0,11243625.0,12057020.0,13080090.0,18.634817123413086,18.393503189086914,18.456064224243164,18.402441024780273,18.56332015991211,18.49002914428711,18.427466201782227,18.39886589050293,18.388141250610357,18.445341491699214,18.509691619873045,18.54901695251465,18.61068630218506,18.65805568695068,18.71614990234375,18.68308019638061,18.663417530059814,18.66609878540039,18.662970733642574,18.6884428024292,18.65388387044271,18.64405256907145,18.63809413909912,18.64196713765462,18.650606791178387,18.318874231974284,18.300105349222818,18.289529228210448,18.277761459350586,18.2686749458313,10606520.0,10111720.0,13019680.0,13723060.0,14552480.0,12750030.0,12021480.0,12399700.0,12799970.0,12765050.0,11231825.0,11211645.0,11456565.0,11909870.0,11916400.0,11798660.0,11581030.0,11728980.0,11868853.333333336,12023636.666666664,13031676.666666664,12935538.333333336,13100495.0,13163210.0,13268795.0,0
2019-07-30,18.589152908022726,18.733885839371947,18.47155804830873,18.715795516967773,14444300,0,18.574149703979494,18.481145477294927,18.68623533248901,18.677139600118,18.362677288055423,12903540.0,13313300.0,11482250.0,12199466.666666664,13123200.0,18.670568466186523,18.634817123413086,18.393503189086914,18.456064224243164,18.402441024780273,18.511478805541987,18.49002914428711,18.427466201782227,18.39886589050293,18.388141250610357,18.478410148620604,18.509691619873045,18.54901695251465,18.61068630218506,18.65805568695068,18.683527088165285,18.68308019638061,18.663417530059814,18.66609878540039,18.662970733642574,18.66460901896159,18.65388387044271,18.64405256907145,18.63809413909912,18.64196713765462,18.341665013631186,18.318874231974284,18.300105349222818,18.289529228210448,18.277761459350586,11884140.0,10606520.0,10111720.0,13019680.0,13723060.0,13218310.0,12750030.0,12021480.0,12399700.0,12799970.0,11243625.0,11231825.0,11211645.0,11456565.0,11909870.0,12057020.0,11798660.0,11581030.0,11728980.0,11868853.333333336,13080090.0,13031676.666666664,12935538.333333336,13100495.0,13163210.0,0
2019-07-31,18.7157957998088,18.78816226657704,18.444420255413387,18.652475357055664,20274000,1,18.613431930541992,18.506148910522466,18.68086194992065,18.679217847188315,18.383974901835124,15129880.0,14074780.0,12055685.0,12525586.666666664,13271430.0,18.715795516967773,18.670568466186523,18.634817123413086,18.393503189086914,18.456064224243164,18.574149703979494,18.511478805541987,18.49002914428711,18.427466201782227,18.39886589050293,18.481145477294927,18.478410148620604,18.509691619873045,18.54901695251465,18.61068630218506,18.68623533248901,18.683527088165285,18.68308019638061,18.663417530059814,18.66609878540039,18.677139600118,18.66460901896159,18.65388387044271,18.64405256907145,18.63809413909912,18.362677288055423,18.341665013631186,18.318874231974284,18.300105349222818,18.289529228210448,12903540.0,11884140.0,10606520.0,10111720.0,13019680.0,13313300.0,13218310.0,12750030.0,12021480.0,12399700.0,11482250.0,11243625.0,11231825.0,11211645.0,11456565.0,12199466.666666664,12057020.0,11798660.0,11581030.0,11728980.0,13123200.0,13080090.0,13031676.666666664,12935538.333333336,13100495.0,1
2019-08-01,18.589155041335765,18.91480503691981,18.562018691938995,18.788164138793945,21456400,0,18.692364120483397,18.559915161132814,18.67825117111206,18.68164812723796,18.405746459960934,17608720.0,13860220.0,12846605.0,12886226.666666664,13375255.0,18.652475357055664,18.715795516967773,18.670568466186523,18.634817123413086,18.393503189086914,18.613431930541992,18.574149703979494,18.511478805541987,18.49002914428711,18.427466201782227,18.506148910522466,18.481145477294927,18.478410148620604,18.509691619873045,18.54901695251465,18.68086194992065,18.68623533248901,18.683527088165285,18.68308019638061,18.663417530059814,18.679217847188315,18.677139600118,18.66460901896159,18.65388387044271,18.64405256907145,18.383974901835124,18.362677288055423,18.341665013631186,18.318874231974284,18.300105349222818,15129880.0,12903540.0,11884140.0,10606520.0,10111720.0,14074780.0,13313300.0,13218310.0,12750030.0,12021480.0,12055685.0,11482250.0,11243625.0,11231825.0,11211645.0,12525586.666666664,12199466.666666664,12057020.0,11798660.0,11581030.0,13271430.0,13123200.0,13080090.0,13031676.666666664,12935538.333333336,0
2019-08-02,18.788160261421197,18.842434674366807,18.254456978957343,18.281593322753906,15042800,0,18.62171936035156,18.55587425231933,18.648971176147466,18.662426058451334,18.4174365679423,17300520.0,13953520.0,13332875.0,12996776.666666664,13412658.333333336,18.788164138793945,18.652475357055664,18.715795516967773,18.670568466186523,18.634817123413086,18.692364120483397,18.613431930541992,18.574149703979494,18.511478805541987,18.49002914428711,18.559915161132814,18.506148910522466,18.481145477294927,18.478410148620604,18.509691619873045,18.67825117111206,18.68086194992065,18.68623533248901,18.683527088165285,18.68308019638061,18.68164812723796,18.679217847188315,18.677139600118,18.66460901896159,18.65388387044271,18.405746459960934,18.383974901835124,18.362677288055423,18.341665013631186,18.318874231974284,17608720.0,15129880.0,12903540.0,11884140.0,10606520.0,13860220.0,14074780.0,13313300.0,13218310.0,12750030.0,12846605.0,12055685.0,11482250.0,11243625.0,11231825.0,12886226.666666664,12525586.666666664,12199466.666666664,12057020.0,11798660.0,13375255.0,13271430.0,13123200.0,13080090.0,13031676.666666664,0
2019-08-05,18.01022367933391,18.1368645804822,17.702665726242742,17.946903228759766,18919500,1,18.47698631286621,18.4942325592041,18.605191230773926,18.6237060546875,18.422654819488525,18027400.0,14955770.0,13860410.0,12929523.333333336,13551846.666666664,18.281593322753906,18.788164138793945,18.652475357055664,18.715795516967773,18.670568466186523,18.62171936035156,18.692364120483397,18.613431930541992,18.574149703979494,18.511478805541987,18.55587425231933,18.559915161132814,18.506148910522466,18.481145477294927,18.478410148620604,18.648971176147466,18.67825117111206,18.68086194992065,18.68623533248901,18.683527088165285,18.662426058451334,18.68164812723796,18.679217847188315,18.677139600118,18.66460901896159,18.4174365679423,18.405746459960934,18.383974901835124,18.362677288055423,18.341665013631186,17300520.0,17608720.0,15129880.0,12903540.0,11884140.0,13953520.0,13860220.0,14074780.0,13313300.0,13218310.0,13332875.0,12846605.0,12055685.0,11482250.0,11243625.0,12996776.666666664,12886226.666666664,12525586.666666664,12199466.666666664,12057020.0,13412658.333333336,13375255.0,13271430.0,13123200.0,13080090.0,0
2019-08-06,17.98308386817718,18.14590885413904,17.8473969549932,18.118772506713867,13971400,0,18.35758171081543,18.465865707397466,18.561960697174076,18.59726905822754,18.431184387207036,17932820.0,15418180.0,14109075.0,13079306.666666664,13410400.0,17.946903228759766,18.281593322753906,18.788164138793945,18.652475357055664,18.715795516967773,18.47698631286621,18.62171936035156,18.692364120483397,18.613431930541992,18.574149703979494,18.4942325592041,18.55587425231933,18.559915161132814,18.506148910522466,18.481145477294927,18.605191230773926,18.648971176147466,18.67825117111206,18.68086194992065,18.68623533248901,18.6237060546875,18.662426058451334,18.68164812723796,18.679217847188315,18.677139600118,18.422654819488525,18.4174365679423,18.405746459960934,18.383974901835124,18.362677288055423,18027400.0,17300520.0,17608720.0,15129880.0,12903540.0,14955770.0,13953520.0,13860220.0,14074780.0,13313300.0,13860410.0,13332875.0,12846605.0,12055685.0,11482250.0,12929523.333333336,12996776.666666664,12886226.666666664,12525586.666666664,12199466.666666664,13551846.666666664,13412658.333333336,13375255.0,13271430.0,13123200.0,1
2019-08-07,17.910718026928595,18.109727116899585,17.6483902156297,18.064496994018555,20533700,1,18.239986038208013,18.426708984375,18.518697643280028,18.586302185058592,18.439256223042808,17984760.0,16557320.0,14478510.0,13156816.666666664,13552495.0,18.118772506713867,17.946903228759766,18.281593322753906,18.788164138793945,18.652475357055664,18.35758171081543,18.47698631286621,18.62171936035156,18.692364120483397,18.613431930541992,18.465865707397466,18.4942325592041,18.55587425231933,18.559915161132814,18.506148910522466,18.561960697174076,18.605191230773926,18.648971176147466,18.67825117111206,18.68086194992065,18.59726905822754,18.6237060546875,18.662426058451334,18.68164812723796,18.679217847188315,18.431184387207036,18.422654819488525,18.4174365679423,18.405746459960934,18.383974901835124,17932820.0,18027400.0,17300520.0,17608720.0,15129880.0,15418180.0,14955770.0,13953520.0,13860220.0,14074780.0,14109075.0,13860410.0,13332875.0,12846605.0,12055685.0,13079306.666666664,12929523.333333336,12996776.666666664,12886226.666666664,12525586.666666664,13410400.0,13551846.666666664,13412658.333333336,13375255.0,13271430.0,0
2019-08-08,18.163999156810256,18.426328659057614,18.10972474182384,18.426328659057614,18487900,0,18.167618942260738,18.42999153137207,18.489504241943358,18.585608863830565,18.44948565165202,17391060.0,17499890.0,14760685.0,13307726.666666664,13640955.0,18.064496994018555,18.118772506713867,17.946903228759766,18.281593322753906,18.788164138793945,18.239986038208013,18.35758171081543,18.47698631286621,18.62171936035156,18.692364120483397,18.426708984375,18.465865707397466,18.4942325592041,18.55587425231933,18.559915161132814,18.518697643280028,18.561960697174076,18.605191230773926,18.648971176147466,18.67825117111206,18.586302185058592,18.59726905822754,18.6237060546875,18.662426058451334,18.68164812723796,18.439256223042808,18.431184387207036,18.422654819488525,18.4174365679423,18.405746459960934,17984760.0,17932820.0,18027400.0,17300520.0,17608720.0,16557320.0,15418180.0,14955770.0,13953520.0,13860220.0,14478510.0,14109075.0,13860410.0,13332875.0,12846605.0,13156816.666666664,13079306.666666664,12929523.333333336,12996776.666666664,12886226.666666664,13552495.0,13410400.0,13551846.666666664,13412658.333333336,13375255.0,0
2019-08-09,18.417282635667792,18.552969535810114,18.335870150511887,18.426328659057614,14481300,0,18.196566009521483,18.409142684936523,18.459417152404786,18.591767692565924,18.45658699671427,17278760.0,17289640.0,15019835.0,13251096.666666664,13688806.666666664,18.426328659057614,18.064496994018555,18.118772506713867,17.946903228759766,18.281593322753906,18.167618942260738,18.239986038208013,18.35758171081543,18.47698631286621,18.62171936035156,18.42999153137207,18.426708984375,18.465865707397466,18.4942325592041,18.55587425231933,18.489504241943358,18.518697643280028,18.561960697174076,18.605191230773926,18.648971176147466,18.585608863830565,18.586302185058592,18.59726905822754,18.6237060546875,18.662426058451334,18.44948565165202,18.439256223042808,18.431184387207036,18.422654819488525,18.4174365679423,17391060.0,17984760.0,17932820.0,18027400.0,17300520.0,17499890.0,16557320.0,15418180.0,14955770.0,13953520.0,14760685.0,14478510.0,14109075.0,13860410.0,13332875.0,13307726.666666664,13156816.666666664,13079306.666666664,12929523.333333336,12996776.666666664,13640955.0,13552495.0,13410400.0,13551846.666666664,13412658.333333336,1
2019-08-12,18.399192810058594,18.408238834540466,18.209229746644766,18.399192810058594,17046600,1,18.28702392578125,18.38200511932373,18.430207633972167,18.5830197652181,18.459065183003744,16904180.0,17465790.0,15342050.0,13317680.0,13776000.0,18.426328659057614,18.426328659057614,18.064496994018555,18.118772506713867,17.946903228759766,18.196566009521483,18.167618942260738,18.239986038208013,18.35758171081543,18.47698631286621,18.409142684936523,18.42999153137207,18.426708984375,18.465865707397466,18.4942325592041,18.459417152404786,18.489504241943358,18.518697643280028,18.561960697174076,18.605191230773926,18.591767692565924,18.585608863830565,18.586302185058592,18.59726905822754,18.6237060546875,18.45658699671427,18.44948565165202,18.439256223042808,18.431184387207036,18.422654819488525,17278760.0,17391060.0,17984760.0,17932820.0,18027400.0,17289640.0,17499890.0,16557320.0,15418180.0,14955770.0,15019835.0,14760685.0,14478510.0,14109075.0,13860410.0,13251096.666666664,13307726.666666664,13156816.666666664,13079306.666666664,12929523.333333336,13688806.666666664,13640955.0,13552495.0,13410400.0,13551846.666666664,0
2019-08-13,18.417283976211863,18.670565748152548,18.326825461081906,18.55297088623047,15399500,0,18.37386360168457,18.36572265625,18.42343406677246,18.57939777374268,18.467234484354652,17189800.0,17561310.0,15437305.0,13508603.333333336,13823185.0,18.399192810058594,18.426328659057614,18.426328659057614,18.064496994018555,18.118772506713867,18.28702392578125,18.196566009521483,18.167618942260738,18.239986038208013,18.35758171081543,18.38200511932373,18.409142684936523,18.42999153137207,18.426708984375,18.465865707397466,18.430207633972167,18.459417152404786,18.489504241943358,18.518697643280028,18.561960697174076,18.5830197652181,18.591767692565924,18.585608863830565,18.586302185058592,18.59726905822754,18.459065183003744,18.45658699671427,18.44948565165202,18.439256223042808,18.431184387207036,16904180.0,17278760.0,17391060.0,17984760.0,17932820.0,17465790.0,17289640.0,17499890.0,16557320.0,15418180.0,15342050.0,15019835.0,14760685.0,14478510.0,14109075.0,13317680.0,13251096.666666664,13307726.666666664,13156816.666666664,13079306.666666664,13776000.0,13688806.666666664,13640955.0,13552495.0,13410400.0,1
2019-08-14,18.263505047538327,18.37205388558713,17.910717010498047,17.910717010498047,15012600,1,18.343107604980467,18.29154682159424,18.39884786605835,18.55109024047852,18.463507843017574,16085580.0,17035170.0,15554975.0,13715513.333333336,13864930.0,18.55297088623047,18.399192810058594,18.426328659057614,18.426328659057614,18.064496994018555,18.37386360168457,18.28702392578125,18.196566009521483,18.167618942260738,18.239986038208013,18.36572265625,18.38200511932373,18.409142684936523,18.42999153137207,18.426708984375,18.42343406677246,18.430207633972167,18.459417152404786,18.489504241943358,18.518697643280028,18.57939777374268,18.5830197652181,18.591767692565924,18.585608863830565,18.586302185058592,18.467234484354652,18.459065183003744,18.45658699671427,18.44948565165202,18.439256223042808,17189800.0,16904180.0,17278760.0,17391060.0,17984760.0,17561310.0,17465790.0,17289640.0,17499890.0,16557320.0,15437305.0,15342050.0,15019835.0,14760685.0,14478510.0,13508603.333333336,13317680.0,13251096.666666664,13307726.666666664,13156816.666666664,13823185.0,13776000.0,13688806.666666664,13640955.0,13552495.0,1
2019-08-15,18.019269732911066,18.064498133291746,17.793124280301914,17.98308563232422,10636000,1,18.25445899963379,18.211038970947264,18.38547706604004,18.522513771057127,18.460242589314774,14515200.0,15953130.0,14906675.0,13882113.333333336,13863741.666666664,17.910717010498047,18.55297088623047,18.399192810058594,18.426328659057614,18.426328659057614,18.343107604980467,18.37386360168457,18.28702392578125,18.196566009521483,18.167618942260738,18.29154682159424,18.36572265625,18.38200511932373,18.409142684936523,18.42999153137207,18.39884786605835,18.42343406677246,18.430207633972167,18.459417152404786,18.489504241943358,18.55109024047852,18.57939777374268,18.5830197652181,18.591767692565924,18.585608863830565,18.463507843017574,18.467234484354652,18.459065183003744,18.45658699671427,18.44948565165202,16085580.0,17189800.0,16904180.0,17278760.0,17391060.0,17035170.0,17561310.0,17465790.0,17289640.0,17499890.0,15554975.0,15437305.0,15342050.0,15019835.0,14760685.0,13715513.333333336,13508603.333333336,13317680.0,13251096.666666664,13307726.666666664,13864930.0,13823185.0,13776000.0,13688806.666666664,13640955.0,1
2019-08-16,18.01022305303913,18.272552596698663,17.919764530213328,18.20923042297364,10532400,1,18.211039352416996,18.20380268096924,18.37983846664429,18.50058167775472,18.46074641545614,13725420.0,15502090.0,14727805.0,14055946.666666664,13822706.666666664,17.98308563232422,17.910717010498047,18.55297088623047,18.399192810058594,18.426328659057614,18.25445899963379,18.343107604980467,18.37386360168457,18.28702392578125,18.196566009521483,18.211038970947264,18.29154682159424,18.36572265625,18.38200511932373,18.409142684936523,18.38547706604004,18.39884786605835,18.42343406677246,18.430207633972167,18.459417152404786,18.522513771057127,18.55109024047852,18.57939777374268,18.5830197652181,18.591767692565924,18.460242589314774,18.463507843017574,18.467234484354652,18.459065183003744,18.45658699671427,14515200.0,16085580.0,17189800.0,16904180.0,17278760.0,15953130.0,17035170.0,17561310.0,17465790.0,17289640.0,14906675.0,15554975.0,15437305.0,15342050.0,15019835.0,13882113.333333336,13715513.333333336,13508603.333333336,13317680.0,13251096.666666664,13863741.666666664,13864930.0,13823185.0,13776000.0,13688806.666666664,1
2019-08-19,18.363008427564843,18.534879439351496,18.3358720798925,18.462512969970703,11649700,0,18.223703384399414,18.255363655090328,18.374798107147214,18.488582038879393,18.47113205591837,12646040.0,14775110.0,14865440.0,14165310.0,13727940.0,18.20923042297364,17.98308563232422,17.910717010498047,18.55297088623047,18.399192810058594,18.211039352416996,18.25445899963379,18.343107604980467,18.37386360168457,18.28702392578125,18.20380268096924,18.211038970947264,18.29154682159424,18.36572265625,18.38200511932373,18.37983846664429,18.38547706604004,18.39884786605835,18.42343406677246,18.430207633972167,18.50058167775472,18.522513771057127,18.55109024047852,18.57939777374268,18.5830197652181,18.46074641545614,18.460242589314774,18.463507843017574,18.467234484354652,18.459065183003744,13725420.0,14515200.0,16085580.0,17189800.0,16904180.0,15502090.0,15953130.0,17035170.0,17561310.0,17465790.0,14727805.0,14906675.0,15554975.0,15437305.0,15342050.0,14055946.666666664,13882113.333333336,13715513.333333336,13508603.333333336,13317680.0,13822706.666666664,13863741.666666664,13864930.0,13823185.0,13776000.0,0
2019-08-20,18.471556636013748,18.498694705574046,18.191136818634,18.2182731628418,11233700,1,18.15676383972168,18.26531372070313,18.365589714050294,18.46307837168376,18.475957457224528,11812880.0,14501340.0,14959760.0,14239830.0,13754413.333333336,18.462512969970703,18.20923042297364,17.98308563232422,17.910717010498047,18.55297088623047,18.223703384399414,18.211039352416996,18.25445899963379,18.343107604980467,18.37386360168457,18.255363655090328,18.20380268096924,18.211038970947264,18.29154682159424,18.36572265625,18.374798107147214,18.37983846664429,18.38547706604004,18.39884786605835,18.42343406677246,18.488582038879393,18.50058167775472,18.522513771057127,18.55109024047852,18.57939777374268,18.47113205591837,18.46074641545614,18.460242589314774,18.463507843017574,18.467234484354652,12646040.0,13725420.0,14515200.0,16085580.0,17189800.0,14775110.0,15502090.0,15953130.0,17035170.0,17561310.0,14865440.0,14727805.0,14906675.0,15554975.0,15437305.0,14165310.0,14055946.666666664,13882113.333333336,13715513.333333336,13508603.333333336,13727940.0,13822706.666666664,13863741.666666664,13864930.0,13823185.0,0
2019-08-21,18.462513817702575,18.589154713595672,18.37205529548488,18.44442176818848,14030100,0,18.263504791259766,18.303306198120122,18.365007591247558,18.44690049489339,18.487233225504557,11616380.0,13850980.0,15204150.0,14269333.333333336,13730678.333333336,18.2182731628418,18.462512969970703,18.20923042297364,17.98308563232422,17.910717010498047,18.15676383972168,18.223703384399414,18.211039352416996,18.25445899963379,18.343107604980467,18.26531372070313,18.255363655090328,18.20380268096924,18.211038970947264,18.29154682159424,18.365589714050294,18.374798107147214,18.37983846664429,18.38547706604004,18.39884786605835,18.46307837168376,18.488582038879393,18.50058167775472,18.522513771057127,18.55109024047852,18.475957457224528,18.47113205591837,18.46074641545614,18.460242589314774,18.463507843017574,11812880.0,12646040.0,13725420.0,14515200.0,16085580.0,14501340.0,14775110.0,15502090.0,15953130.0,17035170.0,14959760.0,14865440.0,14727805.0,14906675.0,15554975.0,14239830.0,14165310.0,14055946.666666664,13882113.333333336,13715513.333333336,13754413.333333336,13727940.0,13822706.666666664,13863741.666666664,13864930.0,0
2019-08-22,18.45346780947905,18.462513834244216,18.218276341643442,18.27255249023437,12004300,0,18.321398162841795,18.287928581237797,18.35896005630493,18.422312355041505,18.495197645823158,11890040.0,13202620.0,15351255.0,14241330.0,13704308.333333336,18.44442176818848,18.2182731628418,18.462512969970703,18.20923042297364,17.98308563232422,18.263504791259766,18.15676383972168,18.223703384399414,18.211039352416996,18.25445899963379,18.303306198120122,18.26531372070313,18.255363655090328,18.20380268096924,18.211038970947264,18.365007591247558,18.365589714050294,18.374798107147214,18.37983846664429,18.38547706604004,18.44690049489339,18.46307837168376,18.488582038879393,18.50058167775472,18.522513771057127,18.487233225504557,18.475957457224528,18.47113205591837,18.46074641545614,18.460242589314774,11616380.0,11812880.0,12646040.0,13725420.0,14515200.0,13850980.0,14501340.0,14775110.0,15502090.0,15953130.0,15204150.0,14959760.0,14865440.0,14727805.0,14906675.0,14269333.333333336,14239830.0,14165310.0,14055946.666666664,13882113.333333336,13730678.333333336,13754413.333333336,13727940.0,13822706.666666664,13863741.666666664,0
2019-08-23,18.13686221934438,18.254458805403864,17.639342979300057,17.70266342163086,16647200,1,18.220084762573247,18.215562057495124,18.31235237121582,18.378132120768228,18.491429551442465,13113000.0,13419210.0,15354425.0,14486293.333333336,13589728.333333336,18.27255249023437,18.44442176818848,18.2182731628418,18.462512969970703,18.20923042297364,18.321398162841795,18.263504791259766,18.15676383972168,18.223703384399414,18.211039352416996,18.287928581237797,18.303306198120122,18.26531372070313,18.255363655090328,18.20380268096924,18.35896005630493,18.365007591247558,18.365589714050294,18.374798107147214,18.37983846664429,18.422312355041505,18.44690049489339,18.46307837168376,18.488582038879393,18.50058167775472,18.495197645823158,18.487233225504557,18.475957457224528,18.47113205591837,18.46074641545614,11890040.0,11616380.0,11812880.0,12646040.0,13725420.0,13202620.0,13850980.0,14501340.0,14775110.0,15502090.0,15351255.0,15204150.0,14959760.0,14865440.0,14727805.0,14241330.0,14269333.333333336,14239830.0,14165310.0,14055946.666666664,13704308.333333336,13730678.333333336,13754413.333333336,13727940.0,13822706.666666664,0
2019-08-26,17.883581122172508,18.109726553483686,17.793122604577498,18.019268035888672,9681100,1,18.131435775756835,18.177569580078124,18.27978734970093,18.34599494934082,18.49457674026489,12719280.0,12682660.0,15074225.0,14455586.666666664,13508133.333333336,17.70266342163086,18.27255249023437,18.44442176818848,18.2182731628418,18.462512969970703,18.220084762573247,18.321398162841795,18.263504791259766,18.15676383972168,18.223703384399414,18.215562057495124,18.287928581237797,18.303306198120122,18.26531372070313,18.255363655090328,18.31235237121582,18.35896005630493,18.365007591247558,18.365589714050294,18.374798107147214,18.378132120768228,18.422312355041505,18.44690049489339,18.46307837168376,18.488582038879393,18.491429551442465,18.495197645823158,18.487233225504557,18.475957457224528,18.47113205591837,13113000.0,11890040.0,11616380.0,11812880.0,12646040.0,13419210.0,13202620.0,13850980.0,14501340.0,14775110.0,15354425.0,15351255.0,15204150.0,14959760.0,14865440.0,14486293.333333336,14241330.0,14269333.333333336,14239830.0,14165310.0,13589728.333333336,13704308.333333336,13730678.333333336,13754413.333333336,13727940.0,0
2019-08-27,18.13686145215021,18.20922791537468,17.92880808604895,18.127817153930664,17853600,1,18.113344573974608,18.135054206848146,18.250388431549073,18.32730744679769,18.496702893575033,14043260.0,12928070.0,15244690.0,14600893.333333336,13511510.0,18.019268035888672,17.70266342163086,18.27255249023437,18.44442176818848,18.2182731628418,18.131435775756835,18.220084762573247,18.321398162841795,18.263504791259766,18.15676383972168,18.177569580078124,18.215562057495124,18.287928581237797,18.303306198120122,18.26531372070313,18.27978734970093,18.31235237121582,18.35896005630493,18.365007591247558,18.365589714050294,18.34599494934082,18.378132120768228,18.422312355041505,18.44690049489339,18.46307837168376,18.49457674026489,18.491429551442465,18.495197645823158,18.487233225504557,18.475957457224528,12719280.0,13113000.0,11890040.0,11616380.0,11812880.0,12682660.0,13419210.0,13202620.0,13850980.0,14501340.0,15074225.0,15354425.0,15351255.0,15204150.0,14959760.0,14455586.666666664,14486293.333333336,14241330.0,14269333.333333336,14239830.0,13508133.333333336,13589728.333333336,13704308.333333336,13730678.333333336,13754413.333333336,1
2019-08-28,18.21827742464773,18.39014845469712,18.109728571718684,18.326828002929688,10081300,1,18.08982582092285,18.17666530609131,18.234106063842773,18.324787012736003,18.499166679382324,13253500.0,12434940.0,14735055.0,14514963.333333336,13477556.666666664,18.127817153930664,18.019268035888672,17.70266342163086,18.27255249023437,18.44442176818848,18.113344573974608,18.131435775756835,18.220084762573247,18.321398162841795,18.263504791259766,18.135054206848146,18.177569580078124,18.215562057495124,18.287928581237797,18.303306198120122,18.250388431549073,18.27978734970093,18.31235237121582,18.35896005630493,18.365007591247558,18.32730744679769,18.34599494934082,18.378132120768228,18.422312355041505,18.44690049489339,18.496702893575033,18.49457674026489,18.491429551442465,18.495197645823158,18.487233225504557,14043260.0,12719280.0,13113000.0,11890040.0,11616380.0,12928070.0,12682660.0,13419210.0,13202620.0,13850980.0,15244690.0,15074225.0,15354425.0,15351255.0,15204150.0,14600893.333333336,14455586.666666664,14486293.333333336,14241330.0,14269333.333333336,13511510.0,13508133.333333336,13589728.333333336,13704308.333333336,13730678.333333336,0
2019-08-29,18.480604487650584,18.534878906788528,18.236367013500818,18.453466415405273,9894900,0,18.126008605957036,18.223703384399414,18.21737117767334,18.331552505493164,18.501804637908933,12831620.0,12360830.0,14156980.0,14058060.0,13406016.666666664,18.326828002929688,18.127817153930664,18.019268035888672,17.70266342163086,18.27255249023437,18.08982582092285,18.113344573974608,18.131435775756835,18.220084762573247,18.321398162841795,18.17666530609131,18.135054206848146,18.177569580078124,18.215562057495124,18.287928581237797,18.234106063842773,18.250388431549073,18.27978734970093,18.31235237121582,18.35896005630493,18.324787012736003,18.32730744679769,18.34599494934082,18.378132120768228,18.422312355041505,18.499166679382324,18.496702893575033,18.49457674026489,18.491429551442465,18.495197645823158,13253500.0,14043260.0,12719280.0,13113000.0,11890040.0,12434940.0,12928070.0,12682660.0,13419210.0,13202620.0,14735055.0,15244690.0,15074225.0,15354425.0,15351255.0,14514963.333333336,14600893.333333336,14455586.666666664,14486293.333333336,14241330.0,13477556.666666664,13511510.0,13508133.333333336,13589728.333333336,13704308.333333336,0
2019-08-30,18.48060559340933,18.516787966548648,18.23636810464599,18.335872650146484,13755700,0,18.252650451660163,18.236367607116694,18.22008514404297,18.332014846801762,18.496673266092934,12253320.0,12683160.0,14092625.0,14046256.666666664,13346358.333333336,18.453466415405273,18.326828002929688,18.127817153930664,18.019268035888672,17.70266342163086,18.126008605957036,18.08982582092285,18.113344573974608,18.131435775756835,18.220084762573247,18.223703384399414,18.17666530609131,18.135054206848146,18.177569580078124,18.215562057495124,18.21737117767334,18.234106063842773,18.250388431549073,18.27978734970093,18.31235237121582,18.331552505493164,18.324787012736003,18.32730744679769,18.34599494934082,18.378132120768228,18.501804637908933,18.499166679382324,18.496702893575033,18.49457674026489,18.491429551442465,12831620.0,13253500.0,14043260.0,12719280.0,13113000.0,12360830.0,12434940.0,12928070.0,12682660.0,13419210.0,14156980.0,14735055.0,15244690.0,15074225.0,15354425.0,14058060.0,14514963.333333336,14600893.333333336,14455586.666666664,14486293.333333336,13406016.666666664,13477556.666666664,13511510.0,13508133.333333336,13589728.333333336,0
2019-09-03,18.145909627886727,18.20923007504907,18.001176684271993,18.20018577575684,12318100,1,18.288833999633788,18.210134887695308,18.232749271392823,18.319910367329914,18.485258579254147,12780720.0,12750000.0,13762555.0,14160293.333333336,13091965.0,18.335872650146484,18.453466415405273,18.326828002929688,18.127817153930664,18.019268035888672,18.252650451660163,18.126008605957036,18.08982582092285,18.113344573974608,18.131435775756835,18.236367607116694,18.223703384399414,18.17666530609131,18.135054206848146,18.177569580078124,18.22008514404297,18.21737117767334,18.234106063842773,18.250388431549073,18.27978734970093,18.332014846801762,18.331552505493164,18.324787012736003,18.32730744679769,18.34599494934082,18.496673266092934,18.501804637908933,18.499166679382324,18.496702893575033,18.49457674026489,12253320.0,12831620.0,13253500.0,14043260.0,12719280.0,12683160.0,12360830.0,12434940.0,12928070.0,12682660.0,14092625.0,14156980.0,14735055.0,15244690.0,15074225.0,14046256.666666664,14058060.0,14514963.333333336,14600893.333333336,14455586.666666664,13346358.333333336,13406016.666666664,13477556.666666664,13511510.0,13508133.333333336,0
2019-09-04,18.344917859740228,18.50774111966242,18.281595690192336,18.390146255493164,7697700,1,18.34129981994629,18.22732219696045,18.24631795883179,18.319500541687013,18.480733839670812,10749540.0,12396400.0,13448870.0,14105306.666666664,12987080.0,18.20018577575684,18.335872650146484,18.453466415405273,18.326828002929688,18.127817153930664,18.288833999633788,18.252650451660163,18.126008605957036,18.08982582092285,18.113344573974608,18.210134887695308,18.236367607116694,18.223703384399414,18.17666530609131,18.135054206848146,18.232749271392823,18.22008514404297,18.21737117767334,18.234106063842773,18.250388431549073,18.319910367329914,18.332014846801762,18.331552505493164,18.324787012736003,18.32730744679769,18.485258579254147,18.496673266092934,18.501804637908933,18.499166679382324,18.496702893575033,12780720.0,12253320.0,12831620.0,13253500.0,14043260.0,12750000.0,12683160.0,12360830.0,12434940.0,12928070.0,13762555.0,14092625.0,14156980.0,14735055.0,15244690.0,14160293.333333336,14046256.666666664,14058060.0,14514963.333333336,14600893.333333336,13091965.0,13346358.333333336,13406016.666666664,13477556.666666664,13511510.0,0
2019-09-05,18.489650443245303,18.679611772200808,18.462512371100512,18.55297088623047,10107800,0,18.386528396606444,18.23817710876465,18.27074165344239,18.322730763753256,18.480412451426183,10754840.0,12004170.0,12927575.0,14137490.0,12933235.0,18.390146255493164,18.20018577575684,18.335872650146484,18.453466415405273,18.326828002929688,18.34129981994629,18.288833999633788,18.252650451660163,18.126008605957036,18.08982582092285,18.22732219696045,18.210134887695308,18.236367607116694,18.223703384399414,18.17666530609131,18.24631795883179,18.232749271392823,18.22008514404297,18.21737117767334,18.234106063842773,18.319500541687013,18.319910367329914,18.332014846801762,18.331552505493164,18.324787012736003,18.480733839670812,18.485258579254147,18.496673266092934,18.501804637908933,18.499166679382324,10749540.0,12780720.0,12253320.0,12831620.0,13253500.0,12396400.0,12750000.0,12683160.0,12360830.0,12434940.0,13448870.0,13762555.0,14092625.0,14156980.0,14735055.0,14105306.666666664,14160293.333333336,14046256.666666664,14058060.0,14514963.333333336,12987080.0,13091965.0,13346358.333333336,13406016.666666664,13477556.666666664,0
2019-09-06,18.534879439351496,18.598199884390606,18.39014650058991,18.462512969970703,7077400,0,18.388337707519533,18.257173156738286,18.272550868988038,18.32503108978272,18.484541829427084,10191340.0,11511480.0,12357050.0,14071330.0,12826180.0,18.55297088623047,18.390146255493164,18.20018577575684,18.335872650146484,18.453466415405273,18.386528396606444,18.34129981994629,18.288833999633788,18.252650451660163,18.126008605957036,18.23817710876465,18.22732219696045,18.210134887695308,18.236367607116694,18.223703384399414,18.27074165344239,18.24631795883179,18.232749271392823,18.22008514404297,18.21737117767334,18.322730763753256,18.319500541687013,18.319910367329914,18.332014846801762,18.331552505493164,18.480412451426183,18.480733839670812,18.485258579254147,18.496673266092934,18.501804637908933,10754840.0,10749540.0,12780720.0,12253320.0,12831620.0,12004170.0,12396400.0,12750000.0,12683160.0,12360830.0,12927575.0,13448870.0,13762555.0,14092625.0,14156980.0,14137490.0,14105306.666666664,14160293.333333336,14046256.666666664,14058060.0,12933235.0,12987080.0,13091965.0,13346358.333333336,13406016.666666664,0
2019-09-09,18.552971488034874,18.598199884390606,18.308734006867432,18.462512969970703,10638000,0,18.41366577148437,18.333158111572267,18.27436008453369,18.3192876180013,18.486585744222005,9567800.0,10910560.0,12164885.0,13873136.666666664,12835898.333333336,18.462512969970703,18.55297088623047,18.390146255493164,18.20018577575684,18.335872650146484,18.388337707519533,18.386528396606444,18.34129981994629,18.288833999633788,18.252650451660163,18.257173156738286,18.23817710876465,18.22732219696045,18.210134887695308,18.236367607116694,18.272550868988038,18.27074165344239,18.24631795883179,18.232749271392823,18.22008514404297,18.32503108978272,18.322730763753256,18.319500541687013,18.319910367329914,18.332014846801762,18.484541829427084,18.480412451426183,18.480733839670812,18.485258579254147,18.496673266092934,10191340.0,10754840.0,10749540.0,12780720.0,12253320.0,11511480.0,12004170.0,12396400.0,12750000.0,12683160.0,12357050.0,12927575.0,13448870.0,13762555.0,14092625.0,14071330.0,14137490.0,14105306.666666664,14160293.333333336,14046256.666666664,12826180.0,12933235.0,12987080.0,13091965.0,13346358.333333336,0
2019-09-10,18.381098918708684,18.43537333480711,18.10972511286401,18.299686431884766,16417700,1,18.43356590270996,18.36119995117188,18.269384765625,18.306924883524577,18.48576695124308,10387720.0,11584220.0,12133440.0,13910890.0,12983955.0,18.462512969970703,18.462512969970703,18.55297088623047,18.390146255493164,18.20018577575684,18.41366577148437,18.388337707519533,18.386528396606444,18.34129981994629,18.288833999633788,18.333158111572267,18.257173156738286,18.23817710876465,18.22732219696045,18.210134887695308,18.27436008453369,18.272550868988038,18.27074165344239,18.24631795883179,18.232749271392823,18.3192876180013,18.32503108978272,18.322730763753256,18.319500541687013,18.319910367329914,18.486585744222005,18.484541829427084,18.480412451426183,18.480733839670812,18.485258579254147,9567800.0,10191340.0,10754840.0,10749540.0,12780720.0,10910560.0,11511480.0,12004170.0,12396400.0,12750000.0,12164885.0,12357050.0,12927575.0,13448870.0,13762555.0,13873136.666666664,14071330.0,14137490.0,14105306.666666664,14160293.333333336,12835898.333333336,12826180.0,12933235.0,12987080.0,13091965.0,1
2019-09-11,18.353966232877053,18.543927589773627,18.308736105982927,18.498699188232425,9579600,0,18.45527648925781,18.39828815460205,18.266671180725094,18.2996883392334,18.488413969675698,10764100.0,10756820.0,11842445.0,13748733.333333336,12974100.0,18.299686431884766,18.462512969970703,18.462512969970703,18.55297088623047,18.390146255493164,18.43356590270996,18.41366577148437,18.388337707519533,18.386528396606444,18.34129981994629,18.36119995117188,18.333158111572267,18.257173156738286,18.23817710876465,18.22732219696045,18.269384765625,18.27436008453369,18.272550868988038,18.27074165344239,18.24631795883179,18.306924883524577,18.3192876180013,18.32503108978272,18.322730763753256,18.319500541687013,18.48576695124308,18.486585744222005,18.484541829427084,18.480412451426183,18.480733839670812,10387720.0,9567800.0,10191340.0,10754840.0,10749540.0,11584220.0,10910560.0,11511480.0,12004170.0,12396400.0,12133440.0,12164885.0,12357050.0,12927575.0,13448870.0,13910890.0,13873136.666666664,14071330.0,14137490.0,14105306.666666664,12983955.0,12835898.333333336,12826180.0,12933235.0,12987080.0,0
2019-09-12,18.516786010171273,18.58010817584219,18.40823717686918,18.4715576171875,10131300,1,18.438993835449214,18.412761116027827,18.29471321105957,18.293657747904454,18.486437797546387,10768800.0,10761820.0,11598380.0,13410643.333333336,12968115.0,18.498699188232425,18.299686431884766,18.462512969970703,18.462512969970703,18.55297088623047,18.45527648925781,18.43356590270996,18.41366577148437,18.388337707519533,18.386528396606444,18.39828815460205,18.36119995117188,18.333158111572267,18.257173156738286,18.23817710876465,18.266671180725094,18.269384765625,18.27436008453369,18.272550868988038,18.27074165344239,18.2996883392334,18.306924883524577,18.3192876180013,18.32503108978272,18.322730763753256,18.488413969675698,18.48576695124308,18.486585744222005,18.484541829427084,18.480412451426183,10764100.0,10387720.0,9567800.0,10191340.0,10754840.0,10756820.0,11584220.0,10910560.0,11511480.0,12004170.0,11842445.0,12133440.0,12164885.0,12357050.0,12927575.0,13748733.333333336,13910890.0,13873136.666666664,14071330.0,14137490.0,12974100.0,12983955.0,12835898.333333336,12826180.0,12933235.0,0
2019-09-13,18.489652133393353,18.589154956314506,18.37205553536904,18.516788482666016,21171300,1,18.449848937988282,18.419093322753906,18.32139835357666,18.284611892700195,18.483130009969077,13587580.0,11889460.0,12125145.0,13401140.0,13143683.333333336,18.4715576171875,18.498699188232425,18.299686431884766,18.462512969970703,18.462512969970703,18.438993835449214,18.45527648925781,18.43356590270996,18.41366577148437,18.388337707519533,18.412761116027827,18.39828815460205,18.36119995117188,18.333158111572267,18.257173156738286,18.29471321105957,18.266671180725094,18.269384765625,18.27436008453369,18.272550868988038,18.293657747904454,18.2996883392334,18.306924883524577,18.3192876180013,18.32503108978272,18.486437797546387,18.488413969675698,18.48576695124308,18.486585744222005,18.484541829427084,10768800.0,10764100.0,10387720.0,9567800.0,10191340.0,10761820.0,10756820.0,11584220.0,10910560.0,11511480.0,11598380.0,11842445.0,12133440.0,12164885.0,12357050.0,13410643.333333336,13748733.333333336,13910890.0,13873136.666666664,14071330.0,12968115.0,12974100.0,12983955.0,12835898.333333336,12826180.0,1
2019-09-16,18.84243533097038,18.98716825410384,18.607243899540368,18.697702407836914,20590600,1,18.496886825561525,18.45527629852295,18.345821952819826,18.298482195536295,18.480454126993816,15578100.0,12572950.0,12628055.0,13586066.666666664,13291421.666666664,18.516788482666016,18.4715576171875,18.498699188232425,18.299686431884766,18.462512969970703,18.449848937988282,18.438993835449214,18.45527648925781,18.43356590270996,18.41366577148437,18.419093322753906,18.412761116027827,18.39828815460205,18.36119995117188,18.333158111572267,18.32139835357666,18.29471321105957,18.266671180725094,18.269384765625,18.27436008453369,18.284611892700195,18.293657747904454,18.2996883392334,18.306924883524577,18.3192876180013,18.483130009969077,18.486437797546387,18.488413969675698,18.48576695124308,18.486585744222005,13587580.0,10768800.0,10764100.0,10387720.0,9567800.0,11889460.0,10761820.0,10756820.0,11584220.0,10910560.0,12125145.0,11598380.0,11842445.0,12133440.0,12164885.0,13401140.0,13410643.333333336,13748733.333333336,13910890.0,13873136.666666664,13143683.333333336,12968115.0,12974100.0,12983955.0,12835898.333333336,1
2019-09-17,18.67056595894641,18.914803434948976,18.589153466945547,18.761024475097656,15570400,0,18.5891544342041,18.51136016845703,18.36074752807617,18.325619570414226,18.474662812550864,15408640.0,12898180.0,12824090.0,13474430.0,13201976.666666664,18.697702407836914,18.516788482666016,18.4715576171875,18.498699188232425,18.299686431884766,18.496886825561525,18.449848937988282,18.438993835449214,18.45527648925781,18.43356590270996,18.45527629852295,18.419093322753906,18.412761116027827,18.39828815460205,18.36119995117188,18.345821952819826,18.32139835357666,18.29471321105957,18.266671180725094,18.269384765625,18.298482195536295,18.284611892700195,18.293657747904454,18.2996883392334,18.306924883524577,18.480454126993816,18.483130009969077,18.486437797546387,18.488413969675698,18.48576695124308,15578100.0,13587580.0,10768800.0,10764100.0,10387720.0,12572950.0,11889460.0,10761820.0,10756820.0,11584220.0,12628055.0,12125145.0,11598380.0,11842445.0,12133440.0,13586066.666666664,13401140.0,13410643.333333336,13748733.333333336,13910890.0,13291421.666666664,13143683.333333336,12968115.0,12974100.0,12983955.0,1
2019-09-18,18.679610361107105,18.75197682267383,18.616289922905274,18.697702407836914,6926600,1,18.628955078125,18.542115783691408,18.38471899032593,18.344917233784994,18.471093146006265,14878040.0,12821070.0,12608735.0,13239603.333333336,13159455.0,18.761024475097656,18.697702407836914,18.516788482666016,18.4715576171875,18.498699188232425,18.5891544342041,18.496886825561525,18.449848937988282,18.438993835449214,18.45527648925781,18.51136016845703,18.45527629852295,18.419093322753906,18.412761116027827,18.39828815460205,18.36074752807617,18.345821952819826,18.32139835357666,18.29471321105957,18.266671180725094,18.325619570414226,18.298482195536295,18.284611892700195,18.293657747904454,18.2996883392334,18.474662812550864,18.480454126993816,18.483130009969077,18.486437797546387,18.488413969675698,15408640.0,15578100.0,13587580.0,10768800.0,10764100.0,12898180.0,12572950.0,11889460.0,10761820.0,10756820.0,12824090.0,12628055.0,12125145.0,11598380.0,11842445.0,13474430.0,13586066.666666664,13401140.0,13410643.333333336,13748733.333333336,13201976.666666664,13291421.666666664,13143683.333333336,12968115.0,12974100.0,0
2019-09-19,18.815298328924968,18.851482424438586,18.62533700353635,18.715795516967773,8588400,1,18.677802658081056,18.558398246765137,18.39828767776489,18.36662718454997,18.47646468480428,14569460.0,12669130.0,12336650.0,12841426.666666664,12999121.666666664,18.697702407836914,18.761024475097656,18.697702407836914,18.516788482666016,18.4715576171875,18.628955078125,18.5891544342041,18.496886825561525,18.449848937988282,18.438993835449214,18.542115783691408,18.51136016845703,18.45527629852295,18.419093322753906,18.412761116027827,18.38471899032593,18.36074752807617,18.345821952819826,18.32139835357666,18.29471321105957,18.344917233784994,18.325619570414226,18.298482195536295,18.284611892700195,18.293657747904454,18.471093146006265,18.474662812550864,18.480454126993816,18.483130009969077,18.486437797546387,14878040.0,15408640.0,15578100.0,13587580.0,10768800.0,12821070.0,12898180.0,12572950.0,11889460.0,10761820.0,12608735.0,12824090.0,12628055.0,12125145.0,11598380.0,13239603.333333336,13474430.0,13586066.666666664,13401140.0,13410643.333333336,13159455.0,13201976.666666664,13291421.666666664,13143683.333333336,12968115.0,0
2019-09-20,18.797208220798915,18.960031476408407,18.661519586428682,18.92384910583496,14678000,0,18.75921478271484,18.604531860351567,18.430852508544927,18.383211199442545,18.484410031636557,13270800.0,13429190.0,12470335.0,12714430.0,13011078.333333336,18.715795516967773,18.697702407836914,18.761024475097656,18.697702407836914,18.516788482666016,18.677802658081056,18.628955078125,18.5891544342041,18.496886825561525,18.449848937988282,18.558398246765137,18.542115783691408,18.51136016845703,18.45527629852295,18.419093322753906,18.39828767776489,18.38471899032593,18.36074752807617,18.345821952819826,18.32139835357666,18.36662718454997,18.344917233784994,18.325619570414226,18.298482195536295,18.284611892700195,18.47646468480428,18.471093146006265,18.474662812550864,18.480454126993816,18.483130009969077,14569460.0,14878040.0,15408640.0,15578100.0,13587580.0,12669130.0,12821070.0,12898180.0,12572950.0,11889460.0,12336650.0,12608735.0,12824090.0,12628055.0,12125145.0,12841426.666666664,13239603.333333336,13474430.0,13586066.666666664,13401140.0,12999121.666666664,13159455.0,13201976.666666664,13291421.666666664,13143683.333333336,0
2019-09-23,18.8062567185308,18.960033970386426,18.788164668187946,18.79721069335937,5832100,0,18.779116439819337,18.63800163269043,18.485579872131343,18.39557393391927,18.49367081324259,10319100.0,12948600.0,11929580.0,12426123.333333336,12838610.0,18.92384910583496,18.715795516967773,18.697702407836914,18.761024475097656,18.697702407836914,18.75921478271484,18.677802658081056,18.628955078125,18.5891544342041,18.496886825561525,18.604531860351567,18.558398246765137,18.542115783691408,18.51136016845703,18.45527629852295,18.430852508544927,18.39828767776489,18.38471899032593,18.36074752807617,18.345821952819826,18.383211199442545,18.36662718454997,18.344917233784994,18.325619570414226,18.298482195536295,18.484410031636557,18.47646468480428,18.471093146006265,18.474662812550864,18.480454126993816,13270800.0,14569460.0,14878040.0,15408640.0,15578100.0,13429190.0,12669130.0,12821070.0,12898180.0,12572950.0,12470335.0,12336650.0,12608735.0,12824090.0,12628055.0,12714430.0,12841426.666666664,13239603.333333336,13474430.0,13586066.666666664,13011078.333333336,12999121.666666664,13159455.0,13201976.666666664,13291421.666666664,0
2019-09-24,18.797211391221172,18.86957786992637,18.47156137437128,18.607248306274414,10448000,0,18.748361206054692,18.668757820129393,18.51497888565064,18.402509117126463,18.49276444117228,9294620.0,12351630.0,11967925.0,12206170.0,12761925.0,18.79721069335937,18.92384910583496,18.715795516967773,18.697702407836914,18.761024475097656,18.779116439819337,18.75921478271484,18.677802658081056,18.628955078125,18.5891544342041,18.63800163269043,18.604531860351567,18.558398246765137,18.542115783691408,18.51136016845703,18.485579872131343,18.430852508544927,18.39828767776489,18.38471899032593,18.36074752807617,18.39557393391927,18.383211199442545,18.36662718454997,18.344917233784994,18.325619570414226,18.49367081324259,18.484410031636557,18.47646468480428,18.471093146006265,18.474662812550864,10319100.0,13270800.0,14569460.0,14878040.0,15408640.0,12948600.0,13429190.0,12669130.0,12821070.0,12898180.0,11929580.0,12470335.0,12336650.0,12608735.0,12824090.0,12426123.333333336,12714430.0,12841426.666666664,13239603.333333336,13474430.0,12838610.0,13011078.333333336,12999121.666666664,13159455.0,13201976.666666664,0
2019-09-25,18.60724530516738,18.688657796249075,18.516786790037425,18.55297088623047,7519900,1,18.719414901733398,18.6741849899292,18.536236572265626,18.402509117126463,18.49095344543457,9413280.0,12145660.0,11451240.0,11943516.666666664,12726060.0,18.607248306274414,18.79721069335937,18.92384910583496,18.715795516967773,18.697702407836914,18.748361206054692,18.779116439819337,18.75921478271484,18.677802658081056,18.628955078125,18.668757820129393,18.63800163269043,18.604531860351567,18.558398246765137,18.542115783691408,18.51497888565064,18.485579872131343,18.430852508544927,18.39828767776489,18.38471899032593,18.402509117126463,18.39557393391927,18.383211199442545,18.36662718454997,18.344917233784994,18.49276444117228,18.49367081324259,18.484410031636557,18.47646468480428,18.471093146006265,9294620.0,10319100.0,13270800.0,14569460.0,14878040.0,12351630.0,12948600.0,13429190.0,12669130.0,12821070.0,11967925.0,11929580.0,12470335.0,12336650.0,12608735.0,12206170.0,12426123.333333336,12714430.0,12841426.666666664,13239603.333333336,12761925.0,12838610.0,13011078.333333336,12999121.666666664,13159455.0,0
2019-09-26,18.53487936787548,18.61629186128401,18.363008356751614,18.5620174407959,6735400,1,18.688659286499025,18.68323097229004,18.547996044158932,18.424219131469727,18.48765468597412,9042680.0,11806070.0,11283945.0,11667610.0,12691561.666666664,18.55297088623047,18.607248306274414,18.79721069335937,18.92384910583496,18.715795516967773,18.719414901733398,18.748361206054692,18.779116439819337,18.75921478271484,18.677802658081056,18.6741849899292,18.668757820129393,18.63800163269043,18.604531860351567,18.558398246765137,18.536236572265626,18.51497888565064,18.485579872131343,18.430852508544927,18.39828767776489,18.402509117126463,18.402509117126463,18.39557393391927,18.383211199442545,18.36662718454997,18.49095344543457,18.49276444117228,18.49367081324259,18.484410031636557,18.47646468480428,9413280.0,9294620.0,10319100.0,13270800.0,14569460.0,12145660.0,12351630.0,12948600.0,13429190.0,12669130.0,11451240.0,11967925.0,11929580.0,12470335.0,12336650.0,11943516.666666664,12206170.0,12426123.333333336,12714430.0,12841426.666666664,12726060.0,12761925.0,12838610.0,13011078.333333336,12999121.666666664,0
2019-09-27,18.598197876175465,18.77911489276856,18.516785391243825,18.697702407836914,7434800,0,18.643429946899413,18.70132236480713,18.56020784378052,18.448039690653484,18.485276730855308,7594040.0,10432420.0,11160940.0,11560903.333333336,12721508.333333336,18.5620174407959,18.55297088623047,18.607248306274414,18.79721069335937,18.92384910583496,18.688659286499025,18.719414901733398,18.748361206054692,18.779116439819337,18.75921478271484,18.68323097229004,18.6741849899292,18.668757820129393,18.63800163269043,18.604531860351567,18.547996044158932,18.536236572265626,18.51497888565064,18.485579872131343,18.430852508544927,18.424219131469727,18.402509117126463,18.402509117126463,18.39557393391927,18.383211199442545,18.48765468597412,18.49095344543457,18.49276444117228,18.49367081324259,18.484410031636557,9042680.0,9413280.0,9294620.0,10319100.0,13270800.0,11806070.0,12145660.0,12351630.0,12948600.0,13429190.0,11283945.0,11451240.0,11967925.0,11929580.0,12470335.0,11667610.0,11943516.666666664,12206170.0,12426123.333333336,12714430.0,12691561.666666664,12726060.0,12761925.0,12838610.0,13011078.333333336,0
2019-09-30,18.634384685155712,18.73388750596481,18.589154561739946,18.643430709838867,7114700,0,18.612673950195312,18.695895195007324,18.57558574676513,18.46251303354899,18.481547355651852,7850560.0,9084830.0,10828890.0,11446980.0,12751463.333333336,18.697702407836914,18.5620174407959,18.55297088623047,18.607248306274414,18.79721069335937,18.643429946899413,18.688659286499025,18.719414901733398,18.748361206054692,18.779116439819337,18.70132236480713,18.68323097229004,18.6741849899292,18.668757820129393,18.63800163269043,18.56020784378052,18.547996044158932,18.536236572265626,18.51497888565064,18.485579872131343,18.448039690653484,18.424219131469727,18.402509117126463,18.402509117126463,18.39557393391927,18.485276730855308,18.48765468597412,18.49095344543457,18.49276444117228,18.49367081324259,7594040.0,9042680.0,9413280.0,9294620.0,10319100.0,10432420.0,11806070.0,12145660.0,12351630.0,12948600.0,11160940.0,11283945.0,11451240.0,11967925.0,11929580.0,11560903.333333336,11667610.0,11943516.666666664,12206170.0,12426123.333333336,12721508.333333336,12691561.666666664,12726060.0,12761925.0,12838610.0,0
2019-10-01,18.72484416347456,18.761026538703295,18.30873563355032,18.353965759277344,9124300,0,18.5620174407959,18.655189323425294,18.58327474594116,18.458894793192545,18.47373841603597,7585820.0,8440220.0,10669200.0,11362800.0,12764055.0,18.643430709838867,18.697702407836914,18.5620174407959,18.55297088623047,18.607248306274414,18.612673950195312,18.643429946899413,18.688659286499025,18.719414901733398,18.748361206054692,18.695895195007324,18.70132236480713,18.68323097229004,18.6741849899292,18.668757820129393,18.57558574676513,18.56020784378052,18.547996044158932,18.536236572265626,18.51497888565064,18.46251303354899,18.448039690653484,18.424219131469727,18.402509117126463,18.402509117126463,18.481547355651852,18.485276730855308,18.48765468597412,18.49095344543457,18.49276444117228,7850560.0,7594040.0,9042680.0,9413280.0,9294620.0,9084830.0,10432420.0,11806070.0,12145660.0,12351630.0,10828890.0,11160940.0,11283945.0,11451240.0,11967925.0,11446980.0,11560903.333333336,11667610.0,11943516.666666664,12206170.0,12751463.333333336,12721508.333333336,12691561.666666664,12726060.0,12761925.0,0
2019-10-02,18.317779293002516,18.3810997354898,18.191138408027925,18.245412826538086,10052700,1,18.50050582885742,18.60996036529541,18.576038074493407,18.45979944864909,18.46143891016642,8092380.0,8752830.0,10786950.0,11323433.333333336,12781631.666666664,18.353965759277344,18.643430709838867,18.697702407836914,18.5620174407959,18.55297088623047,18.5620174407959,18.612673950195312,18.643429946899413,18.688659286499025,18.719414901733398,18.655189323425294,18.695895195007324,18.70132236480713,18.68323097229004,18.6741849899292,18.58327474594116,18.57558574676513,18.56020784378052,18.547996044158932,18.536236572265626,18.458894793192545,18.46251303354899,18.448039690653484,18.424219131469727,18.402509117126463,18.47373841603597,18.481547355651852,18.485276730855308,18.48765468597412,18.49095344543457,7585820.0,7850560.0,7594040.0,9042680.0,9413280.0,8440220.0,9084830.0,10432420.0,11806070.0,12145660.0,10669200.0,10828890.0,11160940.0,11283945.0,11451240.0,11362800.0,11446980.0,11560903.333333336,11667610.0,11943516.666666664,12764055.0,12751463.333333336,12721508.333333336,12691561.666666664,12726060.0,0
2019-10-03,18.218275801751407,18.51678770874401,18.028314463371,18.435375213623047,8894100,1,18.475177383422853,18.581918334960942,18.570158290863038,18.45949789683024,18.453199195861817,8524120.0,8783400.0,10726265.0,11152233.333333334,12710783.333333336,18.245412826538086,18.353965759277344,18.643430709838867,18.697702407836914,18.5620174407959,18.50050582885742,18.5620174407959,18.612673950195312,18.643429946899413,18.688659286499025,18.60996036529541,18.655189323425294,18.695895195007324,18.70132236480713,18.68323097229004,18.576038074493407,18.58327474594116,18.57558574676513,18.56020784378052,18.547996044158932,18.45979944864909,18.458894793192545,18.46251303354899,18.448039690653484,18.424219131469727,18.46143891016642,18.47373841603597,18.481547355651852,18.485276730855308,18.48765468597412,8092380.0,7585820.0,7850560.0,7594040.0,9042680.0,8752830.0,8440220.0,9084830.0,10432420.0,11806070.0,10786950.0,10669200.0,10828890.0,11160940.0,11283945.0,11323433.333333336,11362800.0,11446980.0,11560903.333333336,11667610.0,12781631.666666664,12764055.0,12751463.333333336,12721508.333333336,12691561.666666664,0
2019-10-04,18.453466874466947,18.580109489409512,18.372054381058426,18.5620174407959,6372000,0,18.448040390014647,18.545735168457032,18.575133514404296,18.469146728515625,18.445729541778565,8311560.0,7952800.0,10690995.0,10964490.0,12602910.0,18.435375213623047,18.245412826538086,18.353965759277344,18.643430709838867,18.697702407836914,18.475177383422853,18.50050582885742,18.5620174407959,18.612673950195312,18.643429946899413,18.581918334960942,18.60996036529541,18.655189323425294,18.695895195007324,18.70132236480713,18.570158290863038,18.576038074493407,18.58327474594116,18.57558574676513,18.56020784378052,18.45949789683024,18.45979944864909,18.458894793192545,18.46251303354899,18.448039690653484,18.453199195861817,18.46143891016642,18.47373841603597,18.481547355651852,18.485276730855308,8524120.0,8092380.0,7585820.0,7850560.0,7594040.0,8783400.0,8752830.0,8440220.0,9084830.0,10432420.0,10726265.0,10786950.0,10669200.0,10828890.0,11160940.0,11152233.333333334,11323433.333333336,11362800.0,11446980.0,11560903.333333336,12710783.333333336,12781631.666666664,12764055.0,12751463.333333336,12721508.333333336,0
2019-10-07,18.580109633486884,18.60724598126501,18.35396420012129,18.363008499145508,6852900,0,18.391955947875978,18.502314949035643,18.570158290863038,18.491158231099448,18.43464517593384,8259200.0,8054880.0,10501740.0,10638013.333333334,12562153.333333336,18.5620174407959,18.435375213623047,18.245412826538086,18.353965759277344,18.643430709838867,18.448040390014647,18.475177383422853,18.50050582885742,18.5620174407959,18.612673950195312,18.545735168457032,18.581918334960942,18.60996036529541,18.655189323425294,18.695895195007324,18.575133514404296,18.570158290863038,18.576038074493407,18.58327474594116,18.57558574676513,18.469146728515625,18.45949789683024,18.45979944864909,18.458894793192545,18.46251303354899,18.445729541778565,18.453199195861817,18.46143891016642,18.47373841603597,18.481547355651852,8311560.0,8524120.0,8092380.0,7585820.0,7850560.0,7952800.0,8783400.0,8752830.0,8440220.0,9084830.0,10690995.0,10726265.0,10786950.0,10669200.0,10828890.0,10964490.0,11152233.333333334,11323433.333333336,11362800.0,11446980.0,12602910.0,12710783.333333336,12781631.666666664,12764055.0,12751463.333333336,0
2019-10-08,18.26350629851033,18.33587277061721,18.064497206201803,18.10068130493164,10209200,1,18.34129905700684,18.451658248901367,18.56020803451538,18.49387200673421,18.41993347803752,8476180.0,8031000.0,10191315.0,10655616.666666666,12555601.666666664,18.363008499145508,18.5620174407959,18.435375213623047,18.245412826538086,18.353965759277344,18.391955947875978,18.448040390014647,18.475177383422853,18.50050582885742,18.5620174407959,18.502314949035643,18.545735168457032,18.581918334960942,18.60996036529541,18.655189323425294,18.570158290863038,18.575133514404296,18.570158290863038,18.576038074493407,18.58327474594116,18.491158231099448,18.469146728515625,18.45949789683024,18.45979944864909,18.458894793192545,18.43464517593384,18.445729541778565,18.453199195861817,18.46143891016642,18.47373841603597,8259200.0,8311560.0,8524120.0,8092380.0,7585820.0,8054880.0,7952800.0,8783400.0,8752830.0,8440220.0,10501740.0,10690995.0,10726265.0,10786950.0,10669200.0,10638013.333333334,10964490.0,11152233.333333334,11323433.333333336,11362800.0,12562153.333333336,12602910.0,12710783.333333336,12781631.666666664,12764055.0,0
2019-10-09,18.20018686269349,18.353965840137104,18.182094812322973,18.25446128845215,7999600,1,18.34310874938965,18.42180728912353,18.547996139526372,18.49809347788493,18.41270046234131,8065560.0,8078970.0,10112315.0,10327150.0,12464021.666666664,18.10068130493164,18.363008499145508,18.5620174407959,18.435375213623047,18.245412826538086,18.34129905700684,18.391955947875978,18.448040390014647,18.475177383422853,18.50050582885742,18.451658248901367,18.502314949035643,18.545735168457032,18.581918334960942,18.60996036529541,18.56020803451538,18.570158290863038,18.575133514404296,18.570158290863038,18.576038074493407,18.49387200673421,18.491158231099448,18.469146728515625,18.45949789683024,18.45979944864909,18.41993347803752,18.43464517593384,18.445729541778565,18.453199195861817,18.46143891016642,8476180.0,8259200.0,8311560.0,8524120.0,8092380.0,8031000.0,8054880.0,7952800.0,8783400.0,8752830.0,10191315.0,10501740.0,10690995.0,10726265.0,10786950.0,10655616.666666666,10638013.333333334,10964490.0,11152233.333333334,11323433.333333336,12555601.666666664,12562153.333333336,12602910.0,12710783.333333336,12781631.666666664,0
2019-10-10,18.272554423611275,18.37205725585053,18.19114191746361,18.30873680114746,7224200,0,18.317781066894533,18.396479225158693,18.539855098724367,18.49749043782552,18.41113872528076,7731580.0,8127850.0,9966960.0,10231913.333333334,12373438.333333336,18.25446128845215,18.10068130493164,18.363008499145508,18.5620174407959,18.435375213623047,18.34310874938965,18.34129905700684,18.391955947875978,18.448040390014647,18.475177383422853,18.42180728912353,18.451658248901367,18.502314949035643,18.545735168457032,18.581918334960942,18.547996139526372,18.56020803451538,18.570158290863038,18.575133514404296,18.570158290863038,18.49809347788493,18.49387200673421,18.491158231099448,18.469146728515625,18.45949789683024,18.41270046234131,18.41993347803752,18.43464517593384,18.445729541778565,18.453199195861817,8065560.0,8476180.0,8259200.0,8311560.0,8524120.0,8078970.0,8031000.0,8054880.0,7952800.0,8783400.0,10112315.0,10191315.0,10501740.0,10690995.0,10726265.0,10327150.0,10655616.666666666,10638013.333333334,10964490.0,11152233.333333334,12464021.666666664,12555601.666666664,12562153.333333336,12602910.0,12710783.333333336,0
2019-10-11,18.44441935838227,18.47155742910777,18.272550086511853,18.299686431884766,10394100,0,18.265314865112305,18.35667762756348,18.528999996185306,18.49236443837484,18.411958471934,8536000.0,8423780.0,9428100.0,10248553.333333334,12153306.666666664,18.30873680114746,18.25446128845215,18.10068130493164,18.363008499145508,18.5620174407959,18.317781066894533,18.34310874938965,18.34129905700684,18.391955947875978,18.448040390014647,18.396479225158693,18.42180728912353,18.451658248901367,18.502314949035643,18.545735168457032,18.539855098724367,18.547996139526372,18.56020803451538,18.570158290863038,18.575133514404296,18.49749043782552,18.49809347788493,18.49387200673421,18.491158231099448,18.469146728515625,18.41113872528076,18.41270046234131,18.41993347803752,18.43464517593384,18.445729541778565,7731580.0,8065560.0,8476180.0,8259200.0,8311560.0,8127850.0,8078970.0,8031000.0,8054880.0,7952800.0,9966960.0,10112315.0,10191315.0,10501740.0,10690995.0,10231913.333333334,10327150.0,10655616.666666666,10638013.333333334,10964490.0,12373438.333333336,12464021.666666664,12555601.666666664,12562153.333333336,12602910.0,0
2019-10-14,18.191136818634,18.245411232402095,18.082586265745302,18.2182731628418,8104600,1,18.236367797851567,18.31416187286377,18.505028533935548,18.48844445546468,18.410229651133214,8786340.0,8522770.0,8803800.0,10060183.333333334,12053220.0,18.299686431884766,18.30873680114746,18.25446128845215,18.10068130493164,18.363008499145508,18.265314865112305,18.317781066894533,18.34310874938965,18.34129905700684,18.391955947875978,18.35667762756348,18.396479225158693,18.42180728912353,18.451658248901367,18.502314949035643,18.528999996185306,18.539855098724367,18.547996139526372,18.56020803451538,18.570158290863038,18.49236443837484,18.49749043782552,18.49809347788493,18.49387200673421,18.491158231099448,18.411958471934,18.41113872528076,18.41270046234131,18.41993347803752,18.43464517593384,8536000.0,7731580.0,8065560.0,8476180.0,8259200.0,8423780.0,8127850.0,8078970.0,8031000.0,8054880.0,9428100.0,9966960.0,10112315.0,10191315.0,10501740.0,10248553.333333334,10231913.333333334,10327150.0,10655616.666666666,10638013.333333334,12153306.666666664,12373438.333333336,12464021.666666664,12555601.666666664,12562153.333333336,0
2019-10-15,18.182094812322973,18.381102190339988,18.12782038656432,18.25446128845215,13819300,0,18.267123794555665,18.30421142578125,18.479700374603272,18.49025363922119,18.405082003275552,9508360.0,8992270.0,8716245.0,10110223.333333334,12135258.333333336,18.2182731628418,18.299686431884766,18.30873680114746,18.25446128845215,18.10068130493164,18.236367797851567,18.265314865112305,18.317781066894533,18.34310874938965,18.34129905700684,18.31416187286377,18.35667762756348,18.396479225158693,18.42180728912353,18.451658248901367,18.505028533935548,18.528999996185306,18.539855098724367,18.547996139526372,18.56020803451538,18.48844445546468,18.49236443837484,18.49749043782552,18.49809347788493,18.49387200673421,18.410229651133214,18.411958471934,18.41113872528076,18.41270046234131,18.41993347803752,8786340.0,8536000.0,7731580.0,8065560.0,8476180.0,8522770.0,8423780.0,8127850.0,8078970.0,8031000.0,8803800.0,9428100.0,9966960.0,10112315.0,10191315.0,10060183.333333334,10248553.333333334,10231913.333333334,10327150.0,10655616.666666666,12053220.0,12153306.666666664,12373438.333333336,12464021.666666664,12555601.666666664,0
2019-10-16,18.209228765381507,18.2544588853535,18.091633904159643,18.10972595214844,17041600,1,18.23817672729492,18.290642738342285,18.450301551818846,18.480906295776368,18.400203418731692,11316760.0,9691160.0,9221995.0,10421686.666666666,12263496.666666664,18.25446128845215,18.2182731628418,18.299686431884766,18.30873680114746,18.25446128845215,18.267123794555665,18.236367797851567,18.265314865112305,18.317781066894533,18.34310874938965,18.30421142578125,18.31416187286377,18.35667762756348,18.396479225158693,18.42180728912353,18.479700374603272,18.505028533935548,18.528999996185306,18.539855098724367,18.547996139526372,18.49025363922119,18.48844445546468,18.49236443837484,18.49749043782552,18.49809347788493,18.405082003275552,18.410229651133214,18.411958471934,18.41113872528076,18.41270046234131,9508360.0,8786340.0,8536000.0,7731580.0,8065560.0,8992270.0,8522770.0,8423780.0,8127850.0,8078970.0,8716245.0,8803800.0,9428100.0,9966960.0,10112315.0,10110223.333333334,10060183.333333334,10248553.333333334,10231913.333333334,10327150.0,12135258.333333336,12053220.0,12153306.666666664,12373438.333333336,12464021.666666664,1
2019-10-17,18.046404173737045,18.209227417526005,17.75693660340079,18.154953002929688,14347900,0,18.207419967651372,18.26260051727295,18.422259426116945,18.467639032999674,18.395184898376463,12741500.0,10236540.0,9509970.0,10563023.333333334,12350256.666666664,18.10972595214844,18.25446128845215,18.2182731628418,18.299686431884766,18.30873680114746,18.23817672729492,18.267123794555665,18.236367797851567,18.265314865112305,18.317781066894533,18.290642738342285,18.30421142578125,18.31416187286377,18.35667762756348,18.396479225158693,18.450301551818846,18.479700374603272,18.505028533935548,18.528999996185306,18.539855098724367,18.480906295776368,18.49025363922119,18.48844445546468,18.49236443837484,18.49749043782552,18.400203418731692,18.405082003275552,18.410229651133214,18.411958471934,18.41113872528076,11316760.0,9508360.0,8786340.0,8536000.0,7731580.0,9691160.0,8992270.0,8522770.0,8423780.0,8127850.0,9221995.0,8716245.0,8803800.0,9428100.0,9966960.0,10421686.666666666,10110223.333333334,10060183.333333334,10248553.333333334,10231913.333333334,12263496.666666664,12135258.333333336,12053220.0,12153306.666666664,12373438.333333336,0
2019-10-18,18.13686229877898,18.2544588853535,18.046405509540307,18.10972595214844,13167600,1,18.1694278717041,18.217371368408198,18.381553268432622,18.45587946573893,18.390455277760825,13296200.0,10916100.0,9434450.0,10766030.0,12418680.0,18.154953002929688,18.10972595214844,18.25446128845215,18.2182731628418,18.299686431884766,18.207419967651372,18.23817672729492,18.267123794555665,18.236367797851567,18.265314865112305,18.26260051727295,18.290642738342285,18.30421142578125,18.31416187286377,18.35667762756348,18.422259426116945,18.450301551818846,18.479700374603272,18.505028533935548,18.528999996185306,18.467639032999674,18.480906295776368,18.49025363922119,18.48844445546468,18.49236443837484,18.395184898376463,18.400203418731692,18.405082003275552,18.410229651133214,18.411958471934,12741500.0,11316760.0,9508360.0,8786340.0,8536000.0,10236540.0,9691160.0,8992270.0,8522770.0,8423780.0,9509970.0,9221995.0,8716245.0,8803800.0,9428100.0,10563023.333333334,10421686.666666666,10110223.333333334,10060183.333333334,10248553.333333334,12350256.666666664,12263496.666666664,12135258.333333336,12053220.0,12153306.666666664,0
2019-10-21,18.236366271972656,18.408237271832306,18.1549537838998,18.236366271972656,10712400,1,18.173046493530272,18.20470714569092,18.35351104736328,18.448341242472328,18.383814430236818,13817760.0,11302050.0,9678465.0,10768510.0,12320823.333333336,18.10972595214844,18.154953002929688,18.10972595214844,18.25446128845215,18.2182731628418,18.1694278717041,18.207419967651372,18.23817672729492,18.267123794555665,18.236367797851567,18.217371368408198,18.26260051727295,18.290642738342285,18.30421142578125,18.31416187286377,18.381553268432622,18.422259426116945,18.450301551818846,18.479700374603272,18.505028533935548,18.45587946573893,18.467639032999674,18.480906295776368,18.49025363922119,18.48844445546468,18.390455277760825,18.395184898376463,18.400203418731692,18.405082003275552,18.410229651133214,13296200.0,12741500.0,11316760.0,9508360.0,8786340.0,10916100.0,10236540.0,9691160.0,8992270.0,8522770.0,9434450.0,9509970.0,9221995.0,8716245.0,8803800.0,10766030.0,10563023.333333334,10421686.666666666,10110223.333333334,10060183.333333334,12418680.0,12350256.666666664,12263496.666666664,12135258.333333336,12053220.0,0
2019-10-22,18.272552760196394,18.598201029789138,18.227322635702386,18.381101608276367,10341200,1,18.19837455749512,18.23274917602539,18.34220371246338,18.451055081685386,18.37898998260498,13122140.0,11315250.0,9673125.0,10565960.0,12238425.0,18.236366271972656,18.10972595214844,18.154953002929688,18.10972595214844,18.25446128845215,18.173046493530272,18.1694278717041,18.207419967651372,18.23817672729492,18.267123794555665,18.20470714569092,18.217371368408198,18.26260051727295,18.290642738342285,18.30421142578125,18.35351104736328,18.381553268432622,18.422259426116945,18.450301551818846,18.479700374603272,18.448341242472328,18.45587946573893,18.467639032999674,18.480906295776368,18.49025363922119,18.383814430236818,18.390455277760825,18.395184898376463,18.400203418731692,18.405082003275552,13817760.0,13296200.0,12741500.0,11316760.0,9508360.0,11302050.0,10916100.0,10236540.0,9691160.0,8992270.0,9678465.0,9434450.0,9509970.0,9221995.0,8716245.0,10768510.0,10766030.0,10563023.333333334,10421686.666666666,10110223.333333334,12320823.333333336,12418680.0,12350256.666666664,12263496.666666664,12135258.333333336,0
2019-10-23,18.35396360121116,18.462512439487046,18.25445906166436,18.453466415405273,8392400,1,18.267122650146483,18.252649688720698,18.337228488922122,18.449547322591147,18.37461783091227,11392300.0,11354530.0,9716750.0,10526386.666666666,12137560.0,18.381101608276367,18.236366271972656,18.10972595214844,18.154953002929688,18.10972595214844,18.19837455749512,18.173046493530272,18.1694278717041,18.207419967651372,18.23817672729492,18.23274917602539,18.20470714569092,18.217371368408198,18.26260051727295,18.290642738342285,18.34220371246338,18.35351104736328,18.381553268432622,18.422259426116945,18.450301551818846,18.451055081685386,18.448341242472328,18.45587946573893,18.467639032999674,18.480906295776368,18.37898998260498,18.383814430236818,18.390455277760825,18.395184898376463,18.400203418731692,13122140.0,13817760.0,13296200.0,12741500.0,11316760.0,11315250.0,11302050.0,10916100.0,10236540.0,9691160.0,9673125.0,9678465.0,9434450.0,9509970.0,9221995.0,10565960.0,10768510.0,10766030.0,10563023.333333334,10421686.666666666,12238425.0,12320823.333333336,12418680.0,12350256.666666664,12263496.666666664,0
2019-10-24,18.50773914012439,18.733884545406564,18.46251074920896,18.489648818969727,10368000,0,18.334061813354488,18.27074089050293,18.333610057830807,18.450150362650554,18.371904055277508,10596320.0,11668910.0,9898380.0,10534276.666666666,11972460.0,18.453466415405273,18.381101608276367,18.236366271972656,18.10972595214844,18.154953002929688,18.267122650146483,18.19837455749512,18.173046493530272,18.1694278717041,18.207419967651372,18.252649688720698,18.23274917602539,18.20470714569092,18.217371368408198,18.26260051727295,18.337228488922122,18.34220371246338,18.35351104736328,18.381553268432622,18.422259426116945,18.449547322591147,18.451055081685386,18.448341242472328,18.45587946573893,18.467639032999674,18.37461783091227,18.37898998260498,18.383814430236818,18.390455277760825,18.395184898376463,11392300.0,13122140.0,13817760.0,13296200.0,12741500.0,11354530.0,11315250.0,11302050.0,10916100.0,10236540.0,9716750.0,9673125.0,9678465.0,9434450.0,9509970.0,10526386.666666666,10565960.0,10768510.0,10766030.0,10563023.333333334,12137560.0,12238425.0,12320823.333333336,12418680.0,12350256.666666664,0
2019-10-25,18.30873264188176,18.516786010171273,18.173045737577837,18.4715576171875,10813800,0,18.406428146362305,18.287928009033198,18.32230281829834,18.448642667134603,18.3666272799174,10125560.0,11710880.0,10067330.0,10189026.666666666,11795083.333333336,18.489648818969727,18.453466415405273,18.381101608276367,18.236366271972656,18.10972595214844,18.334061813354488,18.267122650146483,18.19837455749512,18.173046493530272,18.1694278717041,18.27074089050293,18.252649688720698,18.23274917602539,18.20470714569092,18.217371368408198,18.333610057830807,18.337228488922122,18.34220371246338,18.35351104736328,18.381553268432622,18.450150362650554,18.449547322591147,18.451055081685386,18.448341242472328,18.45587946573893,18.371904055277508,18.37461783091227,18.37898998260498,18.383814430236818,18.390455277760825,10596320.0,11392300.0,13122140.0,13817760.0,13296200.0,11668910.0,11354530.0,11315250.0,11302050.0,10916100.0,9898380.0,9716750.0,9673125.0,9678465.0,9434450.0,10534276.666666666,10526386.666666666,10565960.0,10768510.0,10766030.0,11972460.0,12137560.0,12238425.0,12320823.333333336,12418680.0,0
2019-10-28,18.543927192968866,18.571065268524638,18.24541526326689,18.25446128845215,10192300,0,18.410047149658205,18.29154682159424,18.302854347229005,18.433867963155112,18.366175079345698,10021540.0,11919650.0,10221210.0,9842416.666666666,11714241.666666664,18.4715576171875,18.489648818969727,18.453466415405273,18.381101608276367,18.236366271972656,18.406428146362305,18.334061813354488,18.267122650146483,18.19837455749512,18.173046493530272,18.287928009033198,18.27074089050293,18.252649688720698,18.23274917602539,18.20470714569092,18.32230281829834,18.333610057830807,18.337228488922122,18.34220371246338,18.35351104736328,18.448642667134603,18.450150362650554,18.449547322591147,18.451055081685386,18.448341242472328,18.3666272799174,18.371904055277508,18.37461783091227,18.37898998260498,18.383814430236818,10125560.0,10596320.0,11392300.0,13122140.0,13817760.0,11710880.0,11668910.0,11354530.0,11315250.0,11302050.0,10067330.0,9898380.0,9716750.0,9673125.0,9678465.0,10189026.666666666,10534276.666666666,10526386.666666666,10565960.0,10768510.0,11795083.333333336,11972460.0,12137560.0,12238425.0,12320823.333333336,0
2019-10-29,18.236366802560948,18.43537415399995,18.154954312119393,18.245412826538086,11717900,1,18.382909393310552,18.290641975402828,18.297426700592037,18.41668090820313,18.37115023930868,10296880.0,11709510.0,10350890.0,9714000.0,11594215.0,18.25446128845215,18.4715576171875,18.489648818969727,18.453466415405273,18.381101608276367,18.410047149658205,18.406428146362305,18.334061813354488,18.267122650146483,18.19837455749512,18.29154682159424,18.287928009033198,18.27074089050293,18.252649688720698,18.23274917602539,18.302854347229005,18.32230281829834,18.333610057830807,18.337228488922122,18.34220371246338,18.433867963155112,18.448642667134603,18.450150362650554,18.449547322591147,18.451055081685386,18.366175079345698,18.3666272799174,18.371904055277508,18.37461783091227,18.37898998260498,10021540.0,10125560.0,10596320.0,11392300.0,13122140.0,11919650.0,11710880.0,11668910.0,11354530.0,11315250.0,10221210.0,10067330.0,9898380.0,9716750.0,9673125.0,9842416.666666666,10189026.666666666,10534276.666666666,10526386.666666666,10565960.0,11714241.666666664,11795083.333333336,11972460.0,12137560.0,12238425.0,0
2019-10-30,18.24541275908923,18.456077245355843,18.18129763257384,18.318687438964844,13624300,0,18.35595359802246,18.311538124084468,18.301090431213375,18.40404707590739,18.37448215484619,11343260.0,11367780.0,10529470.0,9937256.666666666,11588430.0,18.245412826538086,18.25446128845215,18.4715576171875,18.489648818969727,18.453466415405273,18.382909393310552,18.410047149658205,18.406428146362305,18.334061813354488,18.267122650146483,18.290641975402828,18.29154682159424,18.287928009033198,18.27074089050293,18.252649688720698,18.297426700592037,18.302854347229005,18.32230281829834,18.333610057830807,18.337228488922122,18.41668090820313,18.433867963155112,18.448642667134603,18.450150362650554,18.449547322591147,18.37115023930868,18.366175079345698,18.3666272799174,18.371904055277508,18.37461783091227,10296880.0,10021540.0,10125560.0,10596320.0,11392300.0,11709510.0,11919650.0,11710880.0,11668910.0,11354530.0,10350890.0,10221210.0,10067330.0,9898380.0,9716750.0,9714000.0,9842416.666666666,10189026.666666666,10534276.666666666,10526386.666666666,11594215.0,11714241.666666664,11795083.333333336,11972460.0,12137560.0,0
2019-10-31,18.30952881652124,18.355326585650857,18.16297944931896,18.300369262695312,16191700,1,18.31809768676758,18.326079750061034,18.294340133666992,18.390199534098308,18.378413359324142,12508000.0,11552160.0,10894350.0,10190700.0,11516063.333333336,18.318687438964844,18.245412826538086,18.25446128845215,18.4715576171875,18.489648818969727,18.35595359802246,18.382909393310552,18.410047149658205,18.406428146362305,18.334061813354488,18.311538124084468,18.290641975402828,18.29154682159424,18.287928009033198,18.27074089050293,18.301090431213375,18.297426700592037,18.302854347229005,18.32230281829834,18.333610057830807,18.40404707590739,18.41668090820313,18.433867963155112,18.448642667134603,18.450150362650554,18.37448215484619,18.37115023930868,18.366175079345698,18.3666272799174,18.371904055277508,11343260.0,10296880.0,10021540.0,10125560.0,10596320.0,11367780.0,11709510.0,11919650.0,11710880.0,11668910.0,10529470.0,10350890.0,10221210.0,10067330.0,9898380.0,9937256.666666666,9714000.0,9842416.666666666,10189026.666666666,10534276.666666666,11588430.0,11594215.0,11714241.666666664,11795083.333333336,11972460.0,0
2019-11-01,18.391964547593066,18.776657104492188,18.3644858838837,18.776657104492188,10812200,1,18.37911758422852,18.39277286529541,18.305072116851807,18.385293134053548,18.384252166748052,12507680.0,11316620.0,11116360.0,10061840.0,11388135.0,18.300369262695312,18.318687438964844,18.245412826538086,18.25446128845215,18.4715576171875,18.31809768676758,18.35595359802246,18.382909393310552,18.410047149658205,18.406428146362305,18.326079750061034,18.311538124084468,18.290641975402828,18.29154682159424,18.287928009033198,18.294340133666992,18.301090431213375,18.297426700592037,18.302854347229005,18.32230281829834,18.390199534098308,18.40404707590739,18.41668090820313,18.433867963155112,18.448642667134603,18.378413359324142,18.37448215484619,18.37115023930868,18.366175079345698,18.3666272799174,12508000.0,11343260.0,10296880.0,10021540.0,10125560.0,11552160.0,11367780.0,11709510.0,11919650.0,11710880.0,10894350.0,10529470.0,10350890.0,10221210.0,10067330.0,10190700.0,9937256.666666666,9714000.0,9842416.666666666,10189026.666666666,11516063.333333336,11588430.0,11594215.0,11714241.666666664,11795083.333333336,0
2019-11-04,18.813296177683863,18.987322481398735,18.749179292781747,18.831613540649414,12401500,0,18.494548034667968,18.452297592163085,18.328502368927,18.386439895629888,18.391006914774575,12949520.0,11485530.0,11393790.0,10280820.0,11353471.666666664,18.776657104492188,18.300369262695312,18.318687438964844,18.245412826538086,18.25446128845215,18.37911758422852,18.31809768676758,18.35595359802246,18.382909393310552,18.410047149658205,18.39277286529541,18.326079750061034,18.311538124084468,18.290641975402828,18.29154682159424,18.305072116851807,18.294340133666992,18.301090431213375,18.297426700592037,18.302854347229005,18.385293134053548,18.390199534098308,18.40404707590739,18.41668090820313,18.433867963155112,18.384252166748052,18.378413359324142,18.37448215484619,18.37115023930868,18.366175079345698,12507680.0,12508000.0,11343260.0,10296880.0,10021540.0,11316620.0,11552160.0,11367780.0,11709510.0,11919650.0,11116360.0,10894350.0,10529470.0,10350890.0,10221210.0,10061840.0,10190700.0,9937256.666666666,9714000.0,9842416.666666666,11388135.0,11516063.333333336,11588430.0,11594215.0,11714241.666666664,0
2019-11-05,18.849930858446385,18.932365098476538,18.520193898325765,18.79497528076172,12327000,0,18.604460525512696,18.49368495941162,18.363217067718505,18.39269746144613,18.397603289286295,13071340.0,11684110.0,11499680.0,10343453.333333334,11274811.666666664,18.831613540649414,18.776657104492188,18.300369262695312,18.318687438964844,18.245412826538086,18.494548034667968,18.37911758422852,18.31809768676758,18.35595359802246,18.382909393310552,18.452297592163085,18.39277286529541,18.326079750061034,18.311538124084468,18.290641975402828,18.328502368927,18.305072116851807,18.294340133666992,18.301090431213375,18.297426700592037,18.386439895629888,18.385293134053548,18.390199534098308,18.40404707590739,18.41668090820313,18.391006914774575,18.384252166748052,18.378413359324142,18.37448215484619,18.37115023930868,12949520.0,12507680.0,12508000.0,11343260.0,10296880.0,11485530.0,11316620.0,11552160.0,11367780.0,11709510.0,11393790.0,11116360.0,10894350.0,10529470.0,10350890.0,10280820.0,10061840.0,10190700.0,9937256.666666666,9714000.0,11353471.666666664,11388135.0,11516063.333333336,11588430.0,11594215.0,0
2019-11-06,18.776653900674415,18.831609471709804,18.48355519247755,18.511032104492188,10078700,0,18.642929458618163,18.499441528320308,18.376045608520503,18.39129950205485,18.396904309590656,12362220.0,11852740.0,11603635.0,10428746.666666666,11186131.666666666,18.79497528076172,18.831613540649414,18.776657104492188,18.300369262695312,18.318687438964844,18.604460525512696,18.494548034667968,18.37911758422852,18.31809768676758,18.35595359802246,18.49368495941162,18.452297592163085,18.39277286529541,18.326079750061034,18.311538124084468,18.363217067718505,18.328502368927,18.305072116851807,18.294340133666992,18.301090431213375,18.39269746144613,18.386439895629888,18.385293134053548,18.390199534098308,18.40404707590739,18.397603289286295,18.391006914774575,18.384252166748052,18.378413359324142,18.37448215484619,13071340.0,12949520.0,12507680.0,12508000.0,11343260.0,11684110.0,11485530.0,11316620.0,11552160.0,11367780.0,11499680.0,11393790.0,11116360.0,10894350.0,10529470.0,10343453.333333334,10280820.0,10061840.0,10190700.0,9937256.666666666,11274811.666666664,11353471.666666664,11388135.0,11516063.333333336,11588430.0,0
2019-11-07,18.630105312329853,18.630105312329853,18.30952793193553,18.35532569885254,11991100,0,18.65392074584961,18.486009216308595,18.37837505340576,18.384409777323405,18.404314454396566,11522100.0,12015050.0,11841980.0,10603936.666666666,11135773.333333334,18.511032104492188,18.79497528076172,18.831613540649414,18.776657104492188,18.300369262695312,18.642929458618163,18.604460525512696,18.494548034667968,18.37911758422852,18.31809768676758,18.499441528320308,18.49368495941162,18.452297592163085,18.39277286529541,18.326079750061034,18.376045608520503,18.363217067718505,18.328502368927,18.305072116851807,18.294340133666992,18.39129950205485,18.39269746144613,18.386439895629888,18.385293134053548,18.390199534098308,18.396904309590656,18.397603289286295,18.391006914774575,18.384252166748052,18.378413359324142,12362220.0,13071340.0,12949520.0,12507680.0,12508000.0,11852740.0,11684110.0,11485530.0,11316620.0,11552160.0,11603635.0,11499680.0,11393790.0,11116360.0,10894350.0,10428746.666666666,10343453.333333334,10280820.0,10061840.0,10190700.0,11186131.666666666,11274811.666666664,11353471.666666664,11388135.0,11516063.333333336,0
2019-11-08,18.31868794987073,18.419441292637007,18.208775053488765,18.346166610717773,11920100,0,18.567822647094726,18.47347011566162,18.38069906234741,18.372691917419434,18.41036580403646,11743680.0,12125680.0,11918280.0,10753446.666666666,11157175.0,18.35532569885254,18.511032104492188,18.79497528076172,18.831613540649414,18.776657104492188,18.65392074584961,18.642929458618163,18.604460525512696,18.494548034667968,18.37911758422852,18.486009216308595,18.499441528320308,18.49368495941162,18.452297592163085,18.39277286529541,18.37837505340576,18.376045608520503,18.363217067718505,18.328502368927,18.305072116851807,18.384409777323405,18.39129950205485,18.39269746144613,18.386439895629888,18.385293134053548,18.404314454396566,18.396904309590656,18.397603289286295,18.391006914774575,18.384252166748052,11522100.0,12362220.0,13071340.0,12949520.0,12507680.0,12015050.0,11852740.0,11684110.0,11485530.0,11316620.0,11841980.0,11603635.0,11499680.0,11393790.0,11116360.0,10603936.666666666,10428746.666666666,10343453.333333334,10280820.0,10061840.0,11135773.333333334,11186131.666666666,11274811.666666664,11353471.666666664,11388135.0,0
2019-11-11,18.2270965981427,18.36448642673797,18.190460125786974,18.263734817504886,9692900,1,18.45424690246582,18.474397468566888,18.382972145080565,18.36003538767497,18.411274210611978,11201960.0,12075740.0,11997695.0,10839386.666666666,11143183.333333334,18.346166610717773,18.35532569885254,18.511032104492188,18.79497528076172,18.831613540649414,18.567822647094726,18.65392074584961,18.642929458618163,18.604460525512696,18.494548034667968,18.47347011566162,18.486009216308595,18.499441528320308,18.49368495941162,18.452297592163085,18.38069906234741,18.37837505340576,18.376045608520503,18.363217067718505,18.328502368927,18.372691917419434,18.384409777323405,18.39129950205485,18.39269746144613,18.386439895629888,18.41036580403646,18.404314454396566,18.396904309590656,18.397603289286295,18.391006914774575,11743680.0,11522100.0,12362220.0,13071340.0,12949520.0,12125680.0,12015050.0,11852740.0,11684110.0,11485530.0,11918280.0,11841980.0,11603635.0,11499680.0,11393790.0,10753446.666666666,10603936.666666666,10428746.666666666,10343453.333333334,10280820.0,11157175.0,11135773.333333334,11186131.666666666,11274811.666666664,11353471.666666664,0
2019-11-12,18.300366829441767,18.48355438759075,18.23625170819142,18.382801055908203,11715600,1,18.371812057495124,18.488136291503906,18.38938913345337,18.36099656422933,18.409945678710933,11079680.0,12075510.0,11892510.0,10925763.333333334,11144281.666666666,18.263734817504886,18.346166610717773,18.35532569885254,18.511032104492188,18.79497528076172,18.45424690246582,18.567822647094726,18.65392074584961,18.642929458618163,18.604460525512696,18.474397468566888,18.47347011566162,18.486009216308595,18.499441528320308,18.49368495941162,18.382972145080565,18.38069906234741,18.37837505340576,18.376045608520503,18.363217067718505,18.36003538767497,18.372691917419434,18.384409777323405,18.39129950205485,18.39269746144613,18.411274210611978,18.41036580403646,18.404314454396566,18.396904309590656,18.397603289286295,11201960.0,11743680.0,11522100.0,12362220.0,13071340.0,12075740.0,12125680.0,12015050.0,11852740.0,11684110.0,11997695.0,11918280.0,11841980.0,11603635.0,11499680.0,10839386.666666666,10753446.666666666,10603936.666666666,10428746.666666666,10343453.333333334,11143183.333333334,11157175.0,11135773.333333334,11186131.666666666,11274811.666666664,0
2019-11-13,18.355325890597975,18.712539741251284,18.355325890597975,18.639265060424805,17233300,0,18.397458648681642,18.520194053649906,18.415866088867187,18.37412497202555,18.41696221033732,12510600.0,12436410.0,11902095.0,11165116.666666666,11244275.0,18.382801055908203,18.263734817504886,18.346166610717773,18.35532569885254,18.511032104492188,18.371812057495124,18.45424690246582,18.567822647094726,18.65392074584961,18.642929458618163,18.488136291503906,18.474397468566888,18.47347011566162,18.486009216308595,18.499441528320308,18.38938913345337,18.382972145080565,18.38069906234741,18.37837505340576,18.376045608520503,18.36099656422933,18.36003538767497,18.372691917419434,18.384409777323405,18.39129950205485,18.409945678710933,18.411274210611978,18.41036580403646,18.404314454396566,18.396904309590656,11079680.0,11201960.0,11743680.0,11522100.0,12362220.0,12075510.0,12075740.0,12125680.0,12015050.0,11852740.0,11892510.0,11997695.0,11918280.0,11841980.0,11603635.0,10925763.333333334,10839386.666666666,10753446.666666666,10603936.666666666,10428746.666666666,11144281.666666666,11143183.333333334,11157175.0,11135773.333333334,11186131.666666666,1
2019-11-14,18.657586580272433,18.785816851550575,18.42860295470064,18.52019500732422,15853600,1,18.430432510375976,18.542176628112788,18.434128189086913,18.376952298482262,18.41822509765625,13283100.0,12402600.0,11977380.0,11397100.0,11274666.666666664,18.639265060424805,18.382801055908203,18.263734817504886,18.346166610717773,18.35532569885254,18.397458648681642,18.371812057495124,18.45424690246582,18.567822647094726,18.65392074584961,18.520194053649906,18.488136291503906,18.474397468566888,18.47347011566162,18.486009216308595,18.415866088867187,18.38938913345337,18.382972145080565,18.38069906234741,18.37837505340576,18.37412497202555,18.36099656422933,18.36003538767497,18.372691917419434,18.384409777323405,18.41696221033732,18.409945678710933,18.411274210611978,18.41036580403646,18.404314454396566,12510600.0,11079680.0,11201960.0,11743680.0,11522100.0,12436410.0,12075510.0,12075740.0,12125680.0,12015050.0,11902095.0,11892510.0,11997695.0,11918280.0,11841980.0,11165116.666666666,10925763.333333334,10839386.666666666,10753446.666666666,10603936.666666666,11244275.0,11144281.666666666,11143183.333333334,11157175.0,11135773.333333334,0
2019-11-15,18.639264529030914,18.79497343972379,18.584308956729352,18.721698760986328,23110500,0,18.505538940429688,18.536680793762212,18.464726829528807,18.382275009155272,18.42571086883545,15521180.0,13632430.0,12474525.0,11955050.0,11459770.0,18.52019500732422,18.639265060424805,18.382801055908203,18.263734817504886,18.346166610717773,18.430432510375976,18.397458648681642,18.371812057495124,18.45424690246582,18.567822647094726,18.542176628112788,18.520194053649906,18.488136291503906,18.474397468566888,18.47347011566162,18.434128189086913,18.415866088867187,18.38938913345337,18.382972145080565,18.38069906234741,18.376952298482262,18.37412497202555,18.36099656422933,18.36003538767497,18.372691917419434,18.41822509765625,18.41696221033732,18.409945678710933,18.411274210611978,18.41036580403646,13283100.0,12510600.0,11079680.0,11201960.0,11743680.0,12402600.0,12436410.0,12075510.0,12075740.0,12125680.0,11977380.0,11902095.0,11892510.0,11997695.0,11918280.0,11397100.0,11165116.666666666,10925763.333333334,10839386.666666666,10753446.666666666,11274666.666666664,11244275.0,11144281.666666666,11143183.333333334,11157175.0,1
2019-11-18,18.593465931118885,18.712538370619125,18.40112056316537,18.446916580200195,11152000,0,18.54217529296875,18.498211097717284,18.475254344940183,18.38507194519043,18.438115088144933,15813000.0,13507480.0,12496505.0,12098353.333333336,11368183.333333336,18.721698760986328,18.52019500732422,18.639265060424805,18.382801055908203,18.263734817504886,18.505538940429688,18.430432510375976,18.397458648681642,18.371812057495124,18.45424690246582,18.536680793762212,18.542176628112788,18.520194053649906,18.488136291503906,18.474397468566888,18.464726829528807,18.434128189086913,18.415866088867187,18.38938913345337,18.382972145080565,18.382275009155272,18.376952298482262,18.37412497202555,18.36099656422933,18.36003538767497,18.42571086883545,18.41822509765625,18.41696221033732,18.409945678710933,18.411274210611978,15521180.0,13283100.0,12510600.0,11079680.0,11201960.0,13632430.0,12402600.0,12436410.0,12075510.0,12075740.0,12474525.0,11977380.0,11902095.0,11892510.0,11997695.0,11955050.0,11397100.0,11165116.666666666,10925763.333333334,10839386.666666666,11459770.0,11274666.666666664,11244275.0,11144281.666666666,11143183.333333334,0
2019-11-19,18.4560786975688,18.47439780573068,18.30036977220542,18.32784843444824,11201000,1,18.531184768676763,18.451498413085933,18.47259168624878,18.392644182840982,18.443258094787602,15710080.0,13394880.0,12539495.0,12131413.333333336,11393515.0,18.446916580200195,18.721698760986328,18.52019500732422,18.639265060424805,18.382801055908203,18.54217529296875,18.505538940429688,18.430432510375976,18.397458648681642,18.371812057495124,18.498211097717284,18.536680793762212,18.542176628112788,18.520194053649906,18.488136291503906,18.475254344940183,18.464726829528807,18.434128189086913,18.415866088867187,18.38938913345337,18.38507194519043,18.382275009155272,18.376952298482262,18.37412497202555,18.36099656422933,18.438115088144933,18.42571086883545,18.41822509765625,18.41696221033732,18.409945678710933,15813000.0,15521180.0,13283100.0,12510600.0,11079680.0,13507480.0,13632430.0,12402600.0,12436410.0,12075510.0,12496505.0,12474525.0,11977380.0,11902095.0,11892510.0,12098353.333333336,11955050.0,11397100.0,11165116.666666666,10925763.333333334,11368183.333333336,11459770.0,11274666.666666664,11244275.0,11144281.666666666,0
2019-11-20,18.318690201029415,18.474399137618423,18.282051982064267,18.373645782470703,12223500,1,18.478060913085933,18.437759780883788,18.46860065460205,18.396616999308268,18.4473552385966,14708120.0,13609360.0,12731050.0,12272210.0,11299680.0,18.32784843444824,18.446916580200195,18.721698760986328,18.52019500732422,18.639265060424805,18.531184768676763,18.54217529296875,18.505538940429688,18.430432510375976,18.397458648681642,18.451498413085933,18.498211097717284,18.536680793762212,18.542176628112788,18.520194053649906,18.47259168624878,18.475254344940183,18.464726829528807,18.434128189086913,18.415866088867187,18.392644182840982,18.38507194519043,18.382275009155272,18.376952298482262,18.37412497202555,18.443258094787602,18.438115088144933,18.42571086883545,18.41822509765625,18.41696221033732,15710080.0,15813000.0,15521180.0,13283100.0,12510600.0,13394880.0,13507480.0,13632430.0,12402600.0,12436410.0,12539495.0,12496505.0,12474525.0,11977380.0,11902095.0,12131413.333333336,12098353.333333336,11955050.0,11397100.0,11165116.666666666,11393515.0,11368183.333333336,11459770.0,11274666.666666664,11244275.0,0
2019-11-21,18.41028109106467,18.501874876991593,18.355325518310984,18.46523666381836,11577400,0,18.467069244384767,18.44875087738037,18.46738004684448,18.401833661397298,18.449662049611412,13852880.0,13567990.0,12791520.0,12417316.666666664,11324615.0,18.373645782470703,18.32784843444824,18.446916580200195,18.721698760986328,18.52019500732422,18.478060913085933,18.531184768676763,18.54217529296875,18.505538940429688,18.430432510375976,18.437759780883788,18.451498413085933,18.498211097717284,18.536680793762212,18.542176628112788,18.46860065460205,18.47259168624878,18.475254344940183,18.464726829528807,18.434128189086913,18.396616999308268,18.392644182840982,18.38507194519043,18.382275009155272,18.376952298482262,18.4473552385966,18.443258094787602,18.438115088144933,18.42571086883545,18.41822509765625,14708120.0,15710080.0,15813000.0,15521180.0,13283100.0,13609360.0,13394880.0,13507480.0,13632430.0,12402600.0,12731050.0,12539495.0,12496505.0,12474525.0,11977380.0,12272210.0,12131413.333333336,12098353.333333336,11955050.0,11397100.0,11299680.0,11393515.0,11368183.333333336,11459770.0,11274666.666666664,0
2019-11-22,18.501874965151675,18.529351878156366,18.27289137274636,18.28204917907715,9727400,0,18.37913932800293,18.442339134216308,18.45790462493897,18.40124575297038,18.44680509567261,11176260.0,13348720.0,12737200.0,12395093.333333336,11321823.333333336,18.46523666381836,18.373645782470703,18.32784843444824,18.446916580200195,18.721698760986328,18.467069244384767,18.478060913085933,18.531184768676763,18.54217529296875,18.505538940429688,18.44875087738037,18.437759780883788,18.451498413085933,18.498211097717284,18.536680793762212,18.46738004684448,18.46860065460205,18.47259168624878,18.475254344940183,18.464726829528807,18.401833661397298,18.396616999308268,18.392644182840982,18.38507194519043,18.382275009155272,18.449662049611412,18.4473552385966,18.443258094787602,18.438115088144933,18.42571086883545,13852880.0,14708120.0,15710080.0,15813000.0,15521180.0,13567990.0,13609360.0,13394880.0,13507480.0,13632430.0,12791520.0,12731050.0,12539495.0,12496505.0,12474525.0,12417316.666666664,12272210.0,12131413.333333336,12098353.333333336,11955050.0,11324615.0,11299680.0,11393515.0,11368183.333333336,11459770.0,0
2019-11-25,18.364483412103557,18.401121625451367,18.2270936060616,18.28204917907715,14192100,0,18.34616584777832,18.444170570373537,18.45928401947021,18.403371620178227,18.44590803782145,11784280.0,13798640.0,12937190.0,12598010.0,11329096.666666664,18.28204917907715,18.46523666381836,18.373645782470703,18.32784843444824,18.446916580200195,18.37913932800293,18.467069244384767,18.478060913085933,18.531184768676763,18.54217529296875,18.442339134216308,18.44875087738037,18.437759780883788,18.451498413085933,18.498211097717284,18.45790462493897,18.46738004684448,18.46860065460205,18.47259168624878,18.475254344940183,18.40124575297038,18.401833661397298,18.396616999308268,18.392644182840982,18.38507194519043,18.44680509567261,18.449662049611412,18.4473552385966,18.443258094787602,18.438115088144933,11176260.0,13852880.0,14708120.0,15710080.0,15813000.0,13348720.0,13567990.0,13609360.0,13394880.0,13507480.0,12737200.0,12791520.0,12731050.0,12539495.0,12496505.0,12395093.333333336,12417316.666666664,12272210.0,12131413.333333336,12098353.333333336,11321823.333333336,11324615.0,11299680.0,11393515.0,11368183.333333336,0
2019-11-26,18.27289461323758,18.364486668837586,17.96147673257942,18.04391098022461,23962500,1,18.289378356933593,18.41028156280517,18.44920892715454,18.39635327657064,18.44330345789591,14336580.0,15023330.0,13549420.0,12936116.666666664,11523170.0,18.28204917907715,18.28204917907715,18.46523666381836,18.373645782470703,18.32784843444824,18.34616584777832,18.37913932800293,18.467069244384767,18.478060913085933,18.531184768676763,18.444170570373537,18.442339134216308,18.44875087738037,18.437759780883788,18.451498413085933,18.45928401947021,18.45790462493897,18.46738004684448,18.46860065460205,18.47259168624878,18.403371620178227,18.40124575297038,18.401833661397298,18.396616999308268,18.392644182840982,18.44590803782145,18.44680509567261,18.449662049611412,18.4473552385966,18.443258094787602,11784280.0,11176260.0,13852880.0,14708120.0,15710080.0,13798640.0,13348720.0,13567990.0,13609360.0,13394880.0,12937190.0,12737200.0,12791520.0,12731050.0,12539495.0,12598010.0,12395093.333333336,12417316.666666664,12272210.0,12131413.333333336,11329096.666666664,11321823.333333336,11324615.0,11299680.0,11393515.0,0
2019-11-27,18.08970353633852,18.13549955534958,17.869879500474386,18.07138442993164,12139500,0,18.22892608642578,18.35349349975586,18.43684377670288,18.395075225830077,18.437990760803228,14319780.0,14513950.0,13475180.0,12772713.333333336,11597200.0,18.04391098022461,18.28204917907715,18.28204917907715,18.46523666381836,18.373645782470703,18.289378356933593,18.34616584777832,18.37913932800293,18.467069244384767,18.478060913085933,18.41028156280517,18.444170570373537,18.442339134216308,18.44875087738037,18.437759780883788,18.44920892715454,18.45928401947021,18.45790462493897,18.46738004684448,18.46860065460205,18.39635327657064,18.403371620178227,18.40124575297038,18.401833661397298,18.396616999308268,18.44330345789591,18.44590803782145,18.44680509567261,18.449662049611412,18.4473552385966,14336580.0,11784280.0,11176260.0,13852880.0,14708120.0,15023330.0,13798640.0,13348720.0,13567990.0,13609360.0,13549420.0,12937190.0,12737200.0,12791520.0,12731050.0,12936116.666666664,12598010.0,12395093.333333336,12417316.666666664,12272210.0,11523170.0,11329096.666666664,11321823.333333336,11324615.0,11299680.0,0
2019-11-29,18.0622269752456,18.0622269752456,17.86072202237696,17.961475372314453,7196200,0,18.128173828125,18.297621536254887,18.41989908218384,18.388625971476237,18.428132502237954,13443540.0,13648210.0,13025405.0,12534323.333333336,11548673.333333336,18.07138442993164,18.04391098022461,18.28204917907715,18.28204917907715,18.46523666381836,18.22892608642578,18.289378356933593,18.34616584777832,18.37913932800293,18.467069244384767,18.35349349975586,18.41028156280517,18.444170570373537,18.442339134216308,18.44875087738037,18.43684377670288,18.44920892715454,18.45928401947021,18.45790462493897,18.46738004684448,18.395075225830077,18.39635327657064,18.403371620178227,18.40124575297038,18.401833661397298,18.437990760803228,18.44330345789591,18.44590803782145,18.44680509567261,18.449662049611412,14319780.0,14336580.0,11784280.0,11176260.0,13852880.0,14513950.0,15023330.0,13798640.0,13348720.0,13567990.0,13475180.0,13549420.0,12937190.0,12737200.0,12791520.0,12772713.333333336,12936116.666666664,12598010.0,12395093.333333336,12417316.666666664,11597200.0,11523170.0,11329096.666666664,11321823.333333336,11324615.0,0
2019-12-02,17.961475951245536,17.988952867927686,17.769128799438477,17.769128799438477,10745800,0,18.025589752197266,18.202364540100103,18.369522666931157,18.37727273305257,18.41657609939575,13647220.0,12411740.0,13022085.0,12453596.666666664,11609813.333333336,17.961475372314453,18.07138442993164,18.04391098022461,18.28204917907715,18.28204917907715,18.128173828125,18.22892608642578,18.289378356933593,18.34616584777832,18.37913932800293,18.297621536254887,18.35349349975586,18.41028156280517,18.444170570373537,18.442339134216308,18.41989908218384,18.43684377670288,18.44920892715454,18.45928401947021,18.45790462493897,18.388625971476237,18.395075225830077,18.39635327657064,18.403371620178227,18.40124575297038,18.428132502237954,18.437990760803228,18.44330345789591,18.44590803782145,18.44680509567261,13443540.0,14319780.0,14336580.0,11784280.0,11176260.0,13648210.0,14513950.0,15023330.0,13798640.0,13348720.0,13025405.0,13475180.0,13549420.0,12937190.0,12737200.0,12534323.333333336,12772713.333333336,12936116.666666664,12598010.0,12395093.333333336,11548673.333333336,11597200.0,11523170.0,11329096.666666664,11321823.333333336,0
2019-12-03,17.705012443422632,17.723331551284893,17.521824858812536,17.540143966674805,13395000,1,17.877208709716797,18.11168727874756,18.30494918823242,18.35406532287597,18.401203282674157,13487800.0,12636040.0,13071760.0,12543016.666666664,11655763.333333336,17.769128799438477,17.961475372314453,18.07138442993164,18.04391098022461,18.28204917907715,18.025589752197266,18.128173828125,18.22892608642578,18.289378356933593,18.34616584777832,18.202364540100103,18.297621536254887,18.35349349975586,18.41028156280517,18.444170570373537,18.369522666931157,18.41989908218384,18.43684377670288,18.44920892715454,18.45928401947021,18.37727273305257,18.388625971476237,18.395075225830077,18.39635327657064,18.403371620178227,18.41657609939575,18.428132502237954,18.437990760803228,18.44330345789591,18.44590803782145,13647220.0,13443540.0,14319780.0,14336580.0,11784280.0,12411740.0,13648210.0,14513950.0,15023330.0,13798640.0,13022085.0,13025405.0,13475180.0,13549420.0,12937190.0,12453596.666666664,12534323.333333336,12772713.333333336,12936116.666666664,12598010.0,11609813.333333336,11548673.333333336,11597200.0,11523170.0,11329096.666666664,0
2019-12-04,17.631738079910598,17.714172319784968,17.53098473184052,17.677534103393555,11296000,1,17.803933334350585,18.04665584564209,18.24907712936401,18.330613072713216,18.3908340771993,10954500.0,12645540.0,13020210.0,12574843.333333336,11570401.666666664,17.540143966674805,17.769128799438477,17.961475372314453,18.07138442993164,18.04391098022461,17.877208709716797,18.025589752197266,18.128173828125,18.22892608642578,18.289378356933593,18.11168727874756,18.202364540100103,18.297621536254887,18.35349349975586,18.41028156280517,18.30494918823242,18.369522666931157,18.41989908218384,18.43684377670288,18.44920892715454,18.35406532287597,18.37727273305257,18.388625971476237,18.395075225830077,18.39635327657064,18.401203282674157,18.41657609939575,18.428132502237954,18.437990760803228,18.44330345789591,13487800.0,13647220.0,13443540.0,14319780.0,14336580.0,12636040.0,12411740.0,13648210.0,14513950.0,15023330.0,13071760.0,13022085.0,13025405.0,13475180.0,13549420.0,12543016.666666664,12453596.666666664,12534323.333333336,12772713.333333336,12936116.666666664,11655763.333333336,11609813.333333336,11548673.333333336,11597200.0,11523170.0,0
2019-12-05,17.705011604876496,18.043908096252448,17.686692497881857,18.02558898925781,17301800,1,17.79477424621582,18.0118501663208,18.224804973602296,18.31635049184164,18.38294890721639,11986960.0,13153370.0,13381365.0,12871823.333333336,11699105.0,17.677534103393555,17.540143966674805,17.769128799438477,17.961475372314453,18.07138442993164,17.803933334350585,17.877208709716797,18.025589752197266,18.128173828125,18.22892608642578,18.04665584564209,18.11168727874756,18.202364540100103,18.297621536254887,18.35349349975586,18.24907712936401,18.30494918823242,18.369522666931157,18.41989908218384,18.43684377670288,18.330613072713216,18.35406532287597,18.37727273305257,18.388625971476237,18.395075225830077,18.3908340771993,18.401203282674157,18.41657609939575,18.428132502237954,18.437990760803228,10954500.0,13487800.0,13647220.0,13443540.0,14319780.0,12645540.0,12636040.0,12411740.0,13648210.0,14513950.0,13020210.0,13071760.0,13022085.0,13025405.0,13475180.0,12574843.333333336,12543016.666666664,12453596.666666664,12534323.333333336,12772713.333333336,11570401.666666664,11655763.333333336,11609813.333333336,11548673.333333336,11597200.0,1
2019-12-06,18.05306629875684,18.199617410922468,18.016429830970107,18.089704513549805,11642300,1,17.82042007446289,17.974296951293944,18.21152391433716,18.3030190149943,18.37658468882243,12876180.0,13159860.0,13363925.0,12914300.0,11724288.333333336,18.02558898925781,17.677534103393555,17.540143966674805,17.769128799438477,17.961475372314453,17.79477424621582,17.803933334350585,17.877208709716797,18.025589752197266,18.128173828125,18.0118501663208,18.04665584564209,18.11168727874756,18.202364540100103,18.297621536254887,18.224804973602296,18.24907712936401,18.30494918823242,18.369522666931157,18.41989908218384,18.31635049184164,18.330613072713216,18.35406532287597,18.37727273305257,18.388625971476237,18.38294890721639,18.3908340771993,18.401203282674157,18.41657609939575,18.428132502237954,11986960.0,10954500.0,13487800.0,13647220.0,13443540.0,13153370.0,12645540.0,12636040.0,12411740.0,13648210.0,13381365.0,13020210.0,13071760.0,13022085.0,13025405.0,12871823.333333336,12574843.333333336,12543016.666666664,12453596.666666664,12534323.333333336,11699105.0,11570401.666666664,11655763.333333336,11609813.333333336,11548673.333333336,0
2019-12-09,17.97063605063325,18.291211735020067,17.952316940952166,18.263734817504886,12351100,1,17.91934127807617,17.97246551513672,18.207402324676515,18.296091588338214,18.37236712773641,13197240.0,13422230.0,13385475.0,12965543.333333336,11577285.0,18.089704513549805,18.02558898925781,17.677534103393555,17.540143966674805,17.769128799438477,17.82042007446289,17.79477424621582,17.803933334350585,17.877208709716797,18.025589752197266,17.974296951293944,18.0118501663208,18.04665584564209,18.11168727874756,18.202364540100103,18.21152391433716,18.224804973602296,18.24907712936401,18.30494918823242,18.369522666931157,18.3030190149943,18.31635049184164,18.330613072713216,18.35406532287597,18.37727273305257,18.37658468882243,18.38294890721639,18.3908340771993,18.401203282674157,18.41657609939575,12876180.0,11986960.0,10954500.0,13487800.0,13647220.0,13159860.0,13153370.0,12645540.0,12636040.0,12411740.0,13363925.0,13381365.0,13020210.0,13071760.0,13022085.0,12914300.0,12871823.333333336,12574843.333333336,12543016.666666664,12453596.666666664,11724288.333333336,11699105.0,11570401.666666664,11655763.333333336,11609813.333333336,0
2019-12-10,18.208776409493613,18.52019426759316,18.19961860220217,18.42860221862793,12785800,1,18.097032928466795,17.987120819091796,18.215645694732665,18.301896286010738,18.367882124582923,13075400.0,13281600.0,13540120.0,13051993.333333336,11447205.0,18.263734817504886,18.089704513549805,18.02558898925781,17.677534103393555,17.540143966674805,17.91934127807617,17.82042007446289,17.79477424621582,17.803933334350585,17.877208709716797,17.97246551513672,17.974296951293944,18.0118501663208,18.04665584564209,18.11168727874756,18.207402324676515,18.21152391433716,18.224804973602296,18.24907712936401,18.30494918823242,18.296091588338214,18.3030190149943,18.31635049184164,18.330613072713216,18.35406532287597,18.37236712773641,18.37658468882243,18.38294890721639,18.3908340771993,18.401203282674157,13197240.0,12876180.0,11986960.0,10954500.0,13487800.0,13422230.0,13159860.0,13153370.0,12645540.0,12636040.0,13385475.0,13363925.0,13381365.0,13020210.0,13071760.0,12965543.333333336,12914300.0,12871823.333333336,12574843.333333336,12543016.666666664,11577285.0,11724288.333333336,11699105.0,11570401.666666664,11655763.333333336,0
2019-12-11,18.428602143975528,18.52019419256972,18.391963926932775,18.501876831054688,9534700,0,18.261901473999025,18.032917404174803,18.22159948348999,18.310445086161295,18.36356299718221,12723140.0,11838820.0,13431075.0,12979220.0,11346610.0,18.42860221862793,18.263734817504886,18.089704513549805,18.02558898925781,17.677534103393555,18.097032928466795,17.91934127807617,17.82042007446289,17.79477424621582,17.803933334350585,17.987120819091796,17.97246551513672,17.974296951293944,18.0118501663208,18.04665584564209,18.215645694732665,18.207402324676515,18.21152391433716,18.224804973602296,18.24907712936401,18.301896286010738,18.296091588338214,18.3030190149943,18.31635049184164,18.330613072713216,18.367882124582923,18.37236712773641,18.37658468882243,18.38294890721639,18.3908340771993,13075400.0,13197240.0,12876180.0,11986960.0,10954500.0,13281600.0,13422230.0,13159860.0,13153370.0,12645540.0,13540120.0,13385475.0,13363925.0,13381365.0,13020210.0,13051993.333333336,12965543.333333336,12914300.0,12871823.333333336,12574843.333333336,11447205.0,11577285.0,11724288.333333336,11699105.0,11570401.666666664,0
2019-12-12,18.50187916746764,18.740020620292594,18.401125804883296,18.45608139038086,15906200,1,18.347999954223628,18.071387100219727,18.212440299987797,18.315024884541828,18.35953598022461,12444020.0,12215490.0,13364720.0,13055283.333333336,11496270.0,18.501876831054688,18.42860221862793,18.263734817504886,18.089704513549805,18.02558898925781,18.261901473999025,18.097032928466795,17.91934127807617,17.82042007446289,17.79477424621582,18.032917404174803,17.987120819091796,17.97246551513672,17.974296951293944,18.0118501663208,18.22159948348999,18.215645694732665,18.207402324676515,18.21152391433716,18.224804973602296,18.310445086161295,18.301896286010738,18.296091588338214,18.3030190149943,18.31635049184164,18.36356299718221,18.367882124582923,18.37236712773641,18.37658468882243,18.38294890721639,12723140.0,13075400.0,13197240.0,12876180.0,11986960.0,11838820.0,13281600.0,13422230.0,13159860.0,13153370.0,13431075.0,13540120.0,13385475.0,13363925.0,13381365.0,12979220.0,13051993.333333336,12965543.333333336,12914300.0,12871823.333333336,11346610.0,11447205.0,11577285.0,11724288.333333336,11699105.0,0
2019-12-13,18.456079059751247,18.657585759473697,18.391963926932775,18.501876831054688,13741300,1,18.43043441772461,18.12542724609375,18.211524391174315,18.321741803487143,18.355970668792725,12863820.0,12870000.0,13259105.0,12973603.333333336,11582151.666666664,18.45608139038086,18.501876831054688,18.42860221862793,18.263734817504886,18.089704513549805,18.347999954223628,18.261901473999025,18.097032928466795,17.91934127807617,17.82042007446289,18.071387100219727,18.032917404174803,17.987120819091796,17.97246551513672,17.974296951293944,18.212440299987797,18.22159948348999,18.215645694732665,18.207402324676515,18.21152391433716,18.315024884541828,18.310445086161295,18.301896286010738,18.296091588338214,18.3030190149943,18.35953598022461,18.36356299718221,18.367882124582923,18.37236712773641,18.37658468882243,12444020.0,12723140.0,13075400.0,13197240.0,12876180.0,12215490.0,11838820.0,13281600.0,13422230.0,13159860.0,13364720.0,13431075.0,13540120.0,13385475.0,13363925.0,13055283.333333336,12979220.0,13051993.333333336,12965543.333333336,12914300.0,11496270.0,11346610.0,11447205.0,11577285.0,11724288.333333336,0
2019-12-16,18.630103878951594,18.859087454900354,18.56598875720691,18.84992790222168,11817600,0,18.54767303466797,18.23350715637207,18.217935848236085,18.32418416341146,18.354738648732503,12757120.0,12977180.0,12694460.0,13007116.666666664,11534478.333333336,18.501876831054688,18.45608139038086,18.501876831054688,18.42860221862793,18.263734817504886,18.43043441772461,18.347999954223628,18.261901473999025,18.097032928466795,17.91934127807617,18.12542724609375,18.071387100219727,18.032917404174803,17.987120819091796,17.97246551513672,18.211524391174315,18.212440299987797,18.22159948348999,18.215645694732665,18.207402324676515,18.321741803487143,18.315024884541828,18.310445086161295,18.301896286010738,18.296091588338214,18.355970668792725,18.35953598022461,18.36356299718221,18.367882124582923,18.37236712773641,12863820.0,12444020.0,12723140.0,13075400.0,13197240.0,12870000.0,12215490.0,11838820.0,13281600.0,13422230.0,13259105.0,13364720.0,13431075.0,13540120.0,13385475.0,12973603.333333336,13055283.333333336,12979220.0,13051993.333333336,12965543.333333336,11582151.666666664,11496270.0,11346610.0,11447205.0,11577285.0,0
2019-12-17,18.849929412158826,18.969000112507448,18.749176071628785,18.78581428527832,10447200,1,18.619115447998052,18.358074188232425,18.234880733489987,18.322657521565755,18.354548708597818,12289400.0,12682400.0,12659220.0,12941973.333333336,11611396.666666664,18.84992790222168,18.501876831054688,18.45608139038086,18.501876831054688,18.42860221862793,18.54767303466797,18.43043441772461,18.347999954223628,18.261901473999025,18.097032928466795,18.23350715637207,18.12542724609375,18.071387100219727,18.032917404174803,17.987120819091796,18.217935848236085,18.211524391174315,18.212440299987797,18.22159948348999,18.215645694732665,18.32418416341146,18.321741803487143,18.315024884541828,18.310445086161295,18.301896286010738,18.354738648732503,18.355970668792725,18.35953598022461,18.36356299718221,18.367882124582923,12757120.0,12863820.0,12444020.0,12723140.0,13075400.0,12977180.0,12870000.0,12215490.0,11838820.0,13281600.0,12694460.0,13259105.0,13364720.0,13431075.0,13540120.0,13007116.666666664,12973603.333333336,13055283.333333336,12979220.0,13051993.333333336,11534478.333333336,11582151.666666664,11496270.0,11346610.0,11447205.0,0
2019-12-18,18.76749824363015,19.042279649861428,18.749179133813442,18.97816276550293,16324100,1,18.71437263488769,18.48813705444336,18.267396450042728,18.32876377105713,18.360730616251626,13647280.0,13185210.0,12915375.0,13075210.0,11709331.666666664,18.78581428527832,18.84992790222168,18.501876831054688,18.45608139038086,18.501876831054688,18.619115447998052,18.54767303466797,18.43043441772461,18.347999954223628,18.261901473999025,18.358074188232425,18.23350715637207,18.12542724609375,18.071387100219727,18.032917404174803,18.234880733489987,18.217935848236085,18.211524391174315,18.212440299987797,18.22159948348999,18.322657521565755,18.32418416341146,18.321741803487143,18.315024884541828,18.310445086161295,18.354548708597818,18.354738648732503,18.355970668792725,18.35953598022461,18.36356299718221,12289400.0,12757120.0,12863820.0,12444020.0,12723140.0,12682400.0,12977180.0,12870000.0,12215490.0,11838820.0,12659220.0,12694460.0,13259105.0,13364720.0,13431075.0,12941973.333333336,13007116.666666664,12973603.333333336,13055283.333333336,12979220.0,11611396.666666664,11534478.333333336,11582151.666666664,11496270.0,11346610.0,1
2019-12-19,18.978162726151485,19.097235192706748,18.941526253600493,19.088075637817386,8582900,1,18.840771484375,18.59438571929932,18.303117942810054,18.347998555501302,18.369649028778078,12182620.0,12313320.0,12733345.0,13025350.0,11727048.333333336,18.97816276550293,18.78581428527832,18.84992790222168,18.501876831054688,18.45608139038086,18.71437263488769,18.619115447998052,18.54767303466797,18.43043441772461,18.347999954223628,18.48813705444336,18.358074188232425,18.23350715637207,18.12542724609375,18.071387100219727,18.267396450042728,18.234880733489987,18.217935848236085,18.211524391174315,18.212440299987797,18.32876377105713,18.322657521565755,18.32418416341146,18.321741803487143,18.315024884541828,18.360730616251626,18.354548708597818,18.354738648732503,18.355970668792725,18.35953598022461,13647280.0,12289400.0,12757120.0,12863820.0,12444020.0,13185210.0,12682400.0,12977180.0,12870000.0,12215490.0,12915375.0,12659220.0,12694460.0,13259105.0,13364720.0,13075210.0,12941973.333333336,13007116.666666664,12973603.333333336,13055283.333333336,11709331.666666664,11611396.666666664,11534478.333333336,11582151.666666664,11496270.0,0
2019-12-20,19.234622444555225,19.243781998217198,19.04227705867267,19.207143783569336,19257600,1,18.98182487487793,18.70612964630127,18.34021329879761,18.376392491658528,18.38040113449097,13285880.0,13074850.0,13117355.0,13267566.666666664,11935751.666666664,19.088075637817386,18.97816276550293,18.78581428527832,18.84992790222168,18.501876831054688,18.840771484375,18.71437263488769,18.619115447998052,18.54767303466797,18.43043441772461,18.59438571929932,18.48813705444336,18.358074188232425,18.23350715637207,18.12542724609375,18.303117942810054,18.267396450042728,18.234880733489987,18.217935848236085,18.211524391174315,18.347998555501302,18.32876377105713,18.322657521565755,18.32418416341146,18.321741803487143,18.369649028778078,18.360730616251626,18.354548708597818,18.354738648732503,18.355970668792725,12182620.0,13647280.0,12289400.0,12757120.0,12863820.0,12313320.0,13185210.0,12682400.0,12977180.0,12870000.0,12733345.0,12915375.0,12659220.0,12694460.0,13259105.0,13025350.0,13075210.0,12941973.333333336,13007116.666666664,12973603.333333336,11727048.333333336,11709331.666666664,11611396.666666664,11534478.333333336,11582151.666666664,0
2019-12-23,19.188824949767767,19.472764103460435,19.12470807905746,19.417808532714844,9969700,0,19.09540100097656,18.821537017822266,18.39700126647949,18.412113889058432,18.39240290323893,12916300.0,12836710.0,13129470.0,13202553.333333336,11978000.0,19.207143783569336,19.088075637817386,18.97816276550293,18.78581428527832,18.84992790222168,18.98182487487793,18.840771484375,18.71437263488769,18.619115447998052,18.54767303466797,18.70612964630127,18.59438571929932,18.48813705444336,18.358074188232425,18.23350715637207,18.34021329879761,18.303117942810054,18.267396450042728,18.234880733489987,18.217935848236085,18.376392491658528,18.347998555501302,18.32876377105713,18.322657521565755,18.32418416341146,18.38040113449097,18.369649028778078,18.360730616251626,18.354548708597818,18.354738648732503,13285880.0,12182620.0,13647280.0,12289400.0,12757120.0,13074850.0,12313320.0,13185210.0,12682400.0,12977180.0,13117355.0,12733345.0,12915375.0,12659220.0,12694460.0,13267566.666666664,13025350.0,13075210.0,12941973.333333336,13007116.666666664,11935751.666666664,11727048.333333336,11709331.666666664,11611396.666666664,11534478.333333336,0
2019-12-24,19.39948886453993,19.40864841723307,19.28041642653513,19.35369110107422,3476400,1,19.208976364135747,18.914045906066896,18.450583362579344,18.448445765177407,18.404240576426183,11522140.0,11905770.0,12593685.0,12995336.666666664,11917361.666666664,19.417808532714844,19.207143783569336,19.088075637817386,18.97816276550293,18.78581428527832,19.09540100097656,18.98182487487793,18.840771484375,18.71437263488769,18.619115447998052,18.821537017822266,18.70612964630127,18.59438571929932,18.48813705444336,18.358074188232425,18.39700126647949,18.34021329879761,18.303117942810054,18.267396450042728,18.234880733489987,18.412113889058432,18.376392491658528,18.347998555501302,18.32876377105713,18.322657521565755,18.39240290323893,18.38040113449097,18.369649028778078,18.360730616251626,18.354548708597818,12916300.0,13285880.0,12182620.0,13647280.0,12289400.0,12836710.0,13074850.0,12313320.0,13185210.0,12682400.0,13129470.0,13117355.0,12733345.0,12915375.0,12659220.0,13202553.333333336,13267566.666666664,13025350.0,13075210.0,12941973.333333336,11978000.0,11935751.666666664,11727048.333333336,11709331.666666664,11611396.666666664,0
2019-12-26,19.408648979756233,19.564357886040487,19.390329873839,19.417808532714844,7086800,0,19.296905517578125,19.00563907623291,18.519278240203857,18.482946014404302,18.421971289316808,9674680.0,11660980.0,11749900.0,12841043.333333336,11883403.333333336,19.35369110107422,19.417808532714844,19.207143783569336,19.088075637817386,18.97816276550293,19.208976364135747,19.09540100097656,18.98182487487793,18.840771484375,18.71437263488769,18.914045906066896,18.821537017822266,18.70612964630127,18.59438571929932,18.48813705444336,18.450583362579344,18.39700126647949,18.34021329879761,18.303117942810054,18.267396450042728,18.448445765177407,18.412113889058432,18.376392491658528,18.347998555501302,18.32876377105713,18.404240576426183,18.39240290323893,18.38040113449097,18.369649028778078,18.360730616251626,11522140.0,12916300.0,13285880.0,12182620.0,13647280.0,11905770.0,12836710.0,13074850.0,12313320.0,13185210.0,12593685.0,13129470.0,13117355.0,12733345.0,12915375.0,12995336.666666664,13202553.333333336,13267566.666666664,13025350.0,13075210.0,11917361.666666664,11978000.0,11935751.666666664,11727048.333333336,11709331.666666664,0
2019-12-27,19.47276411978145,19.51856013760681,19.28957655446781,19.30789566040039,8172500,0,19.340869522094728,19.090820503234863,18.58110380172729,18.50523370107015,18.43967933654785,9592600.0,10887610.0,11551550.0,12539016.666666664,11852066.666666664,19.417808532714844,19.35369110107422,19.417808532714844,19.207143783569336,19.088075637817386,19.296905517578125,19.208976364135747,19.09540100097656,18.98182487487793,18.840771484375,19.00563907623291,18.914045906066896,18.821537017822266,18.70612964630127,18.59438571929932,18.519278240203857,18.450583362579344,18.39700126647949,18.34021329879761,18.303117942810054,18.482946014404302,18.448445765177407,18.412113889058432,18.376392491658528,18.347998555501302,18.421971289316808,18.404240576426183,18.39240290323893,18.38040113449097,18.369649028778078,9674680.0,11522140.0,12916300.0,13285880.0,12182620.0,11660980.0,11905770.0,12836710.0,13074850.0,12313320.0,11749900.0,12593685.0,13129470.0,13117355.0,12733345.0,12841043.333333336,12995336.666666664,13202553.333333336,13267566.666666664,13025350.0,11883403.333333336,11917361.666666664,11978000.0,11935751.666666664,11727048.333333336,0
2019-12-30,19.326215345405593,19.408649577566106,19.1888255408068,19.26210021972656,7926500,1,19.351860809326173,19.16684284210205,18.6461350440979,18.52996387481689,18.453458086649576,7326380.0,10306130.0,11588065.0,12274780.0,11835940.0,19.30789566040039,19.417808532714844,19.35369110107422,19.417808532714844,19.207143783569336,19.340869522094728,19.296905517578125,19.208976364135747,19.09540100097656,18.98182487487793,19.090820503234863,19.00563907623291,18.914045906066896,18.821537017822266,18.70612964630127,18.58110380172729,18.519278240203857,18.450583362579344,18.39700126647949,18.34021329879761,18.50523370107015,18.482946014404302,18.448445765177407,18.412113889058432,18.376392491658528,18.43967933654785,18.421971289316808,18.404240576426183,18.39240290323893,18.38040113449097,9592600.0,9674680.0,11522140.0,12916300.0,13285880.0,10887610.0,11660980.0,11905770.0,12836710.0,13074850.0,11551550.0,11749900.0,12593685.0,13129470.0,13117355.0,12539016.666666664,12841043.333333336,12995336.666666664,13202553.333333336,13267566.666666664,11852066.666666664,11883403.333333336,11917361.666666664,11978000.0,11935751.666666664,0
2019-12-31,19.23462045879618,19.399488913678255,19.18882444222051,19.390329360961914,10033500,0,19.346364974975586,19.22088298797608,18.727195072174073,18.55225156148275,18.46726328531901,7339140.0,10127720.0,11552450.0,11838880.0,11896965.0,19.26210021972656,19.30789566040039,19.417808532714844,19.35369110107422,19.417808532714844,19.351860809326173,19.340869522094728,19.296905517578125,19.208976364135747,19.09540100097656,19.16684284210205,19.090820503234863,19.00563907623291,18.914045906066896,18.821537017822266,18.6461350440979,18.58110380172729,18.519278240203857,18.450583362579344,18.39700126647949,18.52996387481689,18.50523370107015,18.482946014404302,18.448445765177407,18.412113889058432,18.453458086649576,18.43967933654785,18.421971289316808,18.404240576426183,18.39240290323893,7326380.0,9592600.0,9674680.0,11522140.0,12916300.0,10306130.0,10887610.0,11660980.0,11905770.0,12836710.0,11588065.0,11551550.0,11749900.0,12593685.0,13129470.0,12274780.0,12539016.666666664,12841043.333333336,12995336.666666664,13202553.333333336,11835940.0,11852066.666666664,11883403.333333336,11917361.666666664,11978000.0,0
2020-01-02,19.46360853302777,19.46360853302777,19.225465348394657,19.271263122558594,10373100,1,19.329879379272466,19.269427871704107,18.813751029968266,18.57972977956136,18.48240086237589,8718480.0,10120310.0,11401355.0,11812916.666666664,11955635.0,19.390329360961914,19.26210021972656,19.30789566040039,19.417808532714844,19.35369110107422,19.346364974975586,19.351860809326173,19.340869522094728,19.296905517578125,19.208976364135747,19.22088298797608,19.16684284210205,19.090820503234863,19.00563907623291,18.914045906066896,18.727195072174073,18.6461350440979,18.58110380172729,18.519278240203857,18.450583362579344,18.55225156148275,18.52996387481689,18.50523370107015,18.482946014404302,18.448445765177407,18.46726328531901,18.453458086649576,18.43967933654785,18.421971289316808,18.404240576426183,7339140.0,7326380.0,9592600.0,9674680.0,11522140.0,10127720.0,10306130.0,10887610.0,11660980.0,11905770.0,11552450.0,11588065.0,11551550.0,11749900.0,12593685.0,11838880.0,12274780.0,12539016.666666664,12841043.333333336,12995336.666666664,11896965.0,11835940.0,11852066.666666664,11883403.333333336,11917361.666666664,0
2020-01-03,19.29873609125895,19.426966338667363,19.25294007347197,19.417808532714844,10148700,1,19.329879379272466,19.313392448425294,18.900764751434327,18.616061782836915,18.50435298283895,9330860.0,9502770.0,11343990.0,11777840.0,11954626.666666664,19.271263122558594,19.390329360961914,19.26210021972656,19.30789566040039,19.417808532714844,19.329879379272466,19.346364974975586,19.351860809326173,19.340869522094728,19.296905517578125,19.269427871704107,19.22088298797608,19.16684284210205,19.090820503234863,19.00563907623291,18.813751029968266,18.727195072174073,18.6461350440979,18.58110380172729,18.519278240203857,18.57972977956136,18.55225156148275,18.52996387481689,18.50523370107015,18.482946014404302,18.48240086237589,18.46726328531901,18.453458086649576,18.43967933654785,18.421971289316808,8718480.0,7339140.0,7326380.0,9592600.0,9674680.0,10120310.0,10127720.0,10306130.0,10887610.0,11660980.0,11401355.0,11552450.0,11588065.0,11551550.0,11749900.0,11812916.666666664,11838880.0,12274780.0,12539016.666666664,12841043.333333336,11955635.0,11896965.0,11835940.0,11852066.666666664,11883403.333333336,0
2020-01-06,19.326218468872113,19.655953703799188,19.28958024998776,19.491086959838867,13978300,1,19.36651763916016,19.353693580627446,18.97403964996338,18.65330982208252,18.5249634106954,10492020.0,10042310.0,11177815.0,11836333.333333336,12054271.666666664,19.417808532714844,19.271263122558594,19.390329360961914,19.26210021972656,19.30789566040039,19.329879379272466,19.329879379272466,19.346364974975586,19.351860809326173,19.340869522094728,19.313392448425294,19.269427871704107,19.22088298797608,19.16684284210205,19.090820503234863,18.900764751434327,18.813751029968266,18.727195072174073,18.6461350440979,18.58110380172729,18.616061782836915,18.57972977956136,18.55225156148275,18.52996387481689,18.50523370107015,18.50435298283895,18.48240086237589,18.46726328531901,18.453458086649576,18.43967933654785,9330860.0,8718480.0,7339140.0,7326380.0,9592600.0,9502770.0,10120310.0,10127720.0,10306130.0,10887610.0,11343990.0,11401355.0,11552450.0,11588065.0,11551550.0,11777840.0,11812916.666666664,11838880.0,12274780.0,12539016.666666664,11954626.666666664,11955635.0,11896965.0,11835940.0,11852066.666666664,0
2020-01-07,19.54604004671621,19.555199600268377,19.31705644893089,19.536880493164066,14736900,0,19.421473693847656,19.386667251586914,19.046398448944093,18.68903128306071,18.545432472229,11854100.0,9590240.0,11332545.0,11941650.0,12179483.333333336,19.491086959838867,19.417808532714844,19.271263122558594,19.390329360961914,19.26210021972656,19.36651763916016,19.329879379272466,19.329879379272466,19.346364974975586,19.351860809326173,19.353693580627446,19.313392448425294,19.269427871704107,19.22088298797608,19.16684284210205,18.97403964996338,18.900764751434327,18.813751029968266,18.727195072174073,18.6461350440979,18.65330982208252,18.616061782836915,18.57972977956136,18.55225156148275,18.52996387481689,18.5249634106954,18.50435298283895,18.48240086237589,18.46726328531901,18.453458086649576,10492020.0,9330860.0,8718480.0,7339140.0,7326380.0,10042310.0,9502770.0,10120310.0,10127720.0,10306130.0,11177815.0,11343990.0,11401355.0,11552450.0,11588065.0,11836333.333333336,11777840.0,11812916.666666664,11838880.0,12274780.0,12054271.666666664,11954626.666666664,11955635.0,11896965.0,11835940.0,0
2020-01-08,19.481927442644047,19.5643616882862,19.36285497804695,19.381174087524414,10651500,1,19.419642639160163,19.383003807067876,19.10227041244507,18.725668780008952,18.563457266489664,11977700.0,9658420.0,11247565.0,11972453.333333336,12183773.333333336,19.536880493164066,19.491086959838867,19.417808532714844,19.271263122558594,19.390329360961914,19.421473693847656,19.36651763916016,19.329879379272466,19.329879379272466,19.346364974975586,19.386667251586914,19.353693580627446,19.313392448425294,19.269427871704107,19.22088298797608,19.046398448944093,18.97403964996338,18.900764751434327,18.813751029968266,18.727195072174073,18.68903128306071,18.65330982208252,18.616061782836915,18.57972977956136,18.55225156148275,18.545432472229,18.5249634106954,18.50435298283895,18.48240086237589,18.46726328531901,11854100.0,10492020.0,9330860.0,8718480.0,7339140.0,9590240.0,10042310.0,9502770.0,10120310.0,10127720.0,11332545.0,11177815.0,11343990.0,11401355.0,11552450.0,11941650.0,11836333.333333336,11777840.0,11812916.666666664,11838880.0,12179483.333333336,12054271.666666664,11954626.666666664,11955635.0,11896965.0,0
2020-01-09,19.39033184145936,19.738386154174805,19.289578495696816,19.738386154174805,16251400,0,19.5130672454834,19.42147331237793,19.16775960922241,18.774213345845546,18.588792483011886,13153360.0,10935920.0,11420845.0,12041096.666666664,12319553.333333336,19.381174087524414,19.536880493164066,19.491086959838867,19.417808532714844,19.271263122558594,19.419642639160163,19.421473693847656,19.36651763916016,19.329879379272466,19.329879379272466,19.383003807067876,19.386667251586914,19.353693580627446,19.313392448425294,19.269427871704107,19.10227041244507,19.046398448944093,18.97403964996338,18.900764751434327,18.813751029968266,18.725668780008952,18.68903128306071,18.65330982208252,18.616061782836915,18.57972977956136,18.563457266489664,18.545432472229,18.5249634106954,18.50435298283895,18.48240086237589,11977700.0,11854100.0,10492020.0,9330860.0,8718480.0,9658420.0,9590240.0,10042310.0,9502770.0,10120310.0,11247565.0,11332545.0,11177815.0,11343990.0,11401355.0,11972453.333333336,11941650.0,11836333.333333336,11777840.0,11812916.666666664,12183773.333333336,12179483.333333336,12054271.666666664,11954626.666666664,11955635.0,1
2020-01-10,19.628475117105967,19.857458724637294,19.527721770750176,19.701749801635746,16032400,1,19.56985549926758,19.44986743927002,19.227753257751466,18.829474639892574,18.61291395823161,14330100.0,11830480.0,11745730.0,11776760.0,12356438.333333336,19.738386154174805,19.381174087524414,19.536880493164066,19.491086959838867,19.417808532714844,19.5130672454834,19.419642639160163,19.421473693847656,19.36651763916016,19.329879379272466,19.42147331237793,19.383003807067876,19.386667251586914,19.353693580627446,19.313392448425294,19.16775960922241,19.10227041244507,19.046398448944093,18.97403964996338,18.900764751434327,18.774213345845546,18.725668780008952,18.68903128306071,18.65330982208252,18.616061782836915,18.588792483011886,18.563457266489664,18.545432472229,18.5249634106954,18.50435298283895,13153360.0,11977700.0,11854100.0,10492020.0,9330860.0,10935920.0,9658420.0,9590240.0,10042310.0,9502770.0,11420845.0,11247565.0,11332545.0,11177815.0,11343990.0,12041096.666666664,11972453.333333336,11941650.0,11836333.333333336,11777840.0,12319553.333333336,12183773.333333336,12179483.333333336,12054271.666666664,11954626.666666664,0
2020-01-13,19.70174968562878,19.82997994604927,19.536881209655995,19.738386154174805,12536500,0,19.619315338134765,19.49291648864746,19.291868495941163,18.885041364034016,18.640058294932047,14041740.0,12266880.0,11577245.0,11789993.333333336,12281353.333333336,19.701749801635746,19.738386154174805,19.381174087524414,19.536880493164066,19.491086959838867,19.56985549926758,19.5130672454834,19.419642639160163,19.421473693847656,19.36651763916016,19.44986743927002,19.42147331237793,19.383003807067876,19.386667251586914,19.353693580627446,19.227753257751466,19.16775960922241,19.10227041244507,19.046398448944093,18.97403964996338,18.829474639892574,18.774213345845546,18.725668780008952,18.68903128306071,18.65330982208252,18.61291395823161,18.588792483011886,18.563457266489664,18.545432472229,18.5249634106954,14330100.0,13153360.0,11977700.0,11854100.0,10492020.0,11830480.0,10935920.0,9658420.0,9590240.0,10042310.0,11745730.0,11420845.0,11247565.0,11332545.0,11177815.0,11776760.0,12041096.666666664,11972453.333333336,11941650.0,11836333.333333336,12356438.333333336,12319553.333333336,12183773.333333336,12179483.333333336,12054271.666666664,0
2020-01-14,19.69259067016733,19.75670580213058,19.4452879494465,19.65595245361328,12631500,0,19.643129730224608,19.532301712036134,19.349572277069093,18.941523933410643,18.665074952443444,13620660.0,12737380.0,11521755.0,11971170.0,12252746.666666664,19.738386154174805,19.701749801635746,19.738386154174805,19.381174087524414,19.536880493164066,19.619315338134765,19.56985549926758,19.5130672454834,19.419642639160163,19.421473693847656,19.49291648864746,19.44986743927002,19.42147331237793,19.383003807067876,19.386667251586914,19.291868495941163,19.227753257751466,19.16775960922241,19.10227041244507,19.046398448944093,18.885041364034016,18.829474639892574,18.774213345845546,18.725668780008952,18.68903128306071,18.640058294932047,18.61291395823161,18.588792483011886,18.563457266489664,18.545432472229,14041740.0,14330100.0,13153360.0,11977700.0,11854100.0,12266880.0,11830480.0,10935920.0,9658420.0,9590240.0,11577245.0,11745730.0,11420845.0,11247565.0,11332545.0,11789993.333333336,11776760.0,12041096.666666664,11972453.333333336,11941650.0,12281353.333333336,12356438.333333336,12319553.333333336,12183773.333333336,12179483.333333336,0
2020-01-15,19.57351863851727,19.69258934026405,19.509401763877715,19.61015510559082,9684100,0,19.68892593383789,19.554284286499023,19.387583637237547,19.002891476949056,18.690082105000812,13427180.0,12702440.0,11415080.0,11935780.0,12194688.333333336,19.65595245361328,19.738386154174805,19.701749801635746,19.738386154174805,19.381174087524414,19.643129730224608,19.619315338134765,19.56985549926758,19.5130672454834,19.419642639160163,19.532301712036134,19.49291648864746,19.44986743927002,19.42147331237793,19.383003807067876,19.349572277069093,19.291868495941163,19.227753257751466,19.16775960922241,19.10227041244507,18.941523933410643,18.885041364034016,18.829474639892574,18.774213345845546,18.725668780008952,18.665074952443444,18.640058294932047,18.61291395823161,18.588792483011886,18.563457266489664,13620660.0,14041740.0,14330100.0,13153360.0,11977700.0,12737380.0,12266880.0,11830480.0,10935920.0,9658420.0,11521755.0,11577245.0,11745730.0,11420845.0,11247565.0,11971170.0,11789993.333333336,11776760.0,12041096.666666664,11972453.333333336,12252746.666666664,12281353.333333336,12356438.333333336,12319553.333333336,12183773.333333336,0
2020-01-16,19.6925913744468,19.738387399770858,19.51856333360385,19.57352066040039,11522900,0,19.655952835083006,19.5845100402832,19.426968955993647,19.070670700073247,18.71236801147461,12481480.0,12817420.0,11468865.0,11873376.666666664,12208196.666666664,19.61015510559082,19.65595245361328,19.738386154174805,19.701749801635746,19.738386154174805,19.68892593383789,19.643129730224608,19.619315338134765,19.56985549926758,19.5130672454834,19.554284286499023,19.532301712036134,19.49291648864746,19.44986743927002,19.42147331237793,19.387583637237547,19.349572277069093,19.291868495941163,19.227753257751466,19.16775960922241,19.002891476949056,18.941523933410643,18.885041364034016,18.829474639892574,18.774213345845546,18.690082105000812,18.665074952443444,18.640058294932047,18.61291395823161,18.588792483011886,13427180.0,13620660.0,14041740.0,14330100.0,13153360.0,12702440.0,12737380.0,12266880.0,11830480.0,10935920.0,11415080.0,11521755.0,11577245.0,11745730.0,11420845.0,11935780.0,11971170.0,11789993.333333336,11776760.0,12041096.666666664,12194688.333333336,12252746.666666664,12281353.333333336,12356438.333333336,12319553.333333336,0
2020-01-17,19.591836579285054,19.610155686867945,19.48192542780028,19.564359664916992,10242000,0,19.628474807739263,19.599165153503414,19.456278800964355,19.133564885457357,18.732088979085287,11323400.0,12826750.0,11164760.0,11838243.333333336,12206543.333333336,19.57352066040039,19.61015510559082,19.65595245361328,19.738386154174805,19.701749801635746,19.655952835083006,19.68892593383789,19.643129730224608,19.619315338134765,19.56985549926758,19.5845100402832,19.554284286499023,19.532301712036134,19.49291648864746,19.44986743927002,19.426968955993647,19.387583637237547,19.349572277069093,19.291868495941163,19.227753257751466,19.070670700073247,19.002891476949056,18.941523933410643,18.885041364034016,18.829474639892574,18.71236801147461,18.690082105000812,18.665074952443444,18.640058294932047,18.61291395823161,12481480.0,13427180.0,13620660.0,14041740.0,14330100.0,12817420.0,12702440.0,12737380.0,12266880.0,11830480.0,11468865.0,11415080.0,11521755.0,11577245.0,11745730.0,11873376.666666664,11935780.0,11971170.0,11789993.333333336,11776760.0,12208196.666666664,12194688.333333336,12252746.666666664,12281353.333333336,12356438.333333336,0
2020-01-21,19.48192526938194,19.546040398394414,19.161347877313307,19.170507431030273,14430400,1,19.514899063110352,19.56710720062256,19.460400390625,19.17172883351644,18.74403966267904,11702180.0,12871960.0,11457135.0,11742530.0,12307176.666666664,19.564359664916992,19.57352066040039,19.61015510559082,19.65595245361328,19.738386154174805,19.628474807739263,19.655952835083006,19.68892593383789,19.643129730224608,19.619315338134765,19.599165153503414,19.5845100402832,19.554284286499023,19.532301712036134,19.49291648864746,19.456278800964355,19.426968955993647,19.387583637237547,19.349572277069093,19.291868495941163,19.133564885457357,19.070670700073247,19.002891476949056,18.941523933410643,18.885041364034016,18.732088979085287,18.71236801147461,18.690082105000812,18.665074952443444,18.640058294932047,11323400.0,12481480.0,13427180.0,13620660.0,14041740.0,12826750.0,12817420.0,12702440.0,12737380.0,12266880.0,11164760.0,11468865.0,11415080.0,11521755.0,11577245.0,11838243.333333336,11873376.666666664,11935780.0,11971170.0,11789993.333333336,12206543.333333336,12208196.666666664,12194688.333333336,12252746.666666664,12281353.333333336,0
2020-01-22,19.225463357086788,19.344535810573454,19.170507780788625,19.19798469543457,10219900,1,19.42330551147461,19.53321762084961,19.459942436218267,19.20867150624593,18.755845260620124,11219860.0,12420260.0,11005250.0,11695116.666666664,12304708.333333336,19.170507431030273,19.564359664916992,19.57352066040039,19.61015510559082,19.65595245361328,19.514899063110352,19.628474807739263,19.655952835083006,19.68892593383789,19.643129730224608,19.56710720062256,19.599165153503414,19.5845100402832,19.554284286499023,19.532301712036134,19.460400390625,19.456278800964355,19.426968955993647,19.387583637237547,19.349572277069093,19.17172883351644,19.133564885457357,19.070670700073247,19.002891476949056,18.941523933410643,18.74403966267904,18.732088979085287,18.71236801147461,18.690082105000812,18.665074952443444,11702180.0,11323400.0,12481480.0,13427180.0,13620660.0,12871960.0,12826750.0,12817420.0,12702440.0,12737380.0,11457135.0,11164760.0,11468865.0,11415080.0,11521755.0,11742530.0,11838243.333333336,11873376.666666664,11935780.0,11971170.0,12307176.666666664,12206543.333333336,12208196.666666664,12194688.333333336,12252746.666666664,0
2020-01-23,19.582676677191643,20.04064387658066,19.436127313147647,19.93073272705078,25959700,0,19.4874210357666,19.588173484802248,19.48558864593506,19.264238103230795,18.780164845784505,14474980.0,13951080.0,11804750.0,12148736.666666664,12557140.0,19.19798469543457,19.170507431030273,19.564359664916992,19.57352066040039,19.61015510559082,19.42330551147461,19.514899063110352,19.628474807739263,19.655952835083006,19.68892593383789,19.53321762084961,19.56710720062256,19.599165153503414,19.5845100402832,19.554284286499023,19.459942436218267,19.460400390625,19.456278800964355,19.426968955993647,19.387583637237547,19.20867150624593,19.17172883351644,19.133564885457357,19.070670700073247,19.002891476949056,18.755845260620124,18.74403966267904,18.732088979085287,18.71236801147461,18.690082105000812,11219860.0,11702180.0,11323400.0,12481480.0,13427180.0,12420260.0,12871960.0,12826750.0,12817420.0,12702440.0,11005250.0,11457135.0,11164760.0,11468865.0,11415080.0,11695116.666666664,11742530.0,11838243.333333336,11873376.666666664,11935780.0,12304708.333333336,12307176.666666664,12206543.333333336,12208196.666666664,12194688.333333336,1
2020-01-24,19.93989237541,19.93989237541,19.628474538585483,19.74754524230957,16731800,0,19.522225952148442,19.589089393615726,19.505281352996825,19.308202870686852,18.8050495783488,15516760.0,13999120.0,12467520.0,12280270.0,12666131.666666664,19.93073272705078,19.19798469543457,19.170507431030273,19.564359664916992,19.57352066040039,19.4874210357666,19.42330551147461,19.514899063110352,19.628474807739263,19.655952835083006,19.588173484802248,19.53321762084961,19.56710720062256,19.599165153503414,19.5845100402832,19.48558864593506,19.459942436218267,19.460400390625,19.456278800964355,19.426968955993647,19.264238103230795,19.20867150624593,19.17172883351644,19.133564885457357,19.070670700073247,18.780164845784505,18.755845260620124,18.74403966267904,18.732088979085287,18.71236801147461,14474980.0,11219860.0,11702180.0,11323400.0,12481480.0,13951080.0,12420260.0,12871960.0,12826750.0,12817420.0,11804750.0,11005250.0,11457135.0,11164760.0,11468865.0,12148736.666666664,11695116.666666664,11742530.0,11838243.333333336,11873376.666666664,12557140.0,12304708.333333336,12307176.666666664,12206543.333333336,12208196.666666664,0
2020-01-27,19.509400038980427,19.7200662573008,19.45444446972583,19.500242233276367,14226500,1,19.509402465820312,19.568938636779784,19.509403038024907,19.341481717427573,18.825963401794432,16313660.0,13818530.0,12824505.0,12436663.333333336,12707941.666666664,19.74754524230957,19.93073272705078,19.19798469543457,19.170507431030273,19.564359664916992,19.522225952148442,19.4874210357666,19.42330551147461,19.514899063110352,19.628474807739263,19.589089393615726,19.588173484802248,19.53321762084961,19.56710720062256,19.599165153503414,19.505281352996825,19.48558864593506,19.459942436218267,19.460400390625,19.456278800964355,19.308202870686852,19.264238103230795,19.20867150624593,19.17172883351644,19.133564885457357,18.8050495783488,18.780164845784505,18.755845260620124,18.74403966267904,18.732088979085287,15516760.0,14474980.0,11219860.0,11702180.0,11323400.0,13999120.0,13951080.0,12420260.0,12871960.0,12826750.0,12467520.0,11804750.0,11005250.0,11457135.0,11164760.0,12280270.0,12148736.666666664,11695116.666666664,11742530.0,11838243.333333336,12666131.666666664,12557140.0,12304708.333333336,12307176.666666664,12206543.333333336,0
2020-01-28,19.610156429927045,19.75670580213058,19.564360406240816,19.65595245361328,9144900,0,19.606491470336913,19.560695266723638,19.526805877685547,19.38147741953532,18.848251152038575,15256560.0,13479370.0,12873125.0,12211286.666666664,12633285.0,19.500242233276367,19.74754524230957,19.93073272705078,19.19798469543457,19.170507431030273,19.509402465820312,19.522225952148442,19.4874210357666,19.42330551147461,19.514899063110352,19.568938636779784,19.589089393615726,19.588173484802248,19.53321762084961,19.56710720062256,19.509403038024907,19.505281352996825,19.48558864593506,19.459942436218267,19.460400390625,19.341481717427573,19.308202870686852,19.264238103230795,19.20867150624593,19.17172883351644,18.825963401794432,18.8050495783488,18.780164845784505,18.755845260620124,18.74403966267904,16313660.0,15516760.0,14474980.0,11219860.0,11702180.0,13818530.0,13999120.0,13951080.0,12420260.0,12871960.0,12824505.0,12467520.0,11804750.0,11005250.0,11457135.0,12436663.333333336,12280270.0,12148736.666666664,11695116.666666664,11742530.0,12707941.666666664,12666131.666666664,12557140.0,12304708.333333336,12307176.666666664,0
2020-01-29,19.637634962862727,19.720069202559472,19.362853581538122,19.40865135192871,12419900,1,19.648624801635737,19.53596515655517,19.53413343429565,19.411703236897786,18.866722520192464,15696560.0,13458210.0,13097795.0,12167240.0,12570421.666666664,19.65595245361328,19.500242233276367,19.74754524230957,19.93073272705078,19.19798469543457,19.606491470336913,19.509402465820312,19.522225952148442,19.4874210357666,19.42330551147461,19.560695266723638,19.568938636779784,19.589089393615726,19.588173484802248,19.53321762084961,19.526805877685547,19.509403038024907,19.505281352996825,19.48558864593506,19.459942436218267,19.38147741953532,19.341481717427573,19.308202870686852,19.264238103230795,19.20867150624593,18.848251152038575,18.825963401794432,18.8050495783488,18.780164845784505,18.755845260620124,15256560.0,16313660.0,15516760.0,14474980.0,11219860.0,13479370.0,13818530.0,13999120.0,13951080.0,12420260.0,12873125.0,12824505.0,12467520.0,11804750.0,11005250.0,12211286.666666664,12436663.333333336,12280270.0,12148736.666666664,11695116.666666664,12633285.0,12707941.666666664,12666131.666666664,12557140.0,12304708.333333336,0
2020-01-30,19.234623559994084,19.65595257084044,19.234623559994084,19.61931610107422,19972900,0,19.58634147644043,19.53688125610352,19.54558277130127,19.43734951019287,18.880766836802163,14499200.0,14487090.0,13594765.0,12439083.333333336,12723100.0,19.40865135192871,19.65595245361328,19.500242233276367,19.74754524230957,19.93073272705078,19.648624801635737,19.606491470336913,19.509402465820312,19.522225952148442,19.4874210357666,19.53596515655517,19.560695266723638,19.568938636779784,19.589089393615726,19.588173484802248,19.53413343429565,19.526805877685547,19.509403038024907,19.505281352996825,19.48558864593506,19.411703236897786,19.38147741953532,19.341481717427573,19.308202870686852,19.264238103230795,18.866722520192464,18.848251152038575,18.825963401794432,18.8050495783488,18.780164845784505,15696560.0,15256560.0,16313660.0,15516760.0,14474980.0,13458210.0,13479370.0,13818530.0,13999120.0,13951080.0,13097795.0,12873125.0,12824505.0,12467520.0,11804750.0,12167240.0,12211286.666666664,12436663.333333336,12280270.0,12148736.666666664,12570421.666666664,12633285.0,12707941.666666664,12666131.666666664,12557140.0,1
2020-01-31,19.480301783476868,19.61004632679094,19.239346369010146,19.341289520263672,20696100,0,19.50509033203125,19.513658142089845,19.54908409118652,19.455865351359048,18.889261436462398,15292060.0,15404410.0,14110915.0,12780713.333333336,12861343.333333336,19.61931610107422,19.40865135192871,19.65595245361328,19.500242233276367,19.74754524230957,19.58634147644043,19.648624801635737,19.606491470336913,19.509402465820312,19.522225952148442,19.53688125610352,19.53596515655517,19.560695266723638,19.568938636779784,19.589089393615726,19.54558277130127,19.53413343429565,19.526805877685547,19.509403038024907,19.505281352996825,19.43734951019287,19.411703236897786,19.38147741953532,19.341481717427573,19.308202870686852,18.880766836802163,18.866722520192464,18.848251152038575,18.825963401794432,18.8050495783488,14499200.0,15696560.0,15256560.0,16313660.0,15516760.0,14487090.0,13458210.0,13479370.0,13818530.0,13999120.0,13594765.0,13097795.0,12873125.0,12824505.0,12467520.0,12439083.333333336,12167240.0,12211286.666666664,12436663.333333336,12280270.0,12723100.0,12570421.666666664,12633285.0,12707941.666666664,12666131.666666664,0
2020-02-03,19.332023188394,19.498838623281827,19.19300914756284,19.28568458557129,13296800,1,19.46217880249024,19.485790634155272,19.542477893829343,19.46611607869466,18.89743992487589,15106120.0,15709890.0,14268320.0,12679803.333333336,12877506.666666664,19.341289520263672,19.61931610107422,19.40865135192871,19.65595245361328,19.500242233276367,19.50509033203125,19.58634147644043,19.648624801635737,19.606491470336913,19.509402465820312,19.513658142089845,19.53688125610352,19.53596515655517,19.560695266723638,19.568938636779784,19.54908409118652,19.54558277130127,19.53413343429565,19.526805877685547,19.509403038024907,19.455865351359048,19.43734951019287,19.411703236897786,19.38147741953532,19.341481717427573,18.889261436462398,18.880766836802163,18.866722520192464,18.848251152038575,18.825963401794432,15292060.0,14499200.0,15696560.0,15256560.0,16313660.0,15404410.0,14487090.0,13458210.0,13479370.0,13818530.0,14110915.0,13594765.0,13097795.0,12873125.0,12824505.0,12780713.333333336,12439083.333333336,12167240.0,12211286.666666664,12436663.333333336,12861343.333333336,12723100.0,12570421.666666664,12633285.0,12707941.666666664,0
2020-02-04,19.49883998885829,19.665653667791734,19.415432265573013,19.461769104003906,13540600,1,19.423342132568358,19.514916801452635,19.541012001037604,19.478572527567547,18.913285541534425,15985260.0,15620910.0,14246435.0,12845060.0,12935205.0,19.28568458557129,19.341289520263672,19.61931610107422,19.40865135192871,19.65595245361328,19.46217880249024,19.50509033203125,19.58634147644043,19.648624801635737,19.606491470336913,19.485790634155272,19.513658142089845,19.53688125610352,19.53596515655517,19.560695266723638,19.542477893829343,19.54908409118652,19.54558277130127,19.53413343429565,19.526805877685547,19.46611607869466,19.455865351359048,19.43734951019287,19.411703236897786,19.38147741953532,18.89743992487589,18.889261436462398,18.880766836802163,18.866722520192464,18.848251152038575,15106120.0,15292060.0,14499200.0,15696560.0,15256560.0,15709890.0,15404410.0,14487090.0,13458210.0,13479370.0,14268320.0,14110915.0,13594765.0,13097795.0,12873125.0,12679803.333333336,12780713.333333336,12439083.333333336,12167240.0,12211286.666666664,12877506.666666664,12861343.333333336,12723100.0,12570421.666666664,12633285.0,0
2020-02-05,19.6007777577801,19.81393000331564,19.6007777577801,19.73052406311035,12061400,1,19.487716674804688,19.56817073822021,19.55069417953491,19.49601853688558,18.93620551427205,15913560.0,15805060.0,14112660.0,12605186.666666664,12936376.666666664,19.461769104003906,19.28568458557129,19.341289520263672,19.61931610107422,19.40865135192871,19.423342132568358,19.46217880249024,19.50509033203125,19.58634147644043,19.648624801635737,19.514916801452635,19.485790634155272,19.513658142089845,19.53688125610352,19.53596515655517,19.541012001037604,19.542477893829343,19.54908409118652,19.54558277130127,19.53413343429565,19.478572527567547,19.46611607869466,19.455865351359048,19.43734951019287,19.411703236897786,18.913285541534425,18.89743992487589,18.889261436462398,18.880766836802163,18.866722520192464,15985260.0,15106120.0,15292060.0,14499200.0,15696560.0,15620910.0,15709890.0,15404410.0,14487090.0,13458210.0,14246435.0,14268320.0,14110915.0,13594765.0,13097795.0,12845060.0,12679803.333333336,12780713.333333336,12439083.333333336,12167240.0,12935205.0,12877506.666666664,12861343.333333336,12723100.0,12570421.666666664,0
2020-02-06,19.749059850156733,19.90660756322102,19.65638441288888,19.76759529113769,8197800,0,19.517372512817378,19.551856994628906,19.570015239715573,19.507678095499674,18.95989599227905,13558540.0,14028870.0,13989975.0,12546123.333333336,12874338.333333336,19.73052406311035,19.461769104003906,19.28568458557129,19.341289520263672,19.61931610107422,19.487716674804688,19.423342132568358,19.46217880249024,19.50509033203125,19.58634147644043,19.56817073822021,19.514916801452635,19.485790634155272,19.513658142089845,19.53688125610352,19.55069417953491,19.541012001037604,19.542477893829343,19.54908409118652,19.54558277130127,19.49601853688558,19.478572527567547,19.46611607869466,19.455865351359048,19.43734951019287,18.93620551427205,18.913285541534425,18.89743992487589,18.889261436462398,18.880766836802163,15913560.0,15985260.0,15106120.0,15292060.0,14499200.0,15805060.0,15620910.0,15709890.0,15404410.0,14487090.0,14112660.0,14246435.0,14268320.0,14110915.0,13594765.0,12605186.666666664,12845060.0,12679803.333333336,12780713.333333336,12439083.333333336,12936376.666666664,12935205.0,12877506.666666664,12861343.333333336,12723100.0,0
2020-02-07,19.693455807628,19.758328085113565,19.535908090461493,19.572978973388672,7202000,1,19.56371040344239,19.53440036773681,19.56174488067627,19.51498769124349,18.98171672821045,10859720.0,13075890.0,13537505.0,12670310.0,12832823.333333336,19.76759529113769,19.73052406311035,19.461769104003906,19.28568458557129,19.341289520263672,19.517372512817378,19.487716674804688,19.423342132568358,19.46217880249024,19.50509033203125,19.551856994628906,19.56817073822021,19.514916801452635,19.485790634155272,19.513658142089845,19.570015239715573,19.55069417953491,19.541012001037604,19.542477893829343,19.54908409118652,19.507678095499674,19.49601853688558,19.478572527567547,19.46611607869466,19.455865351359048,18.95989599227905,18.93620551427205,18.913285541534425,18.89743992487589,18.889261436462398,13558540.0,15913560.0,15985260.0,15106120.0,15292060.0,14028870.0,15805060.0,15620910.0,15709890.0,15404410.0,13989975.0,14112660.0,14246435.0,14268320.0,14110915.0,12546123.333333336,12605186.666666664,12845060.0,12679803.333333336,12780713.333333336,12874338.333333336,12936376.666666664,12935205.0,12877506.666666664,12861343.333333336,0
