Date,Open,High,Low,Close,Volume,sgn,ma5,ma10,ma20,ma30,ma60,ma_vol5,ma_vol10,ma_vol20,ma_vol30,ma_vol60,Pre1Close,Pre2Close,Pre3Close,Pre4Close,Pre5Close,Pre1ma5,Pre2ma5,Pre3ma5,Pre4ma5,Pre5ma5,Pre1ma10,Pre2ma10,Pre3ma10,Pre4ma10,Pre5ma10,Pre1ma20,Pre2ma20,Pre3ma20,Pre4ma20,Pre5ma20,Pre1ma30,Pre2ma30,Pre3ma30,Pre4ma30,Pre5ma30,Pre1ma60,Pre2ma60,Pre3ma60,Pre4ma60,Pre5ma60,Pre1ma_vol5,Pre2ma_vol5,Pre3ma_vol5,Pre4ma_vol5,Pre5ma_vol5,Pre1ma_vol10,Pre2ma_vol10,Pre3ma_vol10,Pre4ma_vol10,Pre5ma_vol10,Pre1ma_vol20,Pre2ma_vol20,Pre3ma_vol20,Pre4ma_vol20,Pre5ma_vol20,Pre1ma_vol30,Pre2ma_vol30,Pre3ma_vol30,Pre4ma_vol30,Pre5ma_vol30,Pre1ma_vol60,Pre2ma_vol60,Pre3ma_vol60,Pre4ma_vol60,Pre5ma_vol60,predict
2018-02-09,63.986000061035156,64.19599914550781,58.95199966430664,62.08399963378906,64668500,1,65.5099998474121,67.60819969177246,68.2916997909546,67.11806640625,65.5027333577474,39770000.0,31675700.0,30142850.0,30006250.0,29944650.0,63.04600143432617,69.0,66.79399871826172,66.62599945068361,68.75,66.8431999206543,68.20399932861328,68.57639923095704,69.05039978027344,69.70639953613279,68.25679969787598,68.70499954223632,68.72279968261721,69.09919967651368,69.46779937744141,68.56699962615967,68.762699508667,68.64959945678712,68.67399940490722,68.50849952697754,67.12619972229004,67.13993301391602,67.0079330444336,66.99253311157227,66.96486638387044,65.5193333943685,65.47853336334228,65.33850002288818,65.23990001678467,65.14963334401449,30541100.0,24424200.0,23669100.0,23298400.0,23581400.0,27478550.0,25691400.0,24850550.0,25039050.0,25912200.0,28570800.0,27069625.0,27113975.0,28306725.0,28338500.0,28635983.33333333,27646616.66666667,27187716.66666667,27070516.66666667,27318800.0,29498916.66666667,29024816.66666667,28897975.0,28867716.66666667,28936900.0,0
2018-02-12,63.22600173950195,63.61600112915039,61.25,63.14599990844727,31139000,1,64.81399993896484,66.93219985961915,68.08679962158203,67.12053311665854,65.5261666615804,41533700.0,32416050.0,30493525.0,30324833.33333333,29990625.0,62.08399963378906,63.04600143432617,69.0,66.79399871826172,66.62599945068361,65.5099998474121,66.8431999206543,68.20399932861328,68.57639923095704,69.05039978027344,67.60819969177246,68.25679969787598,68.70499954223632,68.72279968261721,69.09919967651368,68.2916997909546,68.56699962615967,68.762699508667,68.64959945678712,68.67399940490722,67.11806640625,67.12619972229004,67.13993301391602,67.0079330444336,66.99253311157227,65.5027333577474,65.5193333943685,65.47853336334228,65.33850002288818,65.23990001678467,39770000.0,30541100.0,24424200.0,23669100.0,23298400.0,31675700.0,27478550.0,25691400.0,24850550.0,25039050.0,30142850.0,28570800.0,27069625.0,27113975.0,28306725.0,30006250.0,28635983.33333333,27646616.66666667,27187716.66666667,27070516.66666667,29944650.0,29498916.66666667,29024816.66666667,28897975.0,28867716.66666667,1
2018-02-13,63.00400161743164,64.83799743652344,62.50199890136719,64.73200225830078,22801000,0,64.40160064697265,66.48899993896484,67.92279968261718,67.20259984334311,65.5673667271932,41005500.0,32337300.0,30015000.0,30455333.33333333,29872416.66666667,63.14599990844727,62.08399963378906,63.04600143432617,69.0,66.79399871826172,64.81399993896484,65.5099998474121,66.8431999206543,68.20399932861328,68.57639923095704,66.93219985961915,67.60819969177246,68.25679969787598,68.70499954223632,68.72279968261721,68.08679962158203,68.2916997909546,68.56699962615967,68.762699508667,68.64959945678712,67.12053311665854,67.11806640625,67.12619972229004,67.13993301391602,67.0079330444336,65.5261666615804,65.5027333577474,65.5193333943685,65.47853336334228,65.33850002288818,41533700.0,39770000.0,30541100.0,24424200.0,23669100.0,32416050.0,31675700.0,27478550.0,25691400.0,24850550.0,30493525.0,30142850.0,28570800.0,27069625.0,27113975.0,30324833.33333333,30006250.0,28635983.33333333,27646616.66666667,27187716.66666667,29990625.0,29944650.0,29498916.66666667,29024816.66666667,28897975.0,1
2018-02-14,64.16799926757811,65.23400115966797,63.70399856567383,64.46199798583984,19753500,1,63.494000244140615,65.84899978637695,67.67429962158204,67.21446634928385,65.60006669362386,37987000.0,31205600.0,29226800.0,30388416.66666667,29716466.66666667,64.73200225830078,63.14599990844727,62.08399963378906,63.04600143432617,69.0,64.40160064697265,64.81399993896484,65.5099998474121,66.8431999206543,68.20399932861328,66.48899993896484,66.93219985961915,67.60819969177246,68.25679969787598,68.70499954223632,67.92279968261718,68.08679962158203,68.2916997909546,68.56699962615967,68.762699508667,67.20259984334311,67.12053311665854,67.11806640625,67.12619972229004,67.13993301391602,65.5673667271932,65.5261666615804,65.5027333577474,65.5193333943685,65.47853336334228,41005500.0,41533700.0,39770000.0,30541100.0,24424200.0,32337300.0,32416050.0,31675700.0,27478550.0,25691400.0,30015000.0,30493525.0,30142850.0,28570800.0,27069625.0,30455333.33333333,30324833.33333333,30006250.0,28635983.33333333,27646616.66666667,29872416.66666667,29990625.0,29944650.0,29498916.66666667,29024816.66666667,1
2018-02-15,64.90000152587889,66.82399749755861,64.48000335693361,66.81400299072266,29564500,1,64.24760055541992,65.5454002380371,67.56929969787598,67.32659975687663,65.66346677144368,33585300.0,32063200.0,29283575.0,30620316.66666667,29064616.66666667,64.46199798583984,64.73200225830078,63.14599990844727,62.08399963378906,63.04600143432617,63.494000244140615,64.40160064697265,64.81399993896484,65.5099998474121,66.8431999206543,65.84899978637695,66.48899993896484,66.93219985961915,67.60819969177246,68.25679969787598,67.67429962158204,67.92279968261718,68.08679962158203,68.2916997909546,68.56699962615967,67.21446634928385,67.20259984334311,67.12053311665854,67.11806640625,67.12619972229004,65.60006669362386,65.5673667271932,65.5261666615804,65.5027333577474,65.5193333943685,37987000.0,41005500.0,41533700.0,39770000.0,30541100.0,31205600.0,32337300.0,32416050.0,31675700.0,27478550.0,29226800.0,30015000.0,30493525.0,30142850.0,28570800.0,30388416.66666667,30455333.33333333,30324833.33333333,30006250.0,28635983.33333333,29716466.66666667,29872416.66666667,29990625.0,29944650.0,29498916.66666667,0
2018-02-16,66.5,68.62400054931639,66.3280029296875,67.09799957275389,28213000,0,65.25040054321289,65.3802001953125,67.42399978637695,67.46573308308919,65.75263341267903,26294200.0,33032100.0,29472150.0,29903033.33333333,28847525.0,66.81400299072266,64.46199798583984,64.73200225830078,63.14599990844727,62.08399963378906,64.24760055541992,63.494000244140615,64.40160064697265,64.81399993896484,65.5099998474121,65.5454002380371,65.84899978637695,66.48899993896484,66.93219985961915,67.60819969177246,67.56929969787598,67.67429962158204,67.92279968261718,68.08679962158203,68.2916997909546,67.32659975687663,67.21446634928385,67.20259984334311,67.12053311665854,67.11806640625,65.66346677144368,65.60006669362386,65.5673667271932,65.5261666615804,65.5027333577474,33585300.0,37987000.0,41005500.0,41533700.0,39770000.0,32063200.0,31205600.0,32337300.0,32416050.0,31675700.0,29283575.0,29226800.0,30015000.0,30493525.0,30142850.0,30620316.66666667,30388416.66666667,30455333.33333333,30324833.33333333,30006250.0,29064616.66666667,29716466.66666667,29872416.66666667,29990625.0,29944650.0,0
2018-02-20,66.89399719238281,68.16799926757811,66.30000305175781,66.95400238037111,20047000,0,66.01200103759766,65.41300048828126,67.25610008239747,67.5869997660319,65.80916678110758,24075800.0,32804750.0,28921900.0,29806066.66666667,28576533.33333333,67.09799957275389,66.81400299072266,64.46199798583984,64.73200225830078,63.14599990844727,65.25040054321289,64.24760055541992,63.494000244140615,64.40160064697265,64.81399993896484,65.3802001953125,65.5454002380371,65.84899978637695,66.48899993896484,66.93219985961915,67.42399978637695,67.56929969787598,67.67429962158204,67.92279968261718,68.08679962158203,67.46573308308919,67.32659975687663,67.21446634928385,67.20259984334311,67.12053311665854,65.75263341267903,65.66346677144368,65.60006669362386,65.5673667271932,65.5261666615804,26294200.0,33585300.0,37987000.0,41005500.0,41533700.0,33032100.0,32063200.0,31205600.0,32337300.0,32416050.0,29472150.0,29283575.0,29226800.0,30015000.0,30493525.0,29903033.33333333,30620316.66666667,30388416.66666667,30455333.33333333,30324833.33333333,28847525.0,29064616.66666667,29716466.66666667,29872416.66666667,29990625.0,0
2018-02-21,67.20600128173828,67.93800354003906,66.63400268554689,66.66000366210939,16098000,1,66.39760131835938,65.39960098266603,67.0612003326416,67.56626663208007,65.87816683451335,22735200.0,31870350.0,28360450.0,28699433.33333333,28435033.33333333,66.95400238037111,67.09799957275389,66.81400299072266,64.46199798583984,64.73200225830078,66.01200103759766,65.25040054321289,64.24760055541992,63.494000244140615,64.40160064697265,65.41300048828126,65.3802001953125,65.5454002380371,65.84899978637695,66.48899993896484,67.25610008239747,67.42399978637695,67.56929969787598,67.67429962158204,67.92279968261718,67.5869997660319,67.46573308308919,67.32659975687663,67.21446634928385,67.20259984334311,65.80916678110758,65.75263341267903,65.66346677144368,65.60006669362386,65.5673667271932,24075800.0,26294200.0,33585300.0,37987000.0,41005500.0,32804750.0,33032100.0,32063200.0,31205600.0,32337300.0,28921900.0,29472150.0,29283575.0,29226800.0,30015000.0,29806066.66666667,29903033.33333333,30620316.66666667,30388416.66666667,30455333.33333333,28576533.33333333,28847525.0,29064616.66666667,29716466.66666667,29872416.66666667,0
2018-02-22,67.10600280761719,69.48799896240234,66.94999694824219,69.23400115966797,34849000,1,67.352001953125,65.42300109863281,67.06400032043457,67.64946670532227,65.98023351033528,25754300.0,31870650.0,28781025.0,28669966.66666667,28745508.33333333,66.66000366210939,66.95400238037111,67.09799957275389,66.81400299072266,64.46199798583984,66.39760131835938,66.01200103759766,65.25040054321289,64.24760055541992,63.494000244140615,65.39960098266603,65.41300048828126,65.3802001953125,65.5454002380371,65.84899978637695,67.0612003326416,67.25610008239747,67.42399978637695,67.56929969787598,67.67429962158204,67.56626663208007,67.5869997660319,67.46573308308919,67.32659975687663,67.21446634928385,65.87816683451335,65.80916678110758,65.75263341267903,65.66346677144368,65.60006669362386,22735200.0,24075800.0,26294200.0,33585300.0,37987000.0,31870350.0,32804750.0,33032100.0,32063200.0,31205600.0,28360450.0,28921900.0,29472150.0,29283575.0,29226800.0,28699433.33333333,29806066.66666667,29903033.33333333,30620316.66666667,30388416.66666667,28435033.33333333,28576533.33333333,28847525.0,29064616.66666667,29716466.66666667,0
2018-02-23,69.56600189208984,70.99800109863281,69.41999816894531,70.41000366210938,29087000,1,68.07120208740234,66.15940132141114,67.20810050964356,67.76446685791015,66.09770024617514,25658800.0,29622050.0,28550300.0,28921216.66666667,28850633.33333333,69.23400115966797,66.66000366210939,66.95400238037111,67.09799957275389,66.81400299072266,67.352001953125,66.39760131835938,66.01200103759766,65.25040054321289,64.24760055541992,65.42300109863281,65.39960098266603,65.41300048828126,65.3802001953125,65.5454002380371,67.06400032043457,67.0612003326416,67.25610008239747,67.42399978637695,67.56929969787598,67.64946670532227,67.56626663208007,67.5869997660319,67.46573308308919,67.32659975687663,65.98023351033528,65.87816683451335,65.80916678110758,65.75263341267903,65.66346677144368,25754300.0,22735200.0,24075800.0,26294200.0,33585300.0,31870650.0,31870350.0,32804750.0,33032100.0,32063200.0,28781025.0,28360450.0,28921900.0,29472150.0,29283575.0,28669966.66666667,28699433.33333333,29806066.66666667,29903033.33333333,30620316.66666667,28745508.33333333,28435033.33333333,28576533.33333333,28847525.0,29064616.66666667,1
2018-02-26,70.69999694824219,71.80000305175781,70.47200012207031,71.48400115966797,21700000,0,68.94840240478516,67.09940147399902,67.35380058288574,67.89426701863607,66.23060029347738,24356200.0,25325200.0,28500450.0,28536966.66666667,28799841.66666667,70.41000366210938,69.23400115966797,66.66000366210939,66.95400238037111,67.09799957275389,68.07120208740234,67.352001953125,66.39760131835938,66.01200103759766,65.25040054321289,66.15940132141114,65.42300109863281,65.39960098266603,65.41300048828126,65.3802001953125,67.20810050964356,67.06400032043457,67.0612003326416,67.25610008239747,67.42399978637695,67.76446685791015,67.64946670532227,67.56626663208007,67.5869997660319,67.46573308308919,66.09770024617514,65.98023351033528,65.87816683451335,65.80916678110758,65.75263341267903,25658800.0,25754300.0,22735200.0,24075800.0,26294200.0,29622050.0,31870650.0,31870350.0,32804750.0,33032100.0,28550300.0,28781025.0,28360450.0,28921900.0,29472150.0,28921216.66666667,28669966.66666667,28699433.33333333,29806066.66666667,29903033.33333333,28850633.33333333,28745508.33333333,28435033.33333333,28576533.33333333,28847525.0,1
2018-02-27,71.25,71.99800109863281,70.00199890136719,70.197998046875,23987000,0,69.59720153808594,67.80460128784179,67.36840057373047,67.99273351033528,66.37543360392253,25144200.0,24610000.0,28513025.0,28532350.0,28469008.33333333,71.48400115966797,70.41000366210938,69.23400115966797,66.66000366210939,66.95400238037111,68.94840240478516,68.07120208740234,67.352001953125,66.39760131835938,66.01200103759766,67.09940147399902,66.15940132141114,65.42300109863281,65.39960098266603,65.41300048828126,67.35380058288574,67.20810050964356,67.06400032043457,67.0612003326416,67.25610008239747,67.89426701863607,67.76446685791015,67.64946670532227,67.56626663208007,67.5869997660319,66.23060029347738,66.09770024617514,65.98023351033528,65.87816683451335,65.80916678110758,24356200.0,25658800.0,25754300.0,22735200.0,24075800.0,25325200.0,29622050.0,31870650.0,31870350.0,32804750.0,28500450.0,28550300.0,28781025.0,28360450.0,28921900.0,28536966.66666667,28921216.66666667,28669966.66666667,28699433.33333333,29806066.66666667,28799841.66666667,28850633.33333333,28745508.33333333,28435033.33333333,28576533.33333333,1
2018-02-28,70.51399993896484,71.0479965209961,68.44400024414061,68.61199951171875,30348500,0,69.98760070800782,68.19260101318359,67.34080047607422,68.01273345947266,66.48946692148844,27994300.0,25364750.0,28851025.0,28464916.66666667,28612183.33333333,70.197998046875,71.48400115966797,70.41000366210938,69.23400115966797,66.66000366210939,69.59720153808594,68.94840240478516,68.07120208740234,67.352001953125,66.39760131835938,67.80460128784179,67.09940147399902,66.15940132141114,65.42300109863281,65.39960098266603,67.36840057373047,67.35380058288574,67.20810050964356,67.06400032043457,67.0612003326416,67.99273351033528,67.89426701863607,67.76446685791015,67.64946670532227,67.56626663208007,66.37543360392253,66.23060029347738,66.09770024617514,65.98023351033528,65.87816683451335,25144200.0,24356200.0,25658800.0,25754300.0,22735200.0,24610000.0,25325200.0,29622050.0,31870650.0,31870350.0,28513025.0,28500450.0,28550300.0,28781025.0,28360450.0,28532350.0,28536966.66666667,28921216.66666667,28669966.66666667,28699433.33333333,28469008.33333333,28799841.66666667,28850633.33333333,28745508.33333333,28435033.33333333,1
2018-03-01,69.00199890136719,69.73400115966797,66.01399993896484,66.18599700927734,34428000,1,69.37799987792968,68.36500091552735,67.10700035095215,67.90453338623047,66.57080020904542,27910100.0,26832200.0,29018900.0,28428600.0,28828241.66666667,68.61199951171875,70.197998046875,71.48400115966797,70.41000366210938,69.23400115966797,69.98760070800782,69.59720153808594,68.94840240478516,68.07120208740234,67.352001953125,68.19260101318359,67.80460128784179,67.09940147399902,66.15940132141114,65.42300109863281,67.34080047607422,67.36840057373047,67.35380058288574,67.20810050964356,67.06400032043457,68.01273345947266,67.99273351033528,67.89426701863607,67.76446685791015,67.64946670532227,66.48946692148844,66.37543360392253,66.23060029347738,66.09770024617514,65.98023351033528,27994300.0,25144200.0,24356200.0,25658800.0,25754300.0,25364750.0,24610000.0,25325200.0,29622050.0,31870650.0,28851025.0,28513025.0,28500450.0,28550300.0,28781025.0,28464916.66666667,28532350.0,28536966.66666667,28921216.66666667,28669966.66666667,28612183.33333333,28469008.33333333,28799841.66666667,28850633.33333333,28745508.33333333,0
2018-03-02,65.39600372314453,67.04399871826172,64.59400177001953,67.02400207519531,25464000,0,68.70079956054687,68.38600082397461,66.96570053100587,67.84153340657552,66.67053356170655,27185500.0,26422150.0,29242675.0,28329766.66666667,28766383.33333333,66.18599700927734,68.61199951171875,70.197998046875,71.48400115966797,70.41000366210938,69.37799987792968,69.98760070800782,69.59720153808594,68.94840240478516,68.07120208740234,68.36500091552735,68.19260101318359,67.80460128784179,67.09940147399902,66.15940132141114,67.10700035095215,67.34080047607422,67.36840057373047,67.35380058288574,67.20810050964356,67.90453338623047,68.01273345947266,67.99273351033528,67.89426701863607,67.76446685791015,66.57080020904542,66.48946692148844,66.37543360392253,66.23060029347738,66.09770024617514,27910100.0,27994300.0,25144200.0,24356200.0,25658800.0,26832200.0,25364750.0,24610000.0,25325200.0,29622050.0,29018900.0,28851025.0,28513025.0,28500450.0,28550300.0,28428600.0,28464916.66666667,28532350.0,28536966.66666667,28921216.66666667,28828241.66666667,28612183.33333333,28469008.33333333,28799841.66666667,28850633.33333333,0
2018-03-05,66.47799682617189,67.55000305175781,65.85800170898439,66.66999816894531,19119000,0,67.73799896240234,68.34320068359375,66.86170043945313,67.73040008544922,66.76936683654785,26669300.0,25512750.0,29272425.0,28152350.0,28697825.0,67.02400207519531,66.18599700927734,68.61199951171875,70.197998046875,71.48400115966797,68.70079956054687,69.37799987792968,69.98760070800782,69.59720153808594,68.94840240478516,68.38600082397461,68.36500091552735,68.19260101318359,67.80460128784179,67.09940147399902,66.96570053100587,67.10700035095215,67.34080047607422,67.36840057373047,67.35380058288574,67.84153340657552,67.90453338623047,68.01273345947266,67.99273351033528,67.89426701863607,66.67053356170655,66.57080020904542,66.48946692148844,66.37543360392253,66.23060029347738,27185500.0,27910100.0,27994300.0,25144200.0,24356200.0,26422150.0,26832200.0,25364750.0,24610000.0,25325200.0,29242675.0,29018900.0,28851025.0,28513025.0,28500450.0,28329766.66666667,28428600.0,28464916.66666667,28532350.0,28536966.66666667,28766383.33333333,28828241.66666667,28612183.33333333,28469008.33333333,28799841.66666667,1
2018-03-06,66.75,67.27400207519531,65.40599822998047,65.63999938964844,21428500,1,66.82639923095704,68.21180038452148,66.81240043640136,67.57466684977213,66.81916681925456,26157600.0,25650900.0,29227825.0,27831566.66666667,28455358.33333333,66.66999816894531,67.02400207519531,66.18599700927734,68.61199951171875,70.197998046875,67.73799896240234,68.70079956054687,69.37799987792968,69.98760070800782,69.59720153808594,68.34320068359375,68.38600082397461,68.36500091552735,68.19260101318359,67.80460128784179,66.86170043945313,66.96570053100587,67.10700035095215,67.34080047607422,67.36840057373047,67.73040008544922,67.84153340657552,67.90453338623047,68.01273345947266,67.99273351033528,66.76936683654785,66.67053356170655,66.57080020904542,66.48946692148844,66.37543360392253,26669300.0,27185500.0,27910100.0,27994300.0,25144200.0,25512750.0,26422150.0,26832200.0,25364750.0,24610000.0,29272425.0,29242675.0,29018900.0,28851025.0,28513025.0,28152350.0,28329766.66666667,28428600.0,28464916.66666667,28532350.0,28697825.0,28766383.33333333,28828241.66666667,28612183.33333333,28469008.33333333,1
2018-03-07,65.08799743652344,66.5,64.34799957275389,66.45999908447266,25036500,0,66.39599914550782,68.19179992675781,66.79570045471192,67.43806686401368,66.88936678568523,25095200.0,26544750.0,29207550.0,27755216.66666667,28474250.0,65.63999938964844,66.66999816894531,67.02400207519531,66.18599700927734,68.61199951171875,66.82639923095704,67.73799896240234,68.70079956054687,69.37799987792968,69.98760070800782,68.21180038452148,68.34320068359375,68.38600082397461,68.36500091552735,68.19260101318359,66.81240043640136,66.86170043945313,66.96570053100587,67.10700035095215,67.34080047607422,67.57466684977213,67.73040008544922,67.84153340657552,67.90453338623047,68.01273345947266,66.81916681925456,66.76936683654785,66.67053356170655,66.57080020904542,66.48946692148844,26157600.0,26669300.0,27185500.0,27910100.0,27994300.0,25650900.0,25512750.0,26422150.0,26832200.0,25364750.0,29227825.0,29272425.0,29242675.0,29018900.0,28851025.0,27831566.66666667,28152350.0,28329766.66666667,28428600.0,28464916.66666667,28455358.33333333,28697825.0,28766383.33333333,28828241.66666667,28612183.33333333,1
2018-03-08,66.57199859619139,66.66000366210939,65.25399780273439,65.81999969482422,17831000,0,66.32279968261719,67.85039978027343,66.63670043945312,67.3261334737142,66.93593343098958,21775800.0,24842950.0,28356800.0,27468333.33333333,28482391.66666667,66.45999908447266,65.63999938964844,66.66999816894531,67.02400207519531,66.18599700927734,66.39599914550782,66.82639923095704,67.73799896240234,68.70079956054687,69.37799987792968,68.19179992675781,68.21180038452148,68.34320068359375,68.38600082397461,68.36500091552735,66.79570045471192,66.81240043640136,66.86170043945313,66.96570053100587,67.10700035095215,67.43806686401368,67.57466684977213,67.73040008544922,67.84153340657552,67.90453338623047,66.88936678568523,66.81916681925456,66.76936683654785,66.67053356170655,66.57080020904542,25095200.0,26157600.0,26669300.0,27185500.0,27910100.0,26544750.0,25650900.0,25512750.0,26422150.0,26832200.0,29207550.0,29227825.0,29272425.0,29242675.0,29018900.0,27755216.66666667,27831566.66666667,28152350.0,28329766.66666667,28428600.0,28474250.0,28455358.33333333,28697825.0,28766383.33333333,28828241.66666667,1
2018-03-09,64.81999969482422,65.697998046875,64.4739990234375,65.43399810791016,27534000,1,66.00479888916016,67.35279922485351,66.75610027313232,67.25633341471354,66.93013343811035,22189800.0,24687650.0,27154850.0,27262750.0,28279791.66666667,65.81999969482422,66.45999908447266,65.63999938964844,66.66999816894531,67.02400207519531,66.32279968261719,66.39599914550782,66.82639923095704,67.73799896240234,68.70079956054687,67.85039978027343,68.19179992675781,68.21180038452148,68.34320068359375,68.38600082397461,66.63670043945312,66.79570045471192,66.81240043640136,66.86170043945313,66.96570053100587,67.3261334737142,67.43806686401368,67.57466684977213,67.73040008544922,67.84153340657552,66.93593343098958,66.88936678568523,66.81916681925456,66.76936683654785,66.67053356170655,21775800.0,25095200.0,26157600.0,26669300.0,27185500.0,24842950.0,26544750.0,25650900.0,25512750.0,26422150.0,28356800.0,29207550.0,29227825.0,29272425.0,29242675.0,27468333.33333333,27755216.66666667,27831566.66666667,28152350.0,28329766.66666667,28482391.66666667,28474250.0,28455358.33333333,28697825.0,28766383.33333333,0
2018-03-12,65.72200012207031,69.44200134277344,65.30000305175781,69.10199737548828,41320000,0,66.49119873046875,67.11459884643554,67.10700016021728,67.27406667073568,66.94506670633952,26630000.0,26649650.0,25987425.0,27883516.66666667,28240691.66666667,65.43399810791016,65.81999969482422,66.45999908447266,65.63999938964844,66.66999816894531,66.00479888916016,66.32279968261719,66.39599914550782,66.82639923095704,67.73799896240234,67.35279922485351,67.85039978027343,68.19179992675781,68.21180038452148,68.34320068359375,66.75610027313232,66.63670043945312,66.79570045471192,66.81240043640136,66.86170043945313,67.25633341471354,67.3261334737142,67.43806686401368,67.57466684977213,67.73040008544922,66.93013343811035,66.93593343098958,66.88936678568523,66.81916681925456,66.76936683654785,22189800.0,21775800.0,25095200.0,26157600.0,26669300.0,24687650.0,24842950.0,26544750.0,25650900.0,25512750.0,27154850.0,28356800.0,29207550.0,29227825.0,29272425.0,27262750.0,27468333.33333333,27755216.66666667,27831566.66666667,28152350.0,28279791.66666667,28482391.66666667,28474250.0,28455358.33333333,28697825.0,1
2018-03-13,65.72200012207031,69.44200134277344,65.30000305175781,68.36799621582031,29829000,0,67.03679809570312,66.93159866333008,67.36809997558593,67.22279993693034,66.95443331400553,28310100.0,27233850.0,25921925.0,28086633.33333333,28219383.33333333,69.10199737548828,65.43399810791016,65.81999969482422,66.45999908447266,65.63999938964844,66.49119873046875,66.00479888916016,66.32279968261719,66.39599914550782,66.82639923095704,67.11459884643554,67.35279922485351,67.85039978027343,68.19179992675781,68.21180038452148,67.10700016021728,66.75610027313232,66.63670043945312,66.79570045471192,66.81240043640136,67.27406667073568,67.25633341471354,67.3261334737142,67.43806686401368,67.57466684977213,66.94506670633952,66.93013343811035,66.93593343098958,66.88936678568523,66.81916681925456,26630000.0,22189800.0,21775800.0,25095200.0,26157600.0,26649650.0,24687650.0,24842950.0,26544750.0,25650900.0,25987425.0,27154850.0,28356800.0,29207550.0,29227825.0,27883516.66666667,27262750.0,27468333.33333333,27755216.66666667,27831566.66666667,28240691.66666667,28279791.66666667,28482391.66666667,28474250.0,28455358.33333333,0
2018-03-14,67.35199737548828,67.96199798583984,64.78600311279297,65.32599639892578,39837000,0,66.80999755859375,66.60299835205078,67.39779968261719,67.09486643473308,66.91689987182617,31270200.0,28182700.0,26773725.0,28628250.0,28400008.33333333,68.36799621582031,69.10199737548828,65.43399810791016,65.81999969482422,66.45999908447266,67.03679809570312,66.49119873046875,66.00479888916016,66.32279968261719,66.39599914550782,66.93159866333008,67.11459884643554,67.35279922485351,67.85039978027343,68.19179992675781,67.36809997558593,67.10700016021728,66.75610027313232,66.63670043945312,66.79570045471192,67.22279993693034,67.27406667073568,67.25633341471354,67.3261334737142,67.43806686401368,66.95443331400553,66.94506670633952,66.93013343811035,66.93593343098958,66.88936678568523,28310100.0,26630000.0,22189800.0,21775800.0,25095200.0,27233850.0,26649650.0,24687650.0,24842950.0,26544750.0,25921925.0,25987425.0,27154850.0,28356800.0,29207550.0,28086633.33333333,27883516.66666667,27262750.0,27468333.33333333,27755216.66666667,28219383.33333333,28240691.66666667,28279791.66666667,28482391.66666667,28474250.0,1
2018-03-15,65.87599945068361,66.56999969482422,64.22000122070311,65.12000274658203,32824000,0,66.66999816894531,66.49639892578125,67.43069992065429,66.90346654256184,66.85739987691244,34268800.0,28022300.0,27427250.0,28686700.0,28369308.33333333,65.32599639892578,68.36799621582031,69.10199737548828,65.43399810791016,65.81999969482422,66.80999755859375,67.03679809570312,66.49119873046875,66.00479888916016,66.32279968261719,66.60299835205078,66.93159866333008,67.11459884643554,67.35279922485351,67.85039978027343,67.39779968261719,67.36809997558593,67.10700016021728,66.75610027313232,66.63670043945312,67.09486643473308,67.22279993693034,67.27406667073568,67.25633341471354,67.3261334737142,66.91689987182617,66.95443331400553,66.94506670633952,66.93013343811035,66.93593343098958,31270200.0,28310100.0,26630000.0,22189800.0,21775800.0,28182700.0,27233850.0,26649650.0,24687650.0,24842950.0,26773725.0,25921925.0,25987425.0,27154850.0,28356800.0,28628250.0,28086633.33333333,27883516.66666667,27262750.0,27468333.33333333,28400008.33333333,28219383.33333333,28240691.66666667,28279791.66666667,28482391.66666667,1
2018-03-16,64.58599853515625,65.48000335693361,63.81399917602539,64.26999664306639,30586500,0,66.43719787597657,66.22099838256835,67.30349960327149,66.7174664815267,66.79899978637695,34879300.0,28534550.0,27478350.0,29006633.33333333,28422733.33333333,65.12000274658203,65.32599639892578,68.36799621582031,69.10199737548828,65.43399810791016,66.66999816894531,66.80999755859375,67.03679809570312,66.49119873046875,66.00479888916016,66.49639892578125,66.60299835205078,66.93159866333008,67.11459884643554,67.35279922485351,67.43069992065429,67.39779968261719,67.36809997558593,67.10700016021728,66.75610027313232,66.90346654256184,67.09486643473308,67.22279993693034,67.27406667073568,67.25633341471354,66.85739987691244,66.91689987182617,66.95443331400553,66.94506670633952,66.93013343811035,34268800.0,31270200.0,28310100.0,26630000.0,22189800.0,28022300.0,28182700.0,27233850.0,26649650.0,24687650.0,27427250.0,26773725.0,25921925.0,25987425.0,27154850.0,28686700.0,28628250.0,28086633.33333333,27883516.66666667,27262750.0,28369308.33333333,28400008.33333333,28219383.33333333,28240691.66666667,28279791.66666667,1
2018-03-19,63.29999923706055,64.15000152587889,61.933998107910156,62.71200180053711,37421500,0,65.15919876098633,65.82519874572753,67.08419971466064,66.51619987487793,66.74053312937419,34099600.0,30364800.0,27938775.0,29636550.0,28477675.0,64.26999664306639,65.12000274658203,65.32599639892578,68.36799621582031,69.10199737548828,66.43719787597657,66.66999816894531,66.80999755859375,67.03679809570312,66.49119873046875,66.22099838256835,66.49639892578125,66.60299835205078,66.93159866333008,67.11459884643554,67.30349960327149,67.43069992065429,67.39779968261719,67.36809997558593,67.10700016021728,66.7174664815267,66.90346654256184,67.09486643473308,67.22279993693034,67.27406667073568,66.79899978637695,66.85739987691244,66.91689987182617,66.95443331400553,66.94506670633952,34879300.0,34268800.0,31270200.0,28310100.0,26630000.0,28534550.0,28022300.0,28182700.0,27233850.0,26649650.0,27478350.0,27427250.0,26773725.0,25921925.0,25987425.0,29006633.33333333,28686700.0,28628250.0,28086633.33333333,27883516.66666667,28422733.33333333,28369308.33333333,28400008.33333333,28219383.33333333,28240691.66666667,1
2018-03-20,62.9739990234375,63.25,61.75199890136719,62.11000061035156,23821500,1,63.90759963989258,65.47219886779786,66.84199962615966,66.3656665802002,66.67909984588623,32898100.0,30604100.0,28127500.0,29686583.33333333,28378550.0,62.71200180053711,64.26999664306639,65.12000274658203,65.32599639892578,68.36799621582031,65.15919876098633,66.43719787597657,66.66999816894531,66.80999755859375,67.03679809570312,65.82519874572753,66.22099838256835,66.49639892578125,66.60299835205078,66.93159866333008,67.08419971466064,67.30349960327149,67.43069992065429,67.39779968261719,67.36809997558593,66.51619987487793,66.7174664815267,66.90346654256184,67.09486643473308,67.22279993693034,66.74053312937419,66.79899978637695,66.85739987691244,66.91689987182617,66.95443331400553,34099600.0,34879300.0,34268800.0,31270200.0,28310100.0,30364800.0,28534550.0,28022300.0,28182700.0,27233850.0,27938775.0,27478350.0,27427250.0,26773725.0,25921925.0,29636550.0,29006633.33333333,28686700.0,28628250.0,28086633.33333333,28477675.0,28422733.33333333,28369308.33333333,28400008.33333333,28219383.33333333,1
2018-03-21,62.04999923706055,64.48799896240234,62.03799819946289,63.30599975585938,29792000,0,63.5036003112793,65.15679893493652,66.67429943084717,66.24939994812011,66.62866649627685,30889100.0,31079650.0,28812200.0,29831583.33333333,28509650.0,62.11000061035156,62.71200180053711,64.26999664306639,65.12000274658203,65.32599639892578,63.90759963989258,65.15919876098633,66.43719787597657,66.66999816894531,66.80999755859375,65.47219886779786,65.82519874572753,66.22099838256835,66.49639892578125,66.60299835205078,66.84199962615966,67.08419971466064,67.30349960327149,67.43069992065429,67.39779968261719,66.3656665802002,66.51619987487793,66.7174664815267,66.90346654256184,67.09486643473308,66.67909984588623,66.74053312937419,66.79899978637695,66.85739987691244,66.91689987182617,32898100.0,34099600.0,34879300.0,34268800.0,31270200.0,30604100.0,30364800.0,28534550.0,28022300.0,28182700.0,28127500.0,27938775.0,27478350.0,27427250.0,26773725.0,29686583.33333333,29636550.0,29006633.33333333,28686700.0,28628250.0,28378550.0,28477675.0,28422733.33333333,28369308.33333333,28400008.33333333,0
2018-03-22,62.77799987792969,63.76399993896485,61.63600158691406,61.81999969482422,24699000,0,62.843599700927726,64.75679893493653,66.30359935760498,66.01006660461425,66.57499980926514,29264100.0,31766450.0,28304700.0,29493350.0,28569983.33333333,63.30599975585938,62.11000061035156,62.71200180053711,64.26999664306639,65.12000274658203,63.5036003112793,63.90759963989258,65.15919876098633,66.43719787597657,66.66999816894531,65.15679893493652,65.47219886779786,65.82519874572753,66.22099838256835,66.49639892578125,66.67429943084717,66.84199962615966,67.08419971466064,67.30349960327149,67.43069992065429,66.24939994812011,66.3656665802002,66.51619987487793,66.7174664815267,66.90346654256184,66.62866649627685,66.67909984588623,66.74053312937419,66.79899978637695,66.85739987691244,30889100.0,32898100.0,34099600.0,34879300.0,34268800.0,31079650.0,30604100.0,30364800.0,28534550.0,28022300.0,28812200.0,28127500.0,27938775.0,27478350.0,27427250.0,29831583.33333333,29686583.33333333,29636550.0,29006633.33333333,28686700.0,28509650.0,28378550.0,28477675.0,28422733.33333333,28369308.33333333,1
2018-03-23,62.25,62.25,60.09000015258789,60.30799865722656,33274500,1,62.051200103759776,64.24419898986817,65.79849910736084,65.91879984537759,66.52249978383382,29801700.0,32340500.0,28514075.0,28883400.0,28759691.66666667,61.81999969482422,63.30599975585938,62.11000061035156,62.71200180053711,64.26999664306639,62.843599700927726,63.5036003112793,63.90759963989258,65.15919876098633,66.43719787597657,64.75679893493653,65.15679893493652,65.47219886779786,65.82519874572753,66.22099838256835,66.30359935760498,66.67429943084717,66.84199962615966,67.08419971466064,67.30349960327149,66.01006660461425,66.24939994812011,66.3656665802002,66.51619987487793,66.7174664815267,66.57499980926514,66.62866649627685,66.67909984588623,66.74053312937419,66.79899978637695,29264100.0,30889100.0,32898100.0,34099600.0,34879300.0,31766450.0,31079650.0,30604100.0,30364800.0,28534550.0,28304700.0,28812200.0,28127500.0,27938775.0,27478350.0,29493350.0,29831583.33333333,29686583.33333333,29636550.0,29006633.33333333,28569983.33333333,28509650.0,28378550.0,28477675.0,28422733.33333333,0
2018-03-26,61.46799850463867,61.51800155639648,58.27199935913086,60.83599853515625,41876000,0,61.67599945068359,63.41759910583496,65.26609897613525,65.87719980875653,66.49763310750326,30692600.0,32396100.0,29522875.0,28123650.0,29064950.0,60.30799865722656,61.81999969482422,63.30599975585938,62.11000061035156,62.71200180053711,62.051200103759776,62.843599700927726,63.5036003112793,63.90759963989258,65.15919876098633,64.24419898986817,64.75679893493653,65.15679893493652,65.47219886779786,65.82519874572753,65.79849910736084,66.30359935760498,66.67429943084717,66.84199962615966,67.08419971466064,65.91879984537759,66.01006660461425,66.24939994812011,66.3656665802002,66.51619987487793,66.52249978383382,66.57499980926514,66.62866649627685,66.67909984588623,66.74053312937419,29801700.0,29264100.0,30889100.0,32898100.0,34099600.0,32340500.0,31766450.0,31079650.0,30604100.0,30364800.0,28514075.0,28304700.0,28812200.0,28127500.0,27938775.0,28883400.0,29493350.0,29831583.33333333,29686583.33333333,29636550.0,28759691.66666667,28569983.33333333,28509650.0,28378550.0,28477675.0,0
2018-03-27,60.79999923706055,60.85400009155274,55.43600082397461,55.83599853515625,69360000,0,60.421199035644534,62.164399337768565,64.54799900054931,65.63353309631347,66.377033106486,39800300.0,36349200.0,31791525.0,29397683.33333333,29861258.33333333,60.83599853515625,60.30799865722656,61.81999969482422,63.30599975585938,62.11000061035156,61.67599945068359,62.051200103759776,62.843599700927726,63.5036003112793,63.90759963989258,63.41759910583496,64.24419898986817,64.75679893493653,65.15679893493652,65.47219886779786,65.26609897613525,65.79849910736084,66.30359935760498,66.67429943084717,66.84199962615966,65.87719980875653,65.91879984537759,66.01006660461425,66.24939994812011,66.3656665802002,66.49763310750326,66.52249978383382,66.57499980926514,66.62866649627685,66.67909984588623,30692600.0,29801700.0,29264100.0,30889100.0,32898100.0,32396100.0,32340500.0,31766450.0,31079650.0,30604100.0,29522875.0,28514075.0,28304700.0,28812200.0,28127500.0,28123650.0,28883400.0,29493350.0,29831583.33333333,29686583.33333333,29064950.0,28759691.66666667,28569983.33333333,28509650.0,28378550.0,1
2018-03-28,52.91600036621094,53.736000061035156,50.41999816894531,51.55599975585938,105007000,1,58.07119903564453,60.787399673461906,63.69519901275635,65.19433301289877,66.19846642812094,54843300.0,42866200.0,35524450.0,32137883.33333333,31296608.33333333,55.83599853515625,60.83599853515625,60.30799865722656,61.81999969482422,63.30599975585938,60.421199035644534,61.67599945068359,62.051200103759776,62.843599700927726,63.5036003112793,62.164399337768565,63.41759910583496,64.24419898986817,64.75679893493653,65.15679893493652,64.54799900054931,65.26609897613525,65.79849910736084,66.30359935760498,66.67429943084717,65.63353309631347,65.87719980875653,65.91879984537759,66.01006660461425,66.24939994812011,66.377033106486,66.49763310750326,66.52249978383382,66.57499980926514,66.62866649627685,39800300.0,30692600.0,29801700.0,29264100.0,30889100.0,36349200.0,32396100.0,32340500.0,31766450.0,31079650.0,31791525.0,29522875.0,28514075.0,28304700.0,28812200.0,29397683.33333333,28123650.0,28883400.0,29493350.0,29831583.33333333,29861258.33333333,29064950.0,28759691.66666667,28569983.33333333,28509650.0,1
2018-03-29,51.29800033569336,54.19200134277344,49.64199829101562,53.22600173950195,75853500,0,56.35239944458008,59.597999572753906,63.04719924926758,64.8197998046875,66.01713307698567,65074200.0,47169150.0,37595725.0,34007883.333333336,32198150.0,51.55599975585938,55.83599853515625,60.83599853515625,60.30799865722656,61.81999969482422,58.07119903564453,60.421199035644534,61.67599945068359,62.051200103759776,62.843599700927726,60.787399673461906,62.164399337768565,63.41759910583496,64.24419898986817,64.75679893493653,63.69519901275635,64.54799900054931,65.26609897613525,65.79849910736084,66.30359935760498,65.19433301289877,65.63353309631347,65.87719980875653,65.91879984537759,66.01006660461425,66.19846642812094,66.377033106486,66.49763310750326,66.52249978383382,66.57499980926514,54843300.0,39800300.0,30692600.0,29801700.0,29264100.0,42866200.0,36349200.0,32396100.0,32340500.0,31766450.0,35524450.0,31791525.0,29522875.0,28514075.0,28304700.0,32137883.33333333,29397683.33333333,28123650.0,28883400.0,29493350.0,31296608.33333333,29861258.33333333,29064950.0,28759691.66666667,28569983.33333333,1
2018-04-02,51.25199890136719,52.066001892089844,48.91799926757813,50.49599838256836,80570000,1,54.38999938964844,58.2205997467041,62.22079906463623,64.27586631774902,65.80123303731283,74533300.0,52167500.0,40351025.0,35708066.666666664,33164191.66666667,53.22600173950195,51.55599975585938,55.83599853515625,60.83599853515625,60.30799865722656,56.35239944458008,58.07119903564453,60.421199035644534,61.67599945068359,62.051200103759776,59.597999572753906,60.787399673461906,62.164399337768565,63.41759910583496,64.24419898986817,63.04719924926758,63.69519901275635,64.54799900054931,65.26609897613525,65.79849910736084,64.8197998046875,65.19433301289877,65.63353309631347,65.87719980875653,65.91879984537759,66.01713307698567,66.19846642812094,66.377033106486,66.49763310750326,66.52249978383382,65074200.0,54843300.0,39800300.0,30692600.0,29801700.0,47169150.0,42866200.0,36349200.0,32396100.0,32340500.0,37595725.0,35524450.0,31791525.0,29522875.0,28514075.0,34007883.333333336,32137883.33333333,29397683.33333333,28123650.0,28883400.0,32198150.0,31296608.33333333,29861258.33333333,29064950.0,28759691.66666667,1
2018-04-03,53.9640007019043,54.66999816894531,50.89799880981445,53.50600051879883,94222000,1,52.92399978637695,57.29999961853027,61.5625991821289,63.82279968261719,65.64426638285319,85002500.0,57847550.0,44106175.0,37908366.66666666,33905700.0,50.49599838256836,53.22600173950195,51.55599975585938,55.83599853515625,60.83599853515625,54.38999938964844,56.35239944458008,58.07119903564453,60.421199035644534,61.67599945068359,58.2205997467041,59.597999572753906,60.787399673461906,62.164399337768565,63.41759910583496,62.22079906463623,63.04719924926758,63.69519901275635,64.54799900054931,65.26609897613525,64.27586631774902,64.8197998046875,65.19433301289877,65.63353309631347,65.87719980875653,65.80123303731283,66.01713307698567,66.19846642812094,66.377033106486,66.49763310750326,74533300.0,65074200.0,54843300.0,39800300.0,30692600.0,52167500.0,47169150.0,42866200.0,36349200.0,32396100.0,40351025.0,37595725.0,35524450.0,31791525.0,29522875.0,35708066.666666664,34007883.333333336,32137883.33333333,29397683.33333333,28123650.0,33164191.66666667,32198150.0,31296608.33333333,29861258.33333333,29064950.0,1
2018-04-04,50.55599975585938,57.67399978637695,50.4000015258789,57.38800048828125,99483500,1,53.23440017700195,56.82779960632324,61.14999923706055,63.50393295288086,65.54546635945638,91027200.0,65413750.0,48008925.0,40556250.0,35181158.333333336,53.50600051879883,50.49599838256836,53.22600173950195,51.55599975585938,55.83599853515625,52.92399978637695,54.38999938964844,56.35239944458008,58.07119903564453,60.421199035644534,57.29999961853027,58.2205997467041,59.597999572753906,60.787399673461906,62.164399337768565,61.5625991821289,62.22079906463623,63.04719924926758,63.69519901275635,64.54799900054931,63.82279968261719,64.27586631774902,64.8197998046875,65.19433301289877,65.63353309631347,65.64426638285319,65.80123303731283,66.01713307698567,66.19846642812094,66.377033106486,85002500.0,74533300.0,65074200.0,54843300.0,39800300.0,57847550.0,52167500.0,47169150.0,42866200.0,36349200.0,44106175.0,40351025.0,37595725.0,35524450.0,31791525.0,37908366.66666666,35708066.666666664,34007883.333333336,32137883.33333333,29397683.33333333,33905700.0,33164191.66666667,32198150.0,31296608.33333333,29861258.33333333,1
2018-04-05,57.86800003051758,61.25199890136719,57.63999938964844,61.14400100708008,95605500,0,55.1520004272461,56.61159973144531,60.88419933319092,63.320066197713224,65.44316641489665,89146900.0,71995100.0,51537375.0,43206500.0,35952966.666666664,57.38800048828125,53.50600051879883,50.49599838256836,53.22600173950195,51.55599975585938,53.23440017700195,52.92399978637695,54.38999938964844,56.35239944458008,58.07119903564453,56.82779960632324,57.29999961853027,58.2205997467041,59.597999572753906,60.787399673461906,61.14999923706055,61.5625991821289,62.22079906463623,63.04719924926758,63.69519901275635,63.50393295288086,63.82279968261719,64.27586631774902,64.8197998046875,65.19433301289877,65.54546635945638,65.64426638285319,65.80123303731283,66.01713307698567,66.19846642812094,91027200.0,85002500.0,74533300.0,65074200.0,54843300.0,65413750.0,57847550.0,52167500.0,47169150.0,42866200.0,48008925.0,44106175.0,40351025.0,37595725.0,35524450.0,40556250.0,37908366.66666666,35708066.666666664,34007883.333333336,32137883.33333333,35181158.333333336,33905700.0,33164191.66666667,32198150.0,31296608.33333333,1
2018-04-06,60.20000076293945,61.85599899291992,59.099998474121094,59.86000061035156,67601500,0,56.47880020141603,56.41559982299805,60.58619937896729,63.00759951273599,65.32853310902914,87496500.0,76285350.0,54025900.0,44298250.0,36484108.333333336,61.14400100708008,57.38800048828125,53.50600051879883,50.49599838256836,53.22600173950195,55.1520004272461,53.23440017700195,52.92399978637695,54.38999938964844,56.35239944458008,56.61159973144531,56.82779960632324,57.29999961853027,58.2205997467041,59.597999572753906,60.88419933319092,61.14999923706055,61.5625991821289,62.22079906463623,63.04719924926758,63.320066197713224,63.50393295288086,63.82279968261719,64.27586631774902,64.8197998046875,65.44316641489665,65.54546635945638,65.64426638285319,65.80123303731283,66.01713307698567,89146900.0,91027200.0,85002500.0,74533300.0,65074200.0,71995100.0,65413750.0,57847550.0,52167500.0,47169150.0,51537375.0,48008925.0,44106175.0,40351025.0,37595725.0,43206500.0,40556250.0,37908366.66666666,35708066.666666664,34007883.333333336,35952966.666666664,35181158.333333336,33905700.0,33164191.66666667,32198150.0,1
2018-04-09,60.07400131225586,61.9000015258789,57.84199905395508,57.93199920654297,51249000,1,57.966000366210935,56.177999877929686,60.21109943389892,62.59166603088378,65.17806644439698,81632300.0,78082800.0,55211650.0,45036983.33333334,36979100.0,59.86000061035156,61.14400100708008,57.38800048828125,53.50600051879883,50.49599838256836,56.47880020141603,55.1520004272461,53.23440017700195,52.92399978637695,54.38999938964844,56.41559982299805,56.61159973144531,56.82779960632324,57.29999961853027,58.2205997467041,60.58619937896729,60.88419933319092,61.14999923706055,61.5625991821289,62.22079906463623,63.00759951273599,63.320066197713224,63.50393295288086,63.82279968261719,64.27586631774902,65.32853310902914,65.44316641489665,65.54546635945638,65.64426638285319,65.80123303731283,87496500.0,89146900.0,91027200.0,85002500.0,74533300.0,76285350.0,71995100.0,65413750.0,57847550.0,52167500.0,54025900.0,51537375.0,48008925.0,44106175.0,40351025.0,44298250.0,43206500.0,40556250.0,37908366.66666666,35708066.666666664,36484108.333333336,35952966.666666664,35181158.333333336,33905700.0,33164191.66666667,0
2018-04-10,59.79399871826172,61.41999816894531,58.736000061035156,60.93999862670898,54949000,0,59.45279998779297,56.18839988708496,59.80299949645996,62.24019927978516,65.06723314921061,73777700.0,79390100.0,55893100.0,46145283.33333334,37341125.0,57.93199920654297,59.86000061035156,61.14400100708008,57.38800048828125,53.50600051879883,57.966000366210935,56.47880020141603,55.1520004272461,53.23440017700195,52.92399978637695,56.177999877929686,56.41559982299805,56.61159973144531,56.82779960632324,57.29999961853027,60.21109943389892,60.58619937896729,60.88419933319092,61.14999923706055,61.5625991821289,62.59166603088378,63.00759951273599,63.320066197713224,63.50393295288086,63.82279968261719,65.17806644439698,65.32853310902914,65.44316641489665,65.54546635945638,65.64426638285319,81632300.0,87496500.0,89146900.0,91027200.0,85002500.0,78082800.0,76285350.0,71995100.0,65413750.0,57847550.0,55211650.0,54025900.0,51537375.0,48008925.0,44106175.0,45036983.33333334,44298250.0,43206500.0,40556250.0,37908366.66666666,36979100.0,36484108.333333336,35952966.666666664,35181158.333333336,33905700.0,0
2018-04-11,60.14799880981445,61.79600143432617,59.93199920654297,60.18600082397461,37414500,0,60.01240005493164,56.623400115966795,59.39389972686767,61.906466039021815,64.94959977467855,61363900.0,76195550.0,56272375.0,46592866.66666666,37562608.333333336,60.93999862670898,57.93199920654297,59.86000061035156,61.14400100708008,57.38800048828125,59.45279998779297,57.966000366210935,56.47880020141603,55.1520004272461,53.23440017700195,56.18839988708496,56.177999877929686,56.41559982299805,56.61159973144531,56.82779960632324,59.80299949645996,60.21109943389892,60.58619937896729,60.88419933319092,61.14999923706055,62.24019927978516,62.59166603088378,63.00759951273599,63.320066197713224,63.50393295288086,65.06723314921061,65.17806644439698,65.32853310902914,65.44316641489665,65.54546635945638,73777700.0,81632300.0,87496500.0,89146900.0,91027200.0,79390100.0,78082800.0,76285350.0,71995100.0,65413750.0,55893100.0,55211650.0,54025900.0,51537375.0,48008925.0,46145283.33333334,45036983.33333334,44298250.0,43206500.0,40556250.0,37341125.0,36979100.0,36484108.333333336,35952966.666666664,35181158.333333336,1
2018-04-12,60.4640007019043,60.790000915527344,58.736000061035156,58.816001892089844,38044000,1,59.5468002319336,57.34940032958984,59.06840000152588,61.57993278503418,64.79633312225342,49851600.0,69499250.0,56182725.0,46849383.33333334,37657150.0,60.18600082397461,60.93999862670898,57.93199920654297,59.86000061035156,61.14400100708008,60.01240005493164,59.45279998779297,57.966000366210935,56.47880020141603,55.1520004272461,56.623400115966795,56.18839988708496,56.177999877929686,56.41559982299805,56.61159973144531,59.39389972686767,59.80299949645996,60.21109943389892,60.58619937896729,60.88419933319092,61.906466039021815,62.24019927978516,62.59166603088378,63.00759951273599,63.320066197713224,64.94959977467855,65.06723314921061,65.17806644439698,65.32853310902914,65.44316641489665,61363900.0,73777700.0,81632300.0,87496500.0,89146900.0,76195550.0,79390100.0,78082800.0,76285350.0,71995100.0,56272375.0,55893100.0,55211650.0,54025900.0,51537375.0,46592866.66666666,46145283.33333334,45036983.33333334,44298250.0,43206500.0,37562608.333333336,37341125.0,36979100.0,36484108.333333336,35952966.666666664,1
2018-04-13,60.72000122070313,60.790000915527344,59.19599914550781,60.06800079345703,36636000,0,59.588400268554686,58.03360023498535,58.81579990386963,61.375999577840176,64.64026648203532,43658500.0,65577500.0,56373325.0,46922983.33333334,37675791.66666666,58.816001892089844,60.18600082397461,60.93999862670898,57.93199920654297,59.86000061035156,59.5468002319336,60.01240005493164,59.45279998779297,57.966000366210935,56.47880020141603,57.34940032958984,56.623400115966795,56.18839988708496,56.177999877929686,56.41559982299805,59.06840000152588,59.39389972686767,59.80299949645996,60.21109943389892,60.58619937896729,61.57993278503418,61.906466039021815,62.24019927978516,62.59166603088378,63.00759951273599,64.79633312225342,64.94959977467855,65.06723314921061,65.17806644439698,65.32853310902914,49851600.0,61363900.0,73777700.0,81632300.0,87496500.0,69499250.0,76195550.0,79390100.0,78082800.0,76285350.0,56182725.0,56272375.0,55893100.0,55211650.0,54025900.0,46849383.33333334,46592866.66666666,46145283.33333334,45036983.33333334,44298250.0,37657150.0,37562608.333333336,37341125.0,36979100.0,36484108.333333336,0
2018-04-16,59.79999923706055,59.93199920654297,57.80199813842773,58.24200057983398,31692500,0,59.65040054321289,58.80820045471192,58.51440010070801,61.08326619466146,64.46239980061847,39747200.0,60689750.0,56428625.0,47130600.0,37730183.333333336,60.06800079345703,58.816001892089844,60.18600082397461,60.93999862670898,57.93199920654297,59.588400268554686,59.5468002319336,60.01240005493164,59.45279998779297,57.966000366210935,58.03360023498535,57.34940032958984,56.623400115966795,56.18839988708496,56.177999877929686,58.81579990386963,59.06840000152588,59.39389972686767,59.80299949645996,60.21109943389892,61.375999577840176,61.57993278503418,61.906466039021815,62.24019927978516,62.59166603088378,64.64026648203532,64.79633312225342,64.94959977467855,65.06723314921061,65.17806644439698,43658500.0,49851600.0,61363900.0,73777700.0,81632300.0,65577500.0,69499250.0,76195550.0,79390100.0,78082800.0,56373325.0,56182725.0,56272375.0,55893100.0,55211650.0,46922983.33333334,46849383.33333334,46592866.66666666,46145283.33333334,45036983.33333334,37675791.66666666,37657150.0,37562608.333333336,37341125.0,36979100.0,1
2018-04-17,57.77399826049805,58.433998107910156,56.50199890136719,57.53799819946289,35000000,1,58.97000045776368,59.21140022277832,58.25569992065429,60.77886619567871,64.25463314056397,35757400.0,54767550.0,56307550.0,47659966.66666666,37906158.333333336,58.24200057983398,60.06800079345703,58.816001892089844,60.18600082397461,60.93999862670898,59.65040054321289,59.588400268554686,59.5468002319336,60.01240005493164,59.45279998779297,58.80820045471192,58.03360023498535,57.34940032958984,56.623400115966795,56.18839988708496,58.51440010070801,58.81579990386963,59.06840000152588,59.39389972686767,59.80299949645996,61.08326619466146,61.375999577840176,61.57993278503418,61.906466039021815,62.24019927978516,64.46239980061847,64.64026648203532,64.79633312225342,64.94959977467855,65.06723314921061,39747200.0,43658500.0,49851600.0,61363900.0,73777700.0,60689750.0,65577500.0,69499250.0,76195550.0,79390100.0,56428625.0,56373325.0,56182725.0,56272375.0,55893100.0,47130600.0,46922983.33333334,46849383.33333334,46592866.66666666,46145283.33333334,37730183.333333336,37675791.66666666,37657150.0,37562608.333333336,37341125.0,0
2018-04-18,58.21599960327149,60.04800033569336,57.63199996948242,58.66999816894531,32788500,1,58.66679992675781,59.339599990844725,58.08369979858399,60.54653282165528,64.0605998357137,34832200.0,48098050.0,56755900.0,48038633.33333334,37935100.0,57.53799819946289,58.24200057983398,60.06800079345703,58.816001892089844,60.18600082397461,58.97000045776368,59.65040054321289,59.588400268554686,59.5468002319336,60.01240005493164,59.21140022277832,58.80820045471192,58.03360023498535,57.34940032958984,56.623400115966795,58.25569992065429,58.51440010070801,58.81579990386963,59.06840000152588,59.39389972686767,60.77886619567871,61.08326619466146,61.375999577840176,61.57993278503418,61.906466039021815,64.25463314056397,64.46239980061847,64.64026648203532,64.79633312225342,64.94959977467855,35757400.0,39747200.0,43658500.0,49851600.0,61363900.0,54767550.0,60689750.0,65577500.0,69499250.0,76195550.0,56307550.0,56428625.0,56373325.0,56182725.0,56272375.0,47659966.66666666,47130600.0,46922983.33333334,46849383.33333334,46592866.66666666,37906158.333333336,37730183.333333336,37675791.66666666,37657150.0,37562608.333333336,1
2018-04-19,58.21599960327149,60.20199966430664,57.709999084472656,60.01599884033203,30453000,0,58.90679931640625,59.22679977416992,57.919199752807614,60.331732813517256,63.884899838765456,33314000.0,41582800.0,56788950.0,48219183.33333334,37987200.0,58.66999816894531,57.53799819946289,58.24200057983398,60.06800079345703,58.816001892089844,58.66679992675781,58.97000045776368,59.65040054321289,59.588400268554686,59.5468002319336,59.339599990844725,59.21140022277832,58.80820045471192,58.03360023498535,57.34940032958984,58.08369979858399,58.25569992065429,58.51440010070801,58.81579990386963,59.06840000152588,60.54653282165528,60.77886619567871,61.08326619466146,61.375999577840176,61.57993278503418,64.0605998357137,64.25463314056397,64.46239980061847,64.64026648203532,64.79633312225342,34832200.0,35757400.0,39747200.0,43658500.0,49851600.0,48098050.0,54767550.0,60689750.0,65577500.0,69499250.0,56755900.0,56307550.0,56428625.0,56373325.0,56182725.0,48038633.33333334,47659966.66666666,47130600.0,46922983.33333334,46849383.33333334,37935100.0,37906158.333333336,37730183.333333336,37675791.66666666,37657150.0,1
2018-04-20,59.03400039672852,59.99599838256836,57.95000076293945,58.04800033569336,28139500,0,58.502799224853526,59.0455997467041,57.73059978485107,60.07266616821289,63.699399820963535,31614700.0,37636600.0,56960975.0,48562800.0,38015566.66666666,60.01599884033203,58.66999816894531,57.53799819946289,58.24200057983398,60.06800079345703,58.90679931640625,58.66679992675781,58.97000045776368,59.65040054321289,59.588400268554686,59.22679977416992,59.339599990844725,59.21140022277832,58.80820045471192,58.03360023498535,57.919199752807614,58.08369979858399,58.25569992065429,58.51440010070801,58.81579990386963,60.331732813517256,60.54653282165528,60.77886619567871,61.08326619466146,61.375999577840176,63.884899838765456,64.0605998357137,64.25463314056397,64.46239980061847,64.64026648203532,33314000.0,34832200.0,35757400.0,39747200.0,43658500.0,41582800.0,48098050.0,54767550.0,60689750.0,65577500.0,56788950.0,56755900.0,56307550.0,56428625.0,56373325.0,48219183.33333334,48038633.33333334,47659966.66666666,47130600.0,46922983.33333334,37987200.0,37935100.0,37906158.333333336,37730183.333333336,37675791.66666666,1
2018-04-23,58.25799942016602,58.32400131225586,56.46599960327149,56.67399978637695,24467000,1,58.18919906616211,58.9197998046875,57.548899841308604,59.78066622416178,63.51849981943768,30169600.0,34958400.0,56520600.0,48460566.66666666,37861658.333333336,58.04800033569336,60.01599884033203,58.66999816894531,57.53799819946289,58.24200057983398,58.502799224853526,58.90679931640625,58.66679992675781,58.97000045776368,59.65040054321289,59.0455997467041,59.22679977416992,59.339599990844725,59.21140022277832,58.80820045471192,57.73059978485107,57.919199752807614,58.08369979858399,58.25569992065429,58.51440010070801,60.07266616821289,60.331732813517256,60.54653282165528,60.77886619567871,61.08326619466146,63.699399820963535,63.884899838765456,64.0605998357137,64.25463314056397,64.46239980061847,31614700.0,33314000.0,34832200.0,35757400.0,39747200.0,37636600.0,41582800.0,48098050.0,54767550.0,60689750.0,56960975.0,56788950.0,56755900.0,56307550.0,56428625.0,48562800.0,48219183.33333334,48038633.33333334,47659966.66666666,47130600.0,38015566.66666666,37987200.0,37935100.0,37906158.333333336,37730183.333333336,1
2018-04-24,57.0,57.41799926757813,55.69200134277344,56.69200134277344,28426500,0,58.01999969482422,58.495000076293955,57.34169998168945,59.36699968973796,63.320533180236815,28854900.0,32306150.0,55848125.0,48030783.33333334,37957150.0,56.67399978637695,58.04800033569336,60.01599884033203,58.66999816894531,57.53799819946289,58.18919906616211,58.502799224853526,58.90679931640625,58.66679992675781,58.97000045776368,58.9197998046875,59.0455997467041,59.22679977416992,59.339599990844725,59.21140022277832,57.548899841308604,57.73059978485107,57.919199752807614,58.08369979858399,58.25569992065429,59.78066622416178,60.07266616821289,60.331732813517256,60.54653282165528,60.77886619567871,63.51849981943768,63.699399820963535,63.884899838765456,64.0605998357137,64.25463314056397,30169600.0,31614700.0,33314000.0,34832200.0,35757400.0,34958400.0,37636600.0,41582800.0,48098050.0,54767550.0,56520600.0,56960975.0,56788950.0,56755900.0,56307550.0,48460566.66666666,48562800.0,48219183.33333334,48038633.33333334,47659966.66666666,37861658.333333336,38015566.66666666,37987200.0,37935100.0,37906158.333333336,0
2018-04-25,56.70000076293945,57.03200149536133,55.45000076293945,56.13800048828125,20068000,1,57.513600158691396,58.09020004272461,57.3568000793457,58.95933316548666,63.0910665512085,26310800.0,30571500.0,53383525.0,47705416.66666666,37896025.0,56.69200134277344,56.67399978637695,58.04800033569336,60.01599884033203,58.66999816894531,58.01999969482422,58.18919906616211,58.502799224853526,58.90679931640625,58.66679992675781,58.495000076293955,58.9197998046875,59.0455997467041,59.22679977416992,59.339599990844725,57.34169998168945,57.548899841308604,57.73059978485107,57.919199752807614,58.08369979858399,59.36699968973796,59.78066622416178,60.07266616821289,60.331732813517256,60.54653282165528,63.320533180236815,63.51849981943768,63.699399820963535,63.884899838765456,64.0605998357137,28854900.0,30169600.0,31614700.0,33314000.0,34832200.0,32306150.0,34958400.0,37636600.0,41582800.0,48098050.0,55848125.0,56520600.0,56960975.0,56788950.0,56755900.0,48030783.33333334,48460566.66666666,48562800.0,48219183.33333334,48038633.33333334,37957150.0,37861658.333333336,38015566.66666666,37987200.0,37935100.0,0
2018-04-26,55.75,57.15800094604492,55.29999923706055,57.09600067138672,21780000,1,56.92960052490234,57.918199920654295,57.63380012512207,58.68499997456868,62.88993320465088,24576200.0,28945100.0,49222175.0,47103516.66666666,37865883.333333336,56.13800048828125,56.69200134277344,56.67399978637695,58.04800033569336,60.01599884033203,57.513600158691396,58.01999969482422,58.18919906616211,58.502799224853526,58.90679931640625,58.09020004272461,58.495000076293955,58.9197998046875,59.0455997467041,59.22679977416992,57.3568000793457,57.34169998168945,57.548899841308604,57.73059978485107,57.919199752807614,58.95933316548666,59.36699968973796,59.78066622416178,60.07266616821289,60.331732813517256,63.0910665512085,63.320533180236815,63.51849981943768,63.699399820963535,63.884899838765456,26310800.0,28854900.0,30169600.0,31614700.0,33314000.0,30571500.0,32306150.0,34958400.0,37636600.0,41582800.0,53383525.0,55848125.0,56520600.0,56960975.0,56788950.0,47705416.66666666,48030783.33333334,48460566.66666666,48562800.0,48219183.33333334,37896025.0,37957150.0,37861658.333333336,38015566.66666666,37987200.0,1
2018-04-27,57.07400131225586,58.89400100708008,56.76599884033203,58.816001892089844,21823000,0,57.08320083618164,57.793000030517575,57.913300132751466,58.47486661275229,62.68916657765706,23312900.0,27463800.0,46520650.0,46736816.66666666,37711758.333333336,57.09600067138672,56.13800048828125,56.69200134277344,56.67399978637695,58.04800033569336,56.92960052490234,57.513600158691396,58.01999969482422,58.18919906616211,58.502799224853526,57.918199920654295,58.09020004272461,58.495000076293955,58.9197998046875,59.0455997467041,57.63380012512207,57.3568000793457,57.34169998168945,57.548899841308604,57.73059978485107,58.68499997456868,58.95933316548666,59.36699968973796,59.78066622416178,60.07266616821289,62.88993320465088,63.0910665512085,63.320533180236815,63.51849981943768,63.699399820963535,24576200.0,26310800.0,28854900.0,30169600.0,31614700.0,28945100.0,30571500.0,32306150.0,34958400.0,37636600.0,49222175.0,53383525.0,55848125.0,56520600.0,56960975.0,47103516.66666666,47705416.66666666,48030783.33333334,48460566.66666666,48562800.0,37865883.333333336,37896025.0,37957150.0,37861658.333333336,38015566.66666666,0
2018-04-30,58.72200012207031,59.74599838256836,58.5,58.77999877929688,21141000,1,57.50440063476562,57.84679985046387,58.32750015258789,58.29186668395996,62.50466658274333,22647700.0,26408650.0,43549200.0,46421966.66666666,37714300.0,58.816001892089844,57.09600067138672,56.13800048828125,56.69200134277344,56.67399978637695,57.08320083618164,56.92960052490234,57.513600158691396,58.01999969482422,58.18919906616211,57.793000030517575,57.918199920654295,58.09020004272461,58.495000076293955,58.9197998046875,57.913300132751466,57.63380012512207,57.3568000793457,57.34169998168945,57.548899841308604,58.47486661275229,58.68499997456868,58.95933316548666,59.36699968973796,59.78066622416178,62.68916657765706,62.88993320465088,63.0910665512085,63.320533180236815,63.51849981943768,23312900.0,24576200.0,26310800.0,28854900.0,30169600.0,27463800.0,28945100.0,30571500.0,32306150.0,34958400.0,46520650.0,49222175.0,53383525.0,55848125.0,56520600.0,46736816.66666666,47103516.66666666,47705416.66666666,48030783.33333334,48460566.66666666,37711758.333333336,37865883.333333336,37896025.0,37957150.0,37861658.333333336,1
2018-05-01,58.70199966430664,60.16400146484375,58.64400100708008,59.98400115966797,23128000,1,58.16280059814453,58.09140014648438,58.65140018463135,58.200933329264316,62.358566602071136,21588000.0,25221450.0,39994500.0,45945516.66666666,37791033.333333336,58.77999877929688,58.816001892089844,57.09600067138672,56.13800048828125,56.69200134277344,57.50440063476562,57.08320083618164,56.92960052490234,57.513600158691396,58.01999969482422,57.84679985046387,57.793000030517575,57.918199920654295,58.09020004272461,58.495000076293955,58.32750015258789,57.913300132751466,57.63380012512207,57.3568000793457,57.34169998168945,58.29186668395996,58.47486661275229,58.68499997456868,58.95933316548666,59.36699968973796,62.50466658274333,62.68916657765706,62.88993320465088,63.0910665512085,63.320533180236815,22647700.0,23312900.0,24576200.0,26310800.0,28854900.0,26408650.0,27463800.0,28945100.0,30571500.0,32306150.0,43549200.0,46520650.0,49222175.0,53383525.0,55848125.0,46421966.66666666,46736816.66666666,47103516.66666666,47705416.66666666,48030783.33333334,37714300.0,37711758.333333336,37865883.333333336,37896025.0,37957150.0,1
2018-05-02,59.7140007019043,61.36999893188477,59.55599975585938,60.22999954223633,44852000,0,58.98120040893555,58.24740028381348,58.793500137329104,58.13826662699382,62.25196660359701,26544800.0,26427800.0,37262925.0,46646533.33333334,38166558.333333336,59.98400115966797,58.77999877929688,58.816001892089844,57.09600067138672,56.13800048828125,58.16280059814453,57.50440063476562,57.08320083618164,56.92960052490234,57.513600158691396,58.09140014648438,57.84679985046387,57.793000030517575,57.918199920654295,58.09020004272461,58.65140018463135,58.32750015258789,57.913300132751466,57.63380012512207,57.3568000793457,58.200933329264316,58.29186668395996,58.47486661275229,58.68499997456868,58.95933316548666,62.358566602071136,62.50466658274333,62.68916657765706,62.88993320465088,63.0910665512085,21588000.0,22647700.0,23312900.0,24576200.0,26310800.0,25221450.0,26408650.0,27463800.0,28945100.0,30571500.0,39994500.0,43549200.0,46520650.0,49222175.0,53383525.0,45945516.66666666,46421966.66666666,46736816.66666666,47103516.66666666,47705416.66666666,37791033.333333336,37714300.0,37711758.333333336,37865883.333333336,37896025.0,1
2018-05-03,55.75799942016602,57.60800170898438,55.04600143432617,56.88999938964844,86760500,1,58.94000015258789,57.93480033874512,58.58080005645752,57.92439994812012,62.08689994812012,39540900.0,32058550.0,36820675.0,48545483.33333334,39188533.333333336,60.22999954223633,59.98400115966797,58.77999877929688,58.816001892089844,57.09600067138672,58.98120040893555,58.16280059814453,57.50440063476562,57.08320083618164,56.92960052490234,58.24740028381348,58.09140014648438,57.84679985046387,57.793000030517575,57.918199920654295,58.793500137329104,58.65140018463135,58.32750015258789,57.913300132751466,57.63380012512207,58.13826662699382,58.200933329264316,58.29186668395996,58.47486661275229,58.68499997456868,62.25196660359701,62.358566602071136,62.50466658274333,62.68916657765706,62.88993320465088,26544800.0,21588000.0,22647700.0,23312900.0,24576200.0,26427800.0,25221450.0,26408650.0,27463800.0,28945100.0,37262925.0,39994500.0,43549200.0,46520650.0,49222175.0,46646533.33333334,45945516.66666666,46421966.66666666,46736816.66666666,47103516.66666666,38166558.333333336,37791033.333333336,37714300.0,37711758.333333336,37865883.333333336,1
2018-05-04,56.599998474121094,59.37200164794922,55.90399932861328,58.81800079345703,42847000,1,58.940399932861325,58.01180038452149,58.528700065612796,57.824333318074544,61.917199961344394,43745700.0,33529300.0,35582950.0,49150416.66666666,39321883.333333336,56.88999938964844,60.22999954223633,59.98400115966797,58.77999877929688,58.816001892089844,58.94000015258789,58.98120040893555,58.16280059814453,57.50440063476562,57.08320083618164,57.93480033874512,58.24740028381348,58.09140014648438,57.84679985046387,57.793000030517575,58.58080005645752,58.793500137329104,58.65140018463135,58.32750015258789,57.913300132751466,57.92439994812012,58.13826662699382,58.200933329264316,58.29186668395996,58.47486661275229,62.08689994812012,62.25196660359701,62.358566602071136,62.50466658274333,62.68916657765706,39540900.0,26544800.0,21588000.0,22647700.0,23312900.0,32058550.0,26427800.0,25221450.0,26408650.0,27463800.0,36820675.0,37262925.0,39994500.0,43549200.0,46520650.0,48545483.33333334,46646533.33333334,45945516.66666666,46421966.66666666,46736816.66666666,39188533.333333336,38166558.333333336,37791033.333333336,37714300.0,37711758.333333336,1
2018-05-07,59.5,61.19200134277344,59.03400039672852,60.55400085449219,43391000,0,59.29520034790039,58.39980049133301,58.659800148010255,57.83253339131673,61.87566661834717,48195700.0,35421700.0,35190050.0,49487633.33333334,39185516.66666666,58.81800079345703,56.88999938964844,60.22999954223633,59.98400115966797,58.77999877929688,58.940399932861325,58.94000015258789,58.98120040893555,58.16280059814453,57.50440063476562,58.01180038452149,57.93480033874512,58.24740028381348,58.09140014648438,57.84679985046387,58.528700065612796,58.58080005645752,58.793500137329104,58.65140018463135,58.32750015258789,57.824333318074544,57.92439994812012,58.13826662699382,58.200933329264316,58.29186668395996,61.917199961344394,62.08689994812012,62.25196660359701,62.358566602071136,62.50466658274333,43745700.0,39540900.0,26544800.0,21588000.0,22647700.0,33529300.0,32058550.0,26427800.0,25221450.0,26408650.0,35582950.0,36820675.0,37262925.0,39994500.0,43549200.0,49150416.66666666,48545483.33333334,46646533.33333334,45945516.66666666,46421966.66666666,39321883.333333336,39188533.333333336,38166558.333333336,37791033.333333336,37714300.0,1
2018-05-08,60.15999984741211,61.54999923706055,59.79999923706055,60.39400100708008,29650000,1,59.37720031738282,58.77000045776367,58.63250026702881,57.81780014038086,61.84749997456869,49500100.0,35544050.0,33925100.0,49080100.0,38601875.0,60.55400085449219,58.81800079345703,56.88999938964844,60.22999954223633,59.98400115966797,59.29520034790039,58.940399932861325,58.94000015258789,58.98120040893555,58.16280059814453,58.39980049133301,58.01180038452149,57.93480033874512,58.24740028381348,58.09140014648438,58.659800148010255,58.528700065612796,58.58080005645752,58.793500137329104,58.65140018463135,57.83253339131673,57.824333318074544,57.92439994812012,58.13826662699382,58.200933329264316,61.87566661834717,61.917199961344394,62.08689994812012,62.25196660359701,62.358566602071136,48195700.0,43745700.0,39540900.0,26544800.0,21588000.0,35421700.0,33529300.0,32058550.0,26427800.0,25221450.0,35190050.0,35582950.0,36820675.0,37262925.0,39994500.0,49487633.33333334,49150416.66666666,48545483.33333334,46646533.33333334,45945516.66666666,39185516.66666666,39321883.333333336,39188533.333333336,38166558.333333336,37791033.333333336,1
2018-05-09,60.08200073242188,61.4020004272461,60.0099983215332,61.36999893188477,28637000,0,59.6052001953125,59.29320030212402,58.69170017242432,58.002266820271814,61.817899958292635,46257100.0,36400950.0,33486225.0,47722666.66666666,38560175.0,60.39400100708008,60.55400085449219,58.81800079345703,56.88999938964844,60.22999954223633,59.37720031738282,59.29520034790039,58.940399932861325,58.94000015258789,58.98120040893555,58.77000045776367,58.39980049133301,58.01180038452149,57.93480033874512,58.24740028381348,58.63250026702881,58.659800148010255,58.528700065612796,58.58080005645752,58.793500137329104,57.81780014038086,57.83253339131673,57.824333318074544,57.92439994812012,58.13826662699382,61.84749997456869,61.87566661834717,61.917199961344394,62.08689994812012,62.25196660359701,49500100.0,48195700.0,43745700.0,39540900.0,26544800.0,35544050.0,35421700.0,33529300.0,32058550.0,26427800.0,33925100.0,35190050.0,35582950.0,36820675.0,37262925.0,49080100.0,49487633.33333334,49150416.66666666,48545483.33333334,46646533.33333334,38601875.0,39185516.66666666,39321883.333333336,39188533.333333336,38166558.333333336,1
2018-05-10,61.5,62.597999572753906,60.821998596191406,61.00400161743164,28258000,0,60.42800064086914,59.68400039672851,58.801100158691405,58.31720021565755,61.75576661427815,34556600.0,37048750.0,32996925.0,45164366.66666666,38651125.0,61.36999893188477,60.39400100708008,60.55400085449219,58.81800079345703,56.88999938964844,59.6052001953125,59.37720031738282,59.29520034790039,58.940399932861325,58.94000015258789,59.29320030212402,58.77000045776367,58.39980049133301,58.01180038452149,57.93480033874512,58.69170017242432,58.63250026702881,58.659800148010255,58.528700065612796,58.58080005645752,58.002266820271814,57.81780014038086,57.83253339131673,57.824333318074544,57.92439994812012,61.817899958292635,61.84749997456869,61.87566661834717,61.917199961344394,62.08689994812012,46257100.0,49500100.0,48195700.0,43745700.0,39540900.0,36400950.0,35544050.0,35421700.0,33529300.0,32058550.0,33486225.0,33925100.0,35190050.0,35582950.0,36820675.0,47722666.66666666,49080100.0,49487633.33333334,49150416.66666666,48545483.33333334,38560175.0,38601875.0,39185516.66666666,39321883.333333336,39188533.333333336,1
2018-05-11,61.540000915527344,61.7760009765625,59.816001892089844,60.21200180053711,23398000,0,60.706800842285155,59.82360038757325,58.80830020904541,58.55006688435872,61.6849333445231,30666800.0,37206250.0,32335025.0,43415850.0,38711866.66666666,61.00400161743164,61.36999893188477,60.39400100708008,60.55400085449219,58.81800079345703,60.42800064086914,59.6052001953125,59.37720031738282,59.29520034790039,58.940399932861325,59.68400039672851,59.29320030212402,58.77000045776367,58.39980049133301,58.01180038452149,58.801100158691405,58.69170017242432,58.63250026702881,58.659800148010255,58.528700065612796,58.31720021565755,58.002266820271814,57.81780014038086,57.83253339131673,57.824333318074544,61.75576661427815,61.817899958292635,61.84749997456869,61.87566661834717,61.917199961344394,34556600.0,46257100.0,49500100.0,48195700.0,43745700.0,37048750.0,36400950.0,35544050.0,35421700.0,33529300.0,32996925.0,33486225.0,33925100.0,35190050.0,35582950.0,45164366.66666666,47722666.66666666,49080100.0,49487633.33333334,49150416.66666666,38651125.0,38560175.0,38601875.0,39185516.66666666,39321883.333333336,1
2018-05-14,60.66400146484375,60.987998962402344,58.32400131225586,58.39400100708008,36434000,0,60.27480087280274,59.78500061035156,58.81590023040771,58.81333363850912,61.54459997812907,29275400.0,38735550.0,32572100.0,41944650.0,38826358.333333336,60.21200180053711,61.00400161743164,61.36999893188477,60.39400100708008,60.55400085449219,60.706800842285155,60.42800064086914,59.6052001953125,59.37720031738282,59.29520034790039,59.82360038757325,59.68400039672851,59.29320030212402,58.77000045776367,58.39980049133301,58.80830020904541,58.801100158691405,58.69170017242432,58.63250026702881,58.659800148010255,58.55006688435872,58.31720021565755,58.002266820271814,57.81780014038086,57.83253339131673,61.6849333445231,61.75576661427815,61.817899958292635,61.84749997456869,61.87566661834717,30666800.0,34556600.0,46257100.0,49500100.0,48195700.0,37206250.0,37048750.0,36400950.0,35544050.0,35421700.0,32335025.0,32996925.0,33486225.0,33925100.0,35190050.0,43415850.0,45164366.66666666,47722666.66666666,49080100.0,49487633.33333334,38711866.66666666,38651125.0,38560175.0,38601875.0,39185516.66666666,1
2018-05-15,57.00199890136719,57.39199829101562,56.099998474121094,56.83599853515625,47596000,1,59.56320037841797,59.47020034790039,58.78080024719238,58.9243335723877,61.37356662750244,32864600.0,41182350.0,33201900.0,40390450.0,39149408.333333336,58.39400100708008,60.21200180053711,61.00400161743164,61.36999893188477,60.39400100708008,60.27480087280274,60.706800842285155,60.42800064086914,59.6052001953125,59.37720031738282,59.78500061035156,59.82360038757325,59.68400039672851,59.29320030212402,58.77000045776367,58.81590023040771,58.80830020904541,58.801100158691405,58.69170017242432,58.63250026702881,58.81333363850912,58.55006688435872,58.31720021565755,58.002266820271814,57.81780014038086,61.54459997812907,61.6849333445231,61.75576661427815,61.817899958292635,61.84749997456869,29275400.0,30666800.0,34556600.0,46257100.0,49500100.0,38735550.0,37206250.0,37048750.0,36400950.0,35544050.0,32572100.0,32335025.0,32996925.0,33486225.0,33925100.0,41944650.0,43415850.0,45164366.66666666,47722666.66666666,49080100.0,38826358.333333336,38711866.66666666,38651125.0,38560175.0,38601875.0,1
2018-05-16,56.76599884033203,57.762001037597656,56.3120002746582,57.29600143432617,28370000,0,58.74840087890625,59.176800537109365,58.712100410461424,58.92126693725586,61.21259994506836,32811200.0,39534150.0,32980975.0,38020000.0,39288125.0,56.83599853515625,58.39400100708008,60.21200180053711,61.00400161743164,61.36999893188477,59.56320037841797,60.27480087280274,60.706800842285155,60.42800064086914,59.6052001953125,59.47020034790039,59.78500061035156,59.82360038757325,59.68400039672851,59.29320030212402,58.78080024719238,58.81590023040771,58.80830020904541,58.801100158691405,58.69170017242432,58.9243335723877,58.81333363850912,58.55006688435872,58.31720021565755,58.002266820271814,61.37356662750244,61.54459997812907,61.6849333445231,61.75576661427815,61.817899958292635,32864600.0,29275400.0,30666800.0,34556600.0,46257100.0,41182350.0,38735550.0,37206250.0,37048750.0,36400950.0,33201900.0,32572100.0,32335025.0,32996925.0,33486225.0,40390450.0,41944650.0,43415850.0,45164366.66666666,47722666.66666666,39149408.333333336,38826358.333333336,38711866.66666666,38651125.0,38560175.0,1
2018-05-17,57.18000030517578,57.8380012512207,56.79399871826172,56.90800094604492,22103000,0,57.92920074462891,59.17860069274902,58.55670051574707,58.780066935221356,61.05006656646729,31580200.0,33068400.0,32563475.0,35569916.666666664,39388208.333333336,57.29600143432617,56.83599853515625,58.39400100708008,60.21200180053711,61.00400161743164,58.74840087890625,59.56320037841797,60.27480087280274,60.706800842285155,60.42800064086914,59.176800537109365,59.47020034790039,59.78500061035156,59.82360038757325,59.68400039672851,58.712100410461424,58.78080024719238,58.81590023040771,58.80830020904541,58.801100158691405,58.92126693725586,58.9243335723877,58.81333363850912,58.55006688435872,58.31720021565755,61.21259994506836,61.37356662750244,61.54459997812907,61.6849333445231,61.75576661427815,32811200.0,32864600.0,29275400.0,30666800.0,34556600.0,39534150.0,41182350.0,38735550.0,37206250.0,37048750.0,32980975.0,33201900.0,32572100.0,32335025.0,32996925.0,38020000.0,40390450.0,41944650.0,43415850.0,45164366.66666666,39288125.0,39149408.333333336,38826358.333333336,38711866.66666666,38651125.0,1
2018-05-18,56.93000030517578,56.93000030517578,54.79999923706055,55.36399841308594,36259500,1,56.95960006713867,58.83320045471192,58.422500419616696,58.6302001953125,60.818899854024245,34152500.0,32409650.0,32969475.0,34525183.333333336,39411716.66666666,56.90800094604492,57.29600143432617,56.83599853515625,58.39400100708008,60.21200180053711,57.92920074462891,58.74840087890625,59.56320037841797,60.27480087280274,60.706800842285155,59.17860069274902,59.176800537109365,59.47020034790039,59.78500061035156,59.82360038757325,58.55670051574707,58.712100410461424,58.78080024719238,58.81590023040771,58.80830020904541,58.780066935221356,58.92126693725586,58.9243335723877,58.81333363850912,58.55006688435872,61.05006656646729,61.21259994506836,61.37356662750244,61.54459997812907,61.6849333445231,31580200.0,32811200.0,32864600.0,29275400.0,30666800.0,33068400.0,39534150.0,41182350.0,38735550.0,37206250.0,32563475.0,32980975.0,33201900.0,32572100.0,32335025.0,35569916.666666664,38020000.0,40390450.0,41944650.0,43415850.0,39388208.333333336,39288125.0,39149408.333333336,38826358.333333336,38711866.66666666,1
2018-05-21,56.26599884033203,58.29800033569336,56.2599983215332,56.89799880981445,45913000,0,56.66039962768555,58.46760025024414,58.43370037078857,58.59573351542154,60.59369977315268,36048300.0,32661850.0,34041775.0,34347316.666666664,39692150.0,55.36399841308594,56.90800094604492,57.29600143432617,56.83599853515625,58.39400100708008,56.95960006713867,57.92920074462891,58.74840087890625,59.56320037841797,60.27480087280274,58.83320045471192,59.17860069274902,59.176800537109365,59.47020034790039,59.78500061035156,58.422500419616696,58.55670051574707,58.712100410461424,58.78080024719238,58.81590023040771,58.6302001953125,58.780066935221356,58.92126693725586,58.9243335723877,58.81333363850912,60.818899854024245,61.05006656646729,61.21259994506836,61.37356662750244,61.54459997812907,34152500.0,31580200.0,32811200.0,32864600.0,29275400.0,32409650.0,33068400.0,39534150.0,41182350.0,38735550.0,32969475.0,32563475.0,32980975.0,33201900.0,32572100.0,34525183.333333336,35569916.666666664,38020000.0,40390450.0,41944650.0,39411716.66666666,39388208.333333336,39288125.0,39149408.333333336,38826358.333333336,1
2018-05-22,57.55199813842773,57.599998474121094,54.683998107910156,55.00199890136719,44729000,1,56.29359970092774,57.92840003967285,58.34920024871826,58.3978001912435,60.318999735514325,35474900.0,34169750.0,34856900.0,34006650.0,40075966.66666666,56.89799880981445,55.36399841308594,56.90800094604492,57.29600143432617,56.83599853515625,56.66039962768555,56.95960006713867,57.92920074462891,58.74840087890625,59.56320037841797,58.46760025024414,58.83320045471192,59.17860069274902,59.176800537109365,59.47020034790039,58.43370037078857,58.422500419616696,58.55670051574707,58.712100410461424,58.78080024719238,58.59573351542154,58.6302001953125,58.780066935221356,58.92126693725586,58.9243335723877,60.59369977315268,60.818899854024245,61.05006656646729,61.21259994506836,61.37356662750244,36048300.0,34152500.0,31580200.0,32811200.0,32864600.0,32661850.0,32409650.0,33068400.0,39534150.0,41182350.0,34041775.0,32969475.0,32563475.0,32980975.0,33201900.0,34347316.666666664,34525183.333333336,35569916.666666664,38020000.0,40390450.0,39692150.0,39411716.66666666,39388208.333333336,39288125.0,39149408.333333336,1
2018-05-23,55.55199813842773,55.98199844360352,54.79999923706055,55.81399917602539,29925500,0,55.99719924926758,57.372800064086924,58.33300018310547,58.252066802978526,60.079266421000156,35786000.0,34298600.0,35349775.0,33757016.666666664,40174941.66666666,55.00199890136719,56.89799880981445,55.36399841308594,56.90800094604492,57.29600143432617,56.29359970092774,56.66039962768555,56.95960006713867,57.92920074462891,58.74840087890625,57.92840003967285,58.46760025024414,58.83320045471192,59.17860069274902,59.176800537109365,58.34920024871826,58.43370037078857,58.422500419616696,58.55670051574707,58.712100410461424,58.3978001912435,58.59573351542154,58.6302001953125,58.780066935221356,58.92126693725586,60.318999735514325,60.59369977315268,60.818899854024245,61.05006656646729,61.21259994506836,35474900.0,36048300.0,34152500.0,31580200.0,32811200.0,34169750.0,32661850.0,32409650.0,33068400.0,39534150.0,34856900.0,34041775.0,32969475.0,32563475.0,32980975.0,34006650.0,34347316.666666664,34525183.333333336,35569916.666666664,38020000.0,40075966.66666666,39692150.0,39411716.66666666,39388208.333333336,39288125.0,1
2018-05-24,55.68000030517578,56.22200012207031,54.97800064086914,55.56999969482422,20883500,1,55.72959899902344,56.82939987182617,58.25670013427735,58.14386672973633,59.86189975738525,35542100.0,33561150.0,35304950.0,33185000.0,40017191.66666666,55.81399917602539,55.00199890136719,56.89799880981445,55.36399841308594,56.90800094604492,55.99719924926758,56.29359970092774,56.66039962768555,56.95960006713867,57.92920074462891,57.372800064086924,57.92840003967285,58.46760025024414,58.83320045471192,59.17860069274902,58.33300018310547,58.34920024871826,58.43370037078857,58.422500419616696,58.55670051574707,58.252066802978526,58.3978001912435,58.59573351542154,58.6302001953125,58.780066935221356,60.079266421000156,60.318999735514325,60.59369977315268,60.818899854024245,61.05006656646729,35786000.0,35474900.0,36048300.0,34152500.0,31580200.0,34298600.0,34169750.0,32661850.0,32409650.0,33068400.0,35349775.0,34856900.0,34041775.0,32969475.0,32563475.0,33757016.666666664,34006650.0,34347316.666666664,34525183.333333336,35569916.666666664,40174941.66666666,40075966.66666666,39692150.0,39411716.66666666,39388208.333333336,1
2018-05-25,55.5260009765625,55.928001403808594,55.12200164794922,55.77000045776367,19375500,1,55.810799407958974,56.38519973754883,58.104400062561034,58.00060005187989,59.68829981486002,32165300.0,33158900.0,35182575.0,32609650.0,39766316.66666666,55.56999969482422,55.81399917602539,55.00199890136719,56.89799880981445,55.36399841308594,55.72959899902344,55.99719924926758,56.29359970092774,56.66039962768555,56.95960006713867,56.82939987182617,57.372800064086924,57.92840003967285,58.46760025024414,58.83320045471192,58.25670013427735,58.33300018310547,58.34920024871826,58.43370037078857,58.422500419616696,58.14386672973633,58.252066802978526,58.3978001912435,58.59573351542154,58.6302001953125,59.86189975738525,60.079266421000156,60.318999735514325,60.59369977315268,60.818899854024245,35542100.0,35786000.0,35474900.0,36048300.0,34152500.0,33561150.0,34298600.0,34169750.0,32661850.0,32409650.0,35304950.0,35349775.0,34856900.0,34041775.0,32969475.0,33185000.0,33757016.666666664,34006650.0,34347316.666666664,34525183.333333336,40017191.66666666,40174941.66666666,40075966.66666666,39692150.0,39411716.66666666,1
2018-05-29,55.70199966430664,57.29999923706055,55.22999954223633,56.75199890136719,28333000,1,55.78159942626953,56.220999526977536,58.00300006866455,57.950933329264316,59.51709976196289,28649300.0,32348800.0,35542175.0,32497666.66666667,39814133.333333336,55.77000045776367,55.56999969482422,55.81399917602539,55.00199890136719,56.89799880981445,55.810799407958974,55.72959899902344,55.99719924926758,56.29359970092774,56.66039962768555,56.38519973754883,56.82939987182617,57.372800064086924,57.92840003967285,58.46760025024414,58.104400062561034,58.25670013427735,58.33300018310547,58.34920024871826,58.43370037078857,58.00060005187989,58.14386672973633,58.252066802978526,58.3978001912435,58.59573351542154,59.68829981486002,59.86189975738525,60.079266421000156,60.318999735514325,60.59369977315268,32165300.0,35542100.0,35786000.0,35474900.0,36048300.0,33158900.0,33561150.0,34298600.0,34169750.0,32661850.0,35182575.0,35304950.0,35349775.0,34856900.0,34041775.0,32609650.0,33185000.0,33757016.666666664,34006650.0,34347316.666666664,39766316.66666666,40017191.66666666,40174941.66666666,40075966.66666666,39692150.0,1
2018-05-30,56.65800094604492,59.00199890136719,56.31999969482422,58.34400177001953,37448500,0,56.45,56.37179985046386,57.92100009918213,57.97780011494954,59.37833315531413,27193200.0,31334050.0,36258200.0,32579283.33333333,40119625.0,56.75199890136719,55.77000045776367,55.56999969482422,55.81399917602539,55.00199890136719,55.78159942626953,55.810799407958974,55.72959899902344,55.99719924926758,56.29359970092774,56.220999526977536,56.38519973754883,56.82939987182617,57.372800064086924,57.92840003967285,58.00300006866455,58.104400062561034,58.25670013427735,58.33300018310547,58.34920024871826,57.950933329264316,58.00060005187989,58.14386672973633,58.252066802978526,58.3978001912435,59.51709976196289,59.68829981486002,59.86189975738525,60.079266421000156,60.318999735514325,28649300.0,32165300.0,35542100.0,35786000.0,35474900.0,32348800.0,33158900.0,33561150.0,34298600.0,34169750.0,35542175.0,35182575.0,35304950.0,35349775.0,34856900.0,32497666.66666667,32609650.0,33185000.0,33757016.666666664,34006650.0,39814133.333333336,39766316.66666666,40017191.66666666,40174941.66666666,40075966.66666666,1
2018-05-31,57.44200134277344,58.07400131225586,56.58599853515625,56.94599914550781,29598500,1,56.676399993896474,56.33679962158203,57.7568000793457,57.92033348083496,59.233433151245116,27127800.0,31456900.0,35495525.0,32472950.0,40255791.66666666,58.34400177001953,56.75199890136719,55.77000045776367,55.56999969482422,55.81399917602539,56.45,55.78159942626953,55.810799407958974,55.72959899902344,55.99719924926758,56.37179985046386,56.220999526977536,56.38519973754883,56.82939987182617,57.372800064086924,57.92100009918213,58.00300006866455,58.104400062561034,58.25670013427735,58.33300018310547,57.97780011494954,57.950933329264316,58.00060005187989,58.14386672973633,58.252066802978526,59.37833315531413,59.51709976196289,59.68829981486002,59.86189975738525,60.079266421000156,27193200.0,28649300.0,32165300.0,35542100.0,35786000.0,31334050.0,32348800.0,33158900.0,33561150.0,34298600.0,36258200.0,35542175.0,35182575.0,35304950.0,35349775.0,32579283.33333333,32497666.66666667,32609650.0,33185000.0,33757016.666666664,40119625.0,39814133.333333336,39766316.66666666,40017191.66666666,40174941.66666666,1
2018-06-01,57.17200088500977,58.38999938964844,56.76800155639648,58.36399841308594,27122000,1,57.23519973754882,56.48239936828613,57.83050003051758,57.86526679992676,59.098499806722,28375500.0,31958800.0,32513600.0,32361916.66666667,40290550.0,56.94599914550781,58.34400177001953,56.75199890136719,55.77000045776367,55.56999969482422,56.676399993896474,56.45,55.78159942626953,55.810799407958974,55.72959899902344,56.33679962158203,56.37179985046386,56.220999526977536,56.38519973754883,56.82939987182617,57.7568000793457,57.92100009918213,58.00300006866455,58.104400062561034,58.25670013427735,57.92033348083496,57.97780011494954,57.950933329264316,58.00060005187989,58.14386672973633,59.233433151245116,59.37833315531413,59.51709976196289,59.68829981486002,59.86189975738525,27127800.0,27193200.0,28649300.0,32165300.0,35542100.0,31456900.0,31334050.0,32348800.0,33158900.0,33561150.0,35495525.0,36258200.0,35542175.0,35182575.0,35304950.0,32472950.0,32579283.33333333,32497666.66666667,32609650.0,33185000.0,40255791.66666666,40119625.0,39814133.333333336,39766316.66666666,40017191.66666666,1
2018-06-04,58.86800003051758,59.79999923706055,58.709999084472656,59.347999572753906,23989000,0,57.95079956054688,56.88079948425293,57.85699996948242,57.90860010782878,58.99063313802083,29298200.0,30731750.0,31570700.0,32223566.66666667,40393183.333333336,58.36399841308594,56.94599914550781,58.34400177001953,56.75199890136719,55.77000045776367,57.23519973754882,56.676399993896474,56.45,55.78159942626953,55.810799407958974,56.48239936828613,56.33679962158203,56.37179985046386,56.220999526977536,56.38519973754883,57.83050003051758,57.7568000793457,57.92100009918213,58.00300006866455,58.104400062561034,57.86526679992676,57.92033348083496,57.97780011494954,57.950933329264316,58.00060005187989,59.098499806722,59.233433151245116,59.37833315531413,59.51709976196289,59.68829981486002,28375500.0,27127800.0,27193200.0,28649300.0,32165300.0,31958800.0,31456900.0,31334050.0,32348800.0,33158900.0,32513600.0,35495525.0,36258200.0,35542175.0,35182575.0,32361916.66666667,32472950.0,32579283.33333333,32497666.66666667,32609650.0,40290550.0,40255791.66666666,40119625.0,39814133.333333336,39766316.66666666,0
2018-06-05,59.540000915527344,59.56000137329102,57.347999572753906,58.22600173950195,29976000,1,58.24560012817383,57.01359977722168,57.74060001373291,57.96033350626627,58.870499865214036,29626800.0,29138050.0,30899950.0,32407200.0,40433883.333333336,59.347999572753906,58.36399841308594,56.94599914550781,58.34400177001953,56.75199890136719,57.95079956054688,57.23519973754882,56.676399993896474,56.45,55.78159942626953,56.88079948425293,56.48239936828613,56.33679962158203,56.37179985046386,56.220999526977536,57.85699996948242,57.83050003051758,57.7568000793457,57.92100009918213,58.00300006866455,57.90860010782878,57.86526679992676,57.92033348083496,57.97780011494954,57.950933329264316,58.99063313802083,59.098499806722,59.233433151245116,59.37833315531413,59.51709976196289,29298200.0,28375500.0,27127800.0,27193200.0,28649300.0,30731750.0,31958800.0,31456900.0,31334050.0,32348800.0,31570700.0,32513600.0,35495525.0,36258200.0,35542175.0,32223566.66666667,32361916.66666667,32472950.0,32579283.33333333,32497666.66666667,40393183.333333336,40290550.0,40255791.66666666,40119625.0,39814133.333333336,1
2018-06-06,60.099998474121094,64.43399810791016,59.49599838256836,63.9000015258789,93836500,0,59.3568000793457,57.90340003967285,57.91590003967285,58.20060017903646,58.783799934387204,40904400.0,34048800.0,34109275.0,34587533.333333336,41309158.333333336,58.22600173950195,59.347999572753906,58.36399841308594,56.94599914550781,58.34400177001953,58.24560012817383,57.95079956054688,57.23519973754882,56.676399993896474,56.45,57.01359977722168,56.88079948425293,56.48239936828613,56.33679962158203,56.37179985046386,57.74060001373291,57.85699996948242,57.83050003051758,57.7568000793457,57.92100009918213,57.96033350626627,57.90860010782878,57.86526679992676,57.92033348083496,57.97780011494954,58.870499865214036,58.99063313802083,59.098499806722,59.233433151245116,59.37833315531413,29626800.0,29298200.0,28375500.0,27127800.0,27193200.0,29138050.0,30731750.0,31958800.0,31456900.0,31334050.0,30899950.0,31570700.0,32513600.0,35495525.0,36258200.0,32407200.0,32223566.66666667,32361916.66666667,32472950.0,32579283.33333333,40433883.333333336,40393183.333333336,40290550.0,40255791.66666666,40119625.0,1
2018-06-07,63.22999954223633,66.0,62.71599960327149,63.21799850463867,71726500,1,60.61119995117188,58.64379997253418,58.00830001831055,58.43660011291504,58.69796663920085,49330000.0,38228900.0,36263750.0,36309483.333333336,42007450.0,63.9000015258789,58.22600173950195,59.347999572753906,58.36399841308594,56.94599914550781,59.3568000793457,58.24560012817383,57.95079956054688,57.23519973754882,56.676399993896474,57.90340003967285,57.01359977722168,56.88079948425293,56.48239936828613,56.33679962158203,57.91590003967285,57.74060001373291,57.85699996948242,57.83050003051758,57.7568000793457,58.20060017903646,57.96033350626627,57.90860010782878,57.86526679992676,57.92033348083496,58.783799934387204,58.870499865214036,58.99063313802083,59.098499806722,59.233433151245116,40904400.0,29626800.0,29298200.0,28375500.0,27127800.0,34048800.0,29138050.0,30731750.0,31958800.0,31456900.0,34109275.0,30899950.0,31570700.0,32513600.0,35495525.0,34587533.333333336,32407200.0,32223566.66666667,32361916.66666667,32472950.0,41309158.333333336,40433883.333333336,40393183.333333336,40290550.0,40255791.66666666,1
2018-06-08,63.79999923706055,64.89600372314453,63.43000030517578,63.53200149536133,41026000,1,61.64480056762695,59.44000015258789,58.13470001220704,58.65113347371419,58.66806672414143,52110800.0,40243150.0,36902150.0,36951016.66666666,42027266.66666666,63.21799850463867,63.9000015258789,58.22600173950195,59.347999572753906,58.36399841308594,60.61119995117188,59.3568000793457,58.24560012817383,57.95079956054688,57.23519973754882,58.64379997253418,57.90340003967285,57.01359977722168,56.88079948425293,56.48239936828613,58.00830001831055,57.91590003967285,57.74060001373291,57.85699996948242,57.83050003051758,58.43660011291504,58.20060017903646,57.96033350626627,57.90860010782878,57.86526679992676,58.69796663920085,58.783799934387204,58.870499865214036,58.99063313802083,59.098499806722,49330000.0,40904400.0,29626800.0,29298200.0,28375500.0,38228900.0,34048800.0,29138050.0,30731750.0,31958800.0,36263750.0,34109275.0,30899950.0,31570700.0,32513600.0,36309483.333333336,34587533.333333336,32407200.0,32223566.66666667,32361916.66666667,42007450.0,41309158.333333336,40433883.333333336,40393183.333333336,40290550.0,1
2018-06-11,64.50199890136719,66.93199920654297,64.5,66.41999816894531,65917500,1,63.05920028686523,60.504999923706045,58.44509983062744,58.904600016276035,58.68973331451416,60496500.0,44897350.0,39028125.0,38420833.333333336,42578825.0,63.53200149536133,63.21799850463867,63.9000015258789,58.22600173950195,59.347999572753906,61.64480056762695,60.61119995117188,59.3568000793457,58.24560012817383,57.95079956054688,59.44000015258789,58.64379997253418,57.90340003967285,57.01359977722168,56.88079948425293,58.13470001220704,58.00830001831055,57.91590003967285,57.74060001373291,57.85699996948242,58.65113347371419,58.43660011291504,58.20060017903646,57.96033350626627,57.90860010782878,58.66806672414143,58.69796663920085,58.783799934387204,58.870499865214036,58.99063313802083,52110800.0,49330000.0,40904400.0,29626800.0,29298200.0,40243150.0,38228900.0,34048800.0,29138050.0,30731750.0,36902150.0,36263750.0,34109275.0,30899950.0,31570700.0,36951016.66666666,36309483.333333336,34587533.333333336,32407200.0,32223566.66666667,42027266.66666666,42007450.0,41309158.333333336,40433883.333333336,40393183.333333336,1
2018-06-12,68.94000244140625,70.99400329589844,67.59999847412111,68.55400085449219,111737000,1,65.12480010986329,61.685200119018546,58.95309982299805,59.23040008544922,58.76113338470459,76848700.0,53237750.0,42793275.0,41440700.0,43931333.333333336,66.41999816894531,63.53200149536133,63.21799850463867,63.9000015258789,58.22600173950195,63.05920028686523,61.64480056762695,60.61119995117188,59.3568000793457,58.24560012817383,60.504999923706045,59.44000015258789,58.64379997253418,57.90340003967285,57.01359977722168,58.44509983062744,58.13470001220704,58.00830001831055,57.91590003967285,57.74060001373291,58.904600016276035,58.65113347371419,58.43660011291504,58.20060017903646,57.96033350626627,58.68973331451416,58.66806672414143,58.69796663920085,58.783799934387204,58.870499865214036,60496500.0,52110800.0,49330000.0,40904400.0,29626800.0,44897350.0,40243150.0,38228900.0,34048800.0,29138050.0,39028125.0,36902150.0,36263750.0,34109275.0,30899950.0,38420833.333333336,36951016.66666666,36309483.333333336,34587533.333333336,32407200.0,42578825.0,42027266.66666666,42007450.0,41309158.333333336,40433883.333333336,1
2018-06-13,69.34200286865234,69.44000244140625,67.95999908447266,68.95600128173828,47349000,1,66.13600006103516,62.74640007019043,59.55909996032714,59.5294667561849,58.86520004272461,67551200.0,54227800.0,42780925.0,42248066.66666666,44096791.66666666,68.55400085449219,66.41999816894531,63.53200149536133,63.21799850463867,63.9000015258789,65.12480010986329,63.05920028686523,61.64480056762695,60.61119995117188,59.3568000793457,61.685200119018546,60.504999923706045,59.44000015258789,58.64379997253418,57.90340003967285,58.95309982299805,58.44509983062744,58.13470001220704,58.00830001831055,57.91590003967285,59.23040008544922,58.904600016276035,58.65113347371419,58.43660011291504,58.20060017903646,58.76113338470459,58.68973331451416,58.66806672414143,58.69796663920085,58.783799934387204,76848700.0,60496500.0,52110800.0,49330000.0,40904400.0,53237750.0,44897350.0,40243150.0,38228900.0,34048800.0,42793275.0,39028125.0,36902150.0,36263750.0,34109275.0,41440700.0,38420833.333333336,36951016.66666666,36309483.333333336,34587533.333333336,43931333.333333336,42578825.0,42027266.66666666,42007450.0,41309158.333333336,0
2018-06-14,69.5260009765625,71.75,69.31999969482422,71.54399871826172,54905000,1,67.80120010375977,64.20620002746583,60.27149982452393,59.906600062052405,59.022433344523115,64186900.0,56758450.0,44107675.0,42583166.66666666,44614850.0,68.95600128173828,68.55400085449219,66.41999816894531,63.53200149536133,63.21799850463867,66.13600006103516,65.12480010986329,63.05920028686523,61.64480056762695,60.61119995117188,62.74640007019043,61.685200119018546,60.504999923706045,59.44000015258789,58.64379997253418,59.55909996032714,58.95309982299805,58.44509983062744,58.13470001220704,58.00830001831055,59.5294667561849,59.23040008544922,58.904600016276035,58.65113347371419,58.43660011291504,58.86520004272461,58.76113338470459,58.68973331451416,58.66806672414143,58.69796663920085,67551200.0,76848700.0,60496500.0,52110800.0,49330000.0,54227800.0,53237750.0,44897350.0,40243150.0,38228900.0,42780925.0,42793275.0,39028125.0,36902150.0,36263750.0,42248066.66666666,41440700.0,38420833.333333336,36951016.66666666,36309483.333333336,44096791.66666666,43931333.333333336,42578825.0,42027266.66666666,42007450.0,1
2018-06-15,70.76799774169922,72.93399810791016,70.25,71.63400268554688,54241500,1,69.42160034179689,65.53320045471192,61.00779991149902,60.398066838582366,59.16123339335124,66830000.0,59470400.0,45714600.0,41499200.0,45022341.66666666,71.54399871826172,68.95600128173828,68.55400085449219,66.41999816894531,63.53200149536133,67.80120010375977,66.13600006103516,65.12480010986329,63.05920028686523,61.64480056762695,64.20620002746583,62.74640007019043,61.685200119018546,60.504999923706045,59.44000015258789,60.27149982452393,59.55909996032714,58.95309982299805,58.44509983062744,58.13470001220704,59.906600062052405,59.5294667561849,59.23040008544922,58.904600016276035,58.65113347371419,59.022433344523115,58.86520004272461,58.76113338470459,58.68973331451416,58.66806672414143,64186900.0,67551200.0,76848700.0,60496500.0,52110800.0,56758450.0,54227800.0,53237750.0,44897350.0,40243150.0,44107675.0,42780925.0,42793275.0,39028125.0,36902150.0,42583166.66666666,42248066.66666666,41440700.0,38420833.333333336,36951016.66666666,44614850.0,44096791.66666666,43931333.333333336,42578825.0,42027266.66666666,0
2018-06-18,71.08000183105469,74.74600219726562,70.9000015258789,74.16600036621094,60366000,0,70.97080078125,67.01500053405762,61.94790000915528,60.90966682434082,59.36700007120768,65719700.0,63108100.0,46919925.0,42083166.66666666,45616791.66666666,71.63400268554688,71.54399871826172,68.95600128173828,68.55400085449219,66.41999816894531,69.42160034179689,67.80120010375977,66.13600006103516,65.12480010986329,63.05920028686523,65.53320045471192,64.20620002746583,62.74640007019043,61.685200119018546,60.504999923706045,61.00779991149902,60.27149982452393,59.55909996032714,58.95309982299805,58.44509983062744,60.398066838582366,59.906600062052405,59.5294667561849,59.23040008544922,58.904600016276035,59.16123339335124,59.022433344523115,58.86520004272461,58.76113338470459,58.68973331451416,66830000.0,64186900.0,67551200.0,76848700.0,60496500.0,59470400.0,56758450.0,54227800.0,53237750.0,44897350.0,45714600.0,44107675.0,42780925.0,42793275.0,39028125.0,41499200.0,42583166.66666666,42248066.66666666,41440700.0,38420833.333333336,45022341.66666666,44614850.0,44096791.66666666,43931333.333333336,42578825.0,0
2018-06-19,73.03199768066406,74.0,69.25,70.51000213623047,63809500,1,71.36200103759765,68.24340057373047,62.62850017547608,61.2415335337321,59.537033462524406,56134200.0,66491450.0,47814750.0,42763783.333333336,46125708.33333334,74.16600036621094,71.63400268554688,71.54399871826172,68.95600128173828,68.55400085449219,70.97080078125,69.42160034179689,67.80120010375977,66.13600006103516,65.12480010986329,67.01500053405762,65.53320045471192,64.20620002746583,62.74640007019043,61.685200119018546,61.94790000915528,61.00779991149902,60.27149982452393,59.55909996032714,58.95309982299805,60.90966682434082,60.398066838582366,59.906600062052405,59.5294667561849,59.23040008544922,59.36700007120768,59.16123339335124,59.022433344523115,58.86520004272461,58.76113338470459,65719700.0,66830000.0,64186900.0,67551200.0,76848700.0,63108100.0,59470400.0,56758450.0,54227800.0,53237750.0,46919925.0,45714600.0,44107675.0,42780925.0,42793275.0,42083166.66666666,41499200.0,42583166.66666666,42248066.66666666,41440700.0,45616791.66666666,45022341.66666666,44614850.0,44096791.66666666,43931333.333333336,1
2018-06-20,71.60800170898438,72.8759994506836,70.4000015258789,72.44400024414062,41918500,0,72.05960083007812,69.09780044555664,63.500600242614745,61.643200174967454,59.73050015767415,55048100.0,61299650.0,47674225.0,43172733.333333336,46126416.66666666,70.51000213623047,74.16600036621094,71.63400268554688,71.54399871826172,68.95600128173828,71.36200103759765,70.97080078125,69.42160034179689,67.80120010375977,66.13600006103516,68.24340057373047,67.01500053405762,65.53320045471192,64.20620002746583,62.74640007019043,62.62850017547608,61.94790000915528,61.00779991149902,60.27149982452393,59.55909996032714,61.2415335337321,60.90966682434082,60.398066838582366,59.906600062052405,59.5294667561849,59.537033462524406,59.36700007120768,59.16123339335124,59.022433344523115,58.86520004272461,56134200.0,65719700.0,66830000.0,64186900.0,67551200.0,66491450.0,63108100.0,59470400.0,56758450.0,54227800.0,47814750.0,46919925.0,45714600.0,44107675.0,42780925.0,42763783.333333336,42083166.66666666,41499200.0,42583166.66666666,42248066.66666666,46125708.33333334,45616791.66666666,45022341.66666666,44614850.0,44096791.66666666,1
2018-06-21,72.4000015258789,73.24199676513672,69.25399780273439,69.50199890136719,39835500,0,71.6512008666992,69.7262004852295,64.18500022888183,61.914266840616854,59.958266830444344,52034200.0,58110550.0,48169725.0,43546016.66666666,45634341.66666666,72.44400024414062,70.51000213623047,74.16600036621094,71.63400268554688,71.54399871826172,72.05960083007812,71.36200103759765,70.97080078125,69.42160034179689,67.80120010375977,69.09780044555664,68.24340057373047,67.01500053405762,65.53320045471192,64.20620002746583,63.500600242614745,62.62850017547608,61.94790000915528,61.00779991149902,60.27149982452393,61.643200174967454,61.2415335337321,60.90966682434082,60.398066838582366,59.906600062052405,59.73050015767415,59.537033462524406,59.36700007120768,59.16123339335124,59.022433344523115,55048100.0,56134200.0,65719700.0,66830000.0,64186900.0,61299650.0,66491450.0,63108100.0,59470400.0,56758450.0,47674225.0,47814750.0,46919925.0,45714600.0,44107675.0,43172733.333333336,42763783.333333336,42083166.66666666,41499200.0,42583166.66666666,46126416.66666666,46125708.33333334,45616791.66666666,45022341.66666666,44614850.0,0
2018-06-22,70.30799865722656,70.44999694824219,66.40000152587889,66.72599792480469,51330500,0,70.6695999145508,70.04560012817383,64.74280014038087,62.105000050862635,60.211100133260096,51452000.0,59141000.0,49692075.0,44315100.0,44739733.333333336,69.50199890136719,72.44400024414062,70.51000213623047,74.16600036621094,71.63400268554688,71.6512008666992,72.05960083007812,71.36200103759765,70.97080078125,69.42160034179689,69.7262004852295,69.09780044555664,68.24340057373047,67.01500053405762,65.53320045471192,64.18500022888183,63.500600242614745,62.62850017547608,61.94790000915528,61.00779991149902,61.914266840616854,61.643200174967454,61.2415335337321,60.90966682434082,60.398066838582366,59.958266830444344,59.73050015767415,59.537033462524406,59.36700007120768,59.16123339335124,52034200.0,55048100.0,56134200.0,65719700.0,66830000.0,58110550.0,61299650.0,66491450.0,63108100.0,59470400.0,48169725.0,47674225.0,47814750.0,46919925.0,45714600.0,43546016.66666666,43172733.333333336,42763783.333333336,42083166.66666666,41499200.0,45634341.66666666,46126416.66666666,46125708.33333334,45616791.66666666,45022341.66666666,1
2018-06-25,66.02400207519531,67.69400024414061,65.5,66.60199737548828,34656500,1,69.15679931640625,70.06380004882813,65.28439998626709,62.317999903361006,60.43403339385986,46310100.0,56014900.0,50456125.0,44690383.333333336,44053116.66666666,66.72599792480469,69.50199890136719,72.44400024414062,70.51000213623047,74.16600036621094,70.6695999145508,71.6512008666992,72.05960083007812,71.36200103759765,70.97080078125,70.04560012817383,69.7262004852295,69.09780044555664,68.24340057373047,67.01500053405762,64.74280014038087,64.18500022888183,63.500600242614745,62.62850017547608,61.94790000915528,62.105000050862635,61.914266840616854,61.643200174967454,61.2415335337321,60.90966682434082,60.211100133260096,59.958266830444344,59.73050015767415,59.537033462524406,59.36700007120768,51452000.0,52034200.0,55048100.0,56134200.0,65719700.0,59141000.0,58110550.0,61299650.0,66491450.0,63108100.0,49692075.0,48169725.0,47674225.0,47814750.0,46919925.0,44315100.0,43546016.66666666,43172733.333333336,42763783.333333336,42083166.66666666,44739733.333333336,45634341.66666666,46126416.66666666,46125708.33333334,45616791.66666666,0
2018-06-26,67.20999908447266,68.70999908447266,65.16000366210939,68.40000152587889,37262500,1,68.73479919433593,70.0484001159668,65.86680011749267,62.65153325398764,60.73243344624837,41000700.0,48567450.0,50902600.0,44718000.0,43331325.0,66.60199737548828,66.72599792480469,69.50199890136719,72.44400024414062,70.51000213623047,69.15679931640625,70.6695999145508,71.6512008666992,72.05960083007812,71.36200103759765,70.06380004882813,70.04560012817383,69.7262004852295,69.09780044555664,68.24340057373047,65.28439998626709,64.74280014038087,64.18500022888183,63.500600242614745,62.62850017547608,62.317999903361006,62.105000050862635,61.914266840616854,61.643200174967454,61.2415335337321,60.43403339385986,60.211100133260096,59.958266830444344,59.73050015767415,59.537033462524406,46310100.0,51452000.0,52034200.0,55048100.0,56134200.0,56014900.0,59141000.0,58110550.0,61299650.0,66491450.0,50456125.0,49692075.0,48169725.0,47674225.0,47814750.0,44690383.333333336,44315100.0,43546016.66666666,43172733.333333336,42763783.333333336,44053116.66666666,44739733.333333336,45634341.66666666,46126416.66666666,46125708.33333334,0
2018-06-27,69.0,70.15799713134766,67.90000152587889,68.90000152587889,41668500,1,68.0259994506836,70.04280014038086,66.39460010528565,63.05366668701172,60.989000129699704,40950700.0,47999400.0,51113600.0,44520416.66666666,42455433.333333336,68.40000152587889,66.60199737548828,66.72599792480469,69.50199890136719,72.44400024414062,68.73479919433593,69.15679931640625,70.6695999145508,71.6512008666992,72.05960083007812,70.0484001159668,70.06380004882813,70.04560012817383,69.7262004852295,69.09780044555664,65.86680011749267,65.28439998626709,64.74280014038087,64.18500022888183,63.500600242614745,62.65153325398764,62.317999903361006,62.105000050862635,61.914266840616854,61.643200174967454,60.73243344624837,60.43403339385986,60.211100133260096,59.958266830444344,59.73050015767415,41000700.0,46310100.0,51452000.0,52034200.0,55048100.0,48567450.0,56014900.0,59141000.0,58110550.0,61299650.0,50902600.0,50456125.0,49692075.0,48169725.0,47674225.0,44718000.0,44690383.333333336,44315100.0,43546016.66666666,43172733.333333336,43331325.0,44053116.66666666,44739733.333333336,45634341.66666666,46126416.66666666,0
2018-06-28,69.73200225830078,71.40399932861328,69.22200012207031,69.98600006103516,41990000,0,68.12279968261718,69.8870002746582,67.04660015106201,63.47666664123536,61.1989667892456,41381600.0,46707900.0,51733175.0,44974416.66666666,41497208.333333336,68.90000152587889,68.40000152587889,66.60199737548828,66.72599792480469,69.50199890136719,68.0259994506836,68.73479919433593,69.15679931640625,70.6695999145508,71.6512008666992,70.04280014038086,70.0484001159668,70.06380004882813,70.04560012817383,69.7262004852295,66.39460010528565,65.86680011749267,65.28439998626709,64.74280014038087,64.18500022888183,63.05366668701172,62.65153325398764,62.317999903361006,62.105000050862635,61.914266840616854,60.989000129699704,60.73243344624837,60.43403339385986,60.211100133260096,59.958266830444344,40950700.0,41000700.0,46310100.0,51452000.0,52034200.0,47999400.0,48567450.0,56014900.0,59141000.0,58110550.0,51113600.0,50902600.0,50456125.0,49692075.0,48169725.0,44520416.66666666,44718000.0,44690383.333333336,44315100.0,43546016.66666666,42455433.333333336,43331325.0,44053116.66666666,44739733.333333336,45634341.66666666,0
2018-06-29,70.66600036621094,70.77200317382812,68.48200225830078,68.58999633789061,32462000,0,68.49559936523437,69.58259963989258,67.55790004730224,63.86606648763021,61.32306671142578,37607900.0,44529950.0,52000175.0,45319716.66666666,40444816.66666666,69.98600006103516,68.90000152587889,68.40000152587889,66.60199737548828,66.72599792480469,68.12279968261718,68.0259994506836,68.73479919433593,69.15679931640625,70.6695999145508,69.8870002746582,70.04280014038086,70.0484001159668,70.06380004882813,70.04560012817383,67.04660015106201,66.39460010528565,65.86680011749267,65.28439998626709,64.74280014038087,63.47666664123536,63.05366668701172,62.65153325398764,62.317999903361006,62.105000050862635,61.1989667892456,60.989000129699704,60.73243344624837,60.43403339385986,60.211100133260096,41381600.0,40950700.0,41000700.0,46310100.0,51452000.0,46707900.0,47999400.0,48567450.0,56014900.0,59141000.0,51733175.0,51113600.0,50902600.0,50456125.0,49692075.0,44974416.66666666,44520416.66666666,44718000.0,44690383.333333336,44315100.0,41497208.333333336,42455433.333333336,43331325.0,44053116.66666666,44739733.333333336,0
2018-07-02,72.01399993896484,72.95600128173828,65.97000122070311,67.01399993896484,93799000,0,68.57799987792968,68.86739959716797,67.94120006561279,64.25439987182617,61.442300033569346,49436400.0,47873250.0,55490675.0,47237700.0,40881441.66666666,68.58999633789061,69.98600006103516,68.90000152587889,68.40000152587889,66.60199737548828,68.49559936523437,68.12279968261718,68.0259994506836,68.73479919433593,69.15679931640625,69.58259963989258,69.8870002746582,70.04280014038086,70.0484001159668,70.06380004882813,67.55790004730224,67.04660015106201,66.39460010528565,65.86680011749267,65.28439998626709,63.86606648763021,63.47666664123536,63.05366668701172,62.65153325398764,62.317999903361006,61.32306671142578,61.1989667892456,60.989000129699704,60.73243344624837,60.43403339385986,37607900.0,41381600.0,40950700.0,41000700.0,46310100.0,44529950.0,46707900.0,47999400.0,48567450.0,56014900.0,52000175.0,51733175.0,51113600.0,50902600.0,50456125.0,45319716.66666666,44974416.66666666,44520416.66666666,44718000.0,44690383.333333336,40444816.66666666,41497208.333333336,42455433.333333336,43331325.0,44053116.66666666,0
2018-07-03,66.34999847412111,66.49800109863281,61.9379997253418,62.17200088500977,61413000,0,67.33239974975587,68.03359947204589,68.13850002288818,64.43019994099934,61.51296672821045,54266500.0,47633600.0,57062525.0,47754366.66666666,41050841.66666666,67.01399993896484,68.58999633789061,69.98600006103516,68.90000152587889,68.40000152587889,68.57799987792968,68.49559936523437,68.12279968261718,68.0259994506836,68.73479919433593,68.86739959716797,69.58259963989258,69.8870002746582,70.04280014038086,70.0484001159668,67.94120006561279,67.55790004730224,67.04660015106201,66.39460010528565,65.86680011749267,64.25439987182617,63.86606648763021,63.47666664123536,63.05366668701172,62.65153325398764,61.442300033569346,61.32306671142578,61.1989667892456,60.989000129699704,60.73243344624837,49436400.0,37607900.0,41381600.0,40950700.0,41000700.0,47873250.0,44529950.0,46707900.0,47999400.0,48567450.0,55490675.0,52000175.0,51733175.0,51113600.0,50902600.0,47237700.0,45319716.66666666,44974416.66666666,44520416.66666666,44718000.0,40881441.66666666,40444816.66666666,41497208.333333336,42455433.333333336,43331325.0,0
2018-07-05,62.75199890136719,62.87799835205078,59.24399948120117,61.83200073242188,87382000,0,65.91879959106446,66.97239952087402,68.03509998321533,64.65786666870117,61.527833429972326,63409200.0,52179950.0,56739800.0,49176133.33333334,41591391.66666666,62.17200088500977,67.01399993896484,68.58999633789061,69.98600006103516,68.90000152587889,67.33239974975587,68.57799987792968,68.49559936523437,68.12279968261718,68.0259994506836,68.03359947204589,68.86739959716797,69.58259963989258,69.8870002746582,70.04280014038086,68.13850002288818,67.94120006561279,67.55790004730224,67.04660015106201,66.39460010528565,64.43019994099934,64.25439987182617,63.86606648763021,63.47666664123536,63.05366668701172,61.51296672821045,61.442300033569346,61.32306671142578,61.1989667892456,60.989000129699704,54266500.0,49436400.0,37607900.0,41381600.0,40950700.0,47633600.0,47873250.0,44529950.0,46707900.0,47999400.0,57062525.0,55490675.0,52000175.0,51733175.0,51113600.0,47754366.66666666,47237700.0,45319716.66666666,44974416.66666666,44520416.66666666,41050841.66666666,40881441.66666666,40444816.66666666,41497208.333333336,42455433.333333336,0
2018-07-06,60.9900016784668,62.41400146484375,60.4000015258789,61.77999877929688,44327500,1,64.2775993347168,66.200199508667,67.96319999694825,64.85673332214354,61.55440006256104,63876700.0,52629150.0,55369850.0,49656200.0,41706608.333333336,61.83200073242188,62.17200088500977,67.01399993896484,68.58999633789061,69.98600006103516,65.91879959106446,67.33239974975587,68.57799987792968,68.49559936523437,68.12279968261718,66.97239952087402,68.03359947204589,68.86739959716797,69.58259963989258,69.8870002746582,68.03509998321533,68.13850002288818,67.94120006561279,67.55790004730224,67.04660015106201,64.65786666870117,64.43019994099934,64.25439987182617,63.86606648763021,63.47666664123536,61.527833429972326,61.51296672821045,61.442300033569346,61.32306671142578,61.1989667892456,63409200.0,54266500.0,49436400.0,37607900.0,41381600.0,52179950.0,47633600.0,47873250.0,44529950.0,46707900.0,56739800.0,57062525.0,55490675.0,52000175.0,51733175.0,49176133.33333334,47754366.66666666,47237700.0,45319716.66666666,44974416.66666666,41591391.66666666,41050841.66666666,40881441.66666666,40444816.66666666,41497208.333333336,0
2018-07-09,62.39799880981445,63.70399856567383,61.599998474121094,63.70199966430664,37984000,1,63.3,65.89779968261719,67.97169990539551,65.12779998779297,61.63583335876465,64981100.0,51294500.0,55217750.0,50226216.66666666,41705608.333333336,61.77999877929688,61.83200073242188,62.17200088500977,67.01399993896484,68.58999633789061,64.2775993347168,65.91879959106446,67.33239974975587,68.57799987792968,68.49559936523437,66.200199508667,66.97239952087402,68.03359947204589,68.86739959716797,69.58259963989258,67.96319999694825,68.03509998321533,68.13850002288818,67.94120006561279,67.55790004730224,64.85673332214354,64.65786666870117,64.43019994099934,64.25439987182617,63.86606648763021,61.55440006256104,61.527833429972326,61.51296672821045,61.442300033569346,61.32306671142578,63876700.0,63409200.0,54266500.0,49436400.0,37607900.0,52629150.0,52179950.0,47633600.0,47873250.0,44529950.0,55369850.0,56739800.0,57062525.0,55490675.0,52000175.0,49656200.0,49176133.33333334,47754366.66666666,47237700.0,45319716.66666666,41706608.333333336,41591391.66666666,41050841.66666666,40881441.66666666,40444816.66666666,1
2018-07-10,64.91200256347656,65.53600311279297,63.84000015258789,64.49400329589844,47357500,0,62.79600067138672,65.6870002746582,67.87540016174316,65.41860008239746,61.70960006713867,55692800.0,52564600.0,54289750.0,51158950.0,41884300.0,63.70199966430664,61.77999877929688,61.83200073242188,62.17200088500977,67.01399993896484,63.3,64.2775993347168,65.91879959106446,67.33239974975587,68.57799987792968,65.89779968261719,66.200199508667,66.97239952087402,68.03359947204589,68.86739959716797,67.97169990539551,67.96319999694825,68.03509998321533,68.13850002288818,67.94120006561279,65.12779998779297,64.85673332214354,64.65786666870117,64.43019994099934,64.25439987182617,61.63583335876465,61.55440006256104,61.527833429972326,61.51296672821045,61.442300033569346,64981100.0,63876700.0,63409200.0,54266500.0,49436400.0,51294500.0,52629150.0,52179950.0,47633600.0,47873250.0,55217750.0,55369850.0,56739800.0,57062525.0,55490675.0,50226216.66666666,49656200.0,49176133.33333334,47754366.66666666,47237700.0,41705608.333333336,41706608.333333336,41591391.66666666,41050841.66666666,40881441.66666666,0
2018-07-11,63.15999984741211,64.38800048828125,63.01399993896485,63.79199981689453,24420500,0,63.12000045776367,65.22620010375978,67.63730010986328,65.6532667795817,61.80210005442303,48294300.0,51280400.0,49923925.0,51028533.33333334,41763100.0,64.49400329589844,63.70199966430664,61.77999877929688,61.83200073242188,62.17200088500977,62.79600067138672,63.3,64.2775993347168,65.91879959106446,67.33239974975587,65.6870002746582,65.89779968261719,66.200199508667,66.97239952087402,68.03359947204589,67.87540016174316,67.97169990539551,67.96319999694825,68.03509998321533,68.13850002288818,65.41860008239746,65.12779998779297,64.85673332214354,64.65786666870117,64.43019994099934,61.70960006713867,61.63583335876465,61.55440006256104,61.527833429972326,61.51296672821045,55692800.0,64981100.0,63876700.0,63409200.0,54266500.0,52564600.0,51294500.0,52629150.0,52179950.0,47633600.0,54289750.0,55217750.0,55369850.0,56739800.0,57062525.0,51158950.0,50226216.66666666,49656200.0,49176133.33333334,47754366.66666666,41884300.0,41705608.333333336,41706608.333333336,41591391.66666666,41050841.66666666,1
2018-07-12,64.28600311279297,64.64600372314453,62.55400085449219,63.34199905395508,28606000,1,63.42200012207032,64.67039985656739,67.35659999847412,65.81986668904622,61.89883340199789,36539100.0,49974150.0,48986775.0,50733783.33333334,41656533.333333336,63.79199981689453,64.49400329589844,63.70199966430664,61.77999877929688,61.83200073242188,63.12000045776367,62.79600067138672,63.3,64.2775993347168,65.91879959106446,65.22620010375978,65.6870002746582,65.89779968261719,66.200199508667,66.97239952087402,67.63730010986328,67.87540016174316,67.97169990539551,67.96319999694825,68.03509998321533,65.6532667795817,65.41860008239746,65.12779998779297,64.85673332214354,64.65786666870117,61.80210005442303,61.70960006713867,61.63583335876465,61.55440006256104,61.527833429972326,48294300.0,55692800.0,64981100.0,63876700.0,63409200.0,51280400.0,52564600.0,51294500.0,52629150.0,52179950.0,49923925.0,54289750.0,55217750.0,55369850.0,56739800.0,51028533.33333334,51158950.0,50226216.66666666,49656200.0,49176133.33333334,41763100.0,41884300.0,41705608.333333336,41706608.333333336,41591391.66666666,0
2018-07-13,63.11600112915039,63.91600036621094,61.849998474121094,63.77399826049805,29349000,0,63.82080001831055,64.04919967651367,66.96809997558594,66.0474666595459,61.98390007019043,33543400.0,48710050.0,47708975.0,50725466.66666666,41599208.333333336,63.34199905395508,63.79199981689453,64.49400329589844,63.70199966430664,61.77999877929688,63.42200012207032,63.12000045776367,62.79600067138672,63.3,64.2775993347168,64.67039985656739,65.22620010375978,65.6870002746582,65.89779968261719,66.200199508667,67.35659999847412,67.63730010986328,67.87540016174316,67.97169990539551,67.96319999694825,65.81986668904622,65.6532667795817,65.41860008239746,65.12779998779297,64.85673332214354,61.89883340199789,61.80210005442303,61.70960006713867,61.63583335876465,61.55440006256104,36539100.0,48294300.0,55692800.0,64981100.0,63876700.0,49974150.0,51280400.0,52564600.0,51294500.0,52629150.0,48986775.0,49923925.0,54289750.0,55217750.0,55369850.0,50733783.33333334,51028533.33333334,51158950.0,50226216.66666666,49656200.0,41656533.333333336,41763100.0,41884300.0,41705608.333333336,41706608.333333336,1
2018-07-16,62.34199905395508,63.03200149536133,61.25,62.02000045776367,39093500,1,63.48440017700195,63.39220008850098,66.48739986419677,66.1693333943685,62.01730009714762,33765300.0,49373200.0,46951575.0,51124516.66666666,41743216.66666666,63.77399826049805,63.34199905395508,63.79199981689453,64.49400329589844,63.70199966430664,63.82080001831055,63.42200012207032,63.12000045776367,62.79600067138672,63.3,64.04919967651367,64.67039985656739,65.22620010375978,65.6870002746582,65.89779968261719,66.96809997558594,67.35659999847412,67.63730010986328,67.87540016174316,67.97169990539551,66.0474666595459,65.81986668904622,65.6532667795817,65.41860008239746,65.12779998779297,61.98390007019043,61.89883340199789,61.80210005442303,61.70960006713867,61.63583335876465,33543400.0,36539100.0,48294300.0,55692800.0,64981100.0,48710050.0,49974150.0,51280400.0,52564600.0,51294500.0,47708975.0,48986775.0,49923925.0,54289750.0,55217750.0,50725466.66666666,50733783.33333334,51028533.33333334,51158950.0,50226216.66666666,41599208.333333336,41656533.333333336,41763100.0,41884300.0,41705608.333333336,0
2018-07-17,61.762001037597656,64.947998046875,61.70000076293945,64.53800201416016,34981000,1,63.4931999206543,63.1446002960205,66.00599994659424,66.3423334757487,62.12546679178874,31290000.0,43491400.0,45682325.0,51490916.66666666,41857241.66666666,62.02000045776367,63.77399826049805,63.34199905395508,63.79199981689453,64.49400329589844,63.48440017700195,63.82080001831055,63.42200012207032,63.12000045776367,62.79600067138672,63.39220008850098,64.04919967651367,64.67039985656739,65.22620010375978,65.6870002746582,66.48739986419677,66.96809997558594,67.35659999847412,67.63730010986328,67.87540016174316,66.1693333943685,66.0474666595459,65.81986668904622,65.6532667795817,65.41860008239746,62.01730009714762,61.98390007019043,61.89883340199789,61.80210005442303,61.70960006713867,33765300.0,33543400.0,36539100.0,48294300.0,55692800.0,49373200.0,48710050.0,49974150.0,51280400.0,52564600.0,46951575.0,47708975.0,48986775.0,49923925.0,54289750.0,51124516.66666666,50725466.66666666,50733783.33333334,51028533.33333334,51158950.0,41743216.66666666,41599208.333333336,41656533.333333336,41763100.0,41884300.0,1
2018-07-18,65.0,65.09999847412111,63.25,64.76999664306639,28121000,0,63.68879928588867,63.40439987182617,65.71899967193603,66.56046663920084,62.26040007273357,32030100.0,40162200.0,43897900.0,51429083.33333334,41918141.66666666,64.53800201416016,62.02000045776367,63.77399826049805,63.34199905395508,63.79199981689453,63.4931999206543,63.48440017700195,63.82080001831055,63.42200012207032,63.12000045776367,63.1446002960205,63.39220008850098,64.04919967651367,64.67039985656739,65.22620010375978,66.00599994659424,66.48739986419677,66.96809997558594,67.35659999847412,67.63730010986328,66.3423334757487,66.1693333943685,66.0474666595459,65.81986668904622,65.6532667795817,62.12546679178874,62.01730009714762,61.98390007019043,61.89883340199789,61.80210005442303,31290000.0,33765300.0,33543400.0,36539100.0,48294300.0,43491400.0,49373200.0,48710050.0,49974150.0,51280400.0,45682325.0,46951575.0,47708975.0,48986775.0,49923925.0,51490916.66666666,51124516.66666666,50725466.66666666,50733783.33333334,51028533.33333334,41857241.66666666,41743216.66666666,41599208.333333336,41656533.333333336,41763100.0,1
2018-07-19,63.26599884033203,64.70800018310547,62.80199813842773,64.04599761962889,29576500,0,63.82959899902344,63.62579956054689,65.29909954071044,66.56533317565918,62.382966677347824,32224200.0,34381650.0,43280800.0,49287083.33333334,41937308.333333336,64.76999664306639,64.53800201416016,62.02000045776367,63.77399826049805,63.34199905395508,63.68879928588867,63.4931999206543,63.48440017700195,63.82080001831055,63.42200012207032,63.40439987182617,63.1446002960205,63.39220008850098,64.04919967651367,64.67039985656739,65.71899967193603,66.00599994659424,66.48739986419677,66.96809997558594,67.35659999847412,66.56046663920084,66.3423334757487,66.1693333943685,66.0474666595459,65.81986668904622,62.26040007273357,62.12546679178874,62.01730009714762,61.98390007019043,61.89883340199789,32030100.0,31290000.0,33765300.0,33543400.0,36539100.0,40162200.0,43491400.0,49373200.0,48710050.0,49974150.0,43897900.0,45682325.0,46951575.0,47708975.0,48986775.0,51429083.33333334,51490916.66666666,51124516.66666666,50725466.66666666,50733783.33333334,41918141.66666666,41857241.66666666,41743216.66666666,41599208.333333336,41656533.333333336,1
2018-07-20,64.24600219726561,64.64800262451172,62.34199905395508,62.71599960327149,25811000,0,63.617999267578135,63.719399642944346,64.95979957580566,66.54859987894693,62.492599995930995,31516600.0,32530000.0,42579575.0,47756566.66666666,42033025.0,64.04599761962889,64.76999664306639,64.53800201416016,62.02000045776367,63.77399826049805,63.82959899902344,63.68879928588867,63.4931999206543,63.48440017700195,63.82080001831055,63.62579956054689,63.40439987182617,63.1446002960205,63.39220008850098,64.04919967651367,65.29909954071044,65.71899967193603,66.00599994659424,66.48739986419677,66.96809997558594,66.56533317565918,66.56046663920084,66.3423334757487,66.1693333943685,66.0474666595459,62.382966677347824,62.26040007273357,62.12546679178874,62.01730009714762,61.98390007019043,32224200.0,32030100.0,31290000.0,33765300.0,33543400.0,34381650.0,40162200.0,43491400.0,49373200.0,48710050.0,43280800.0,43897900.0,45682325.0,46951575.0,47708975.0,49287083.33333334,51429083.33333334,51490916.66666666,51124516.66666666,50725466.66666666,41937308.333333336,41918141.66666666,41857241.66666666,41743216.66666666,41599208.333333336,1
2018-07-23,60.36800003051758,61.099998474121094,58.571998596191406,60.63999938964844,54964500,0,63.34199905395508,63.413199615478526,64.65549964904785,66.4521998087565,62.55166664123535,34690800.0,34228050.0,42761275.0,48221183.33333334,42586100.0,62.71599960327149,64.04599761962889,64.76999664306639,64.53800201416016,62.02000045776367,63.617999267578135,63.82959899902344,63.68879928588867,63.4931999206543,63.48440017700195,63.719399642944346,63.62579956054689,63.40439987182617,63.1446002960205,63.39220008850098,64.95979957580566,65.29909954071044,65.71899967193603,66.00599994659424,66.48739986419677,66.54859987894693,66.56533317565918,66.56046663920084,66.3423334757487,66.1693333943685,62.492599995930995,62.382966677347824,62.26040007273357,62.12546679178874,62.01730009714762,31516600.0,32224200.0,32030100.0,31290000.0,33765300.0,32530000.0,34381650.0,40162200.0,43491400.0,49373200.0,42579575.0,43280800.0,43897900.0,45682325.0,46951575.0,47756566.66666666,49287083.33333334,51429083.33333334,51490916.66666666,51124516.66666666,42033025.0,41937308.333333336,41918141.66666666,41857241.66666666,41743216.66666666,1
2018-07-24,60.88399887084961,61.54399871826172,58.5099983215332,59.486000061035156,47954000,1,62.33159866333008,62.91239929199219,64.29969978332521,66.22106653849283,62.562833277384435,37285400.0,34287700.0,43426150.0,47622400.0,43021616.66666666,60.63999938964844,62.71599960327149,64.04599761962889,64.76999664306639,64.53800201416016,63.34199905395508,63.617999267578135,63.82959899902344,63.68879928588867,63.4931999206543,63.413199615478526,63.719399642944346,63.62579956054689,63.40439987182617,63.1446002960205,64.65549964904785,64.95979957580566,65.29909954071044,65.71899967193603,66.00599994659424,66.4521998087565,66.54859987894693,66.56533317565918,66.56046663920084,66.3423334757487,62.55166664123535,62.492599995930995,62.382966677347824,62.26040007273357,62.12546679178874,34690800.0,31516600.0,32224200.0,32030100.0,31290000.0,34228050.0,32530000.0,34381650.0,40162200.0,43491400.0,42761275.0,42579575.0,43280800.0,43897900.0,45682325.0,48221183.33333334,47756566.66666666,49287083.33333334,51429083.33333334,51490916.66666666,42586100.0,42033025.0,41937308.333333336,41918141.66666666,41857241.66666666,1
2018-07-25,59.347999572753906,61.92399978637695,58.9000015258789,61.74800109863281,35377000,0,61.72719955444336,62.707999420166026,63.96709976196289,65.9941998799642,62.61229998270671,38736600.0,35383350.0,43331875.0,45077066.66666666,43258883.333333336,59.486000061035156,60.63999938964844,62.71599960327149,64.04599761962889,64.76999664306639,62.33159866333008,63.34199905395508,63.617999267578135,63.82959899902344,63.68879928588867,62.91239929199219,63.413199615478526,63.719399642944346,63.62579956054689,63.40439987182617,64.29969978332521,64.65549964904785,64.95979957580566,65.29909954071044,65.71899967193603,66.22106653849283,66.4521998087565,66.54859987894693,66.56533317565918,66.56046663920084,62.562833277384435,62.55166664123535,62.492599995930995,62.382966677347824,62.26040007273357,37285400.0,34690800.0,31516600.0,32224200.0,32030100.0,34287700.0,34228050.0,32530000.0,34381650.0,40162200.0,43426150.0,42761275.0,42579575.0,43280800.0,43897900.0,47622400.0,48221183.33333334,47756566.66666666,49287083.33333334,51429083.33333334,43021616.66666666,42586100.0,42033025.0,41937308.333333336,41918141.66666666,1
2018-07-26,60.97000122070313,62.13999938964844,60.72800064086914,61.33000183105469,23152500,0,61.18400039672851,62.50679969787598,63.58859977722168,65.73999989827475,62.634733327229824,37451800.0,34838000.0,42406075.0,44270516.66666666,43259291.66666666,61.74800109863281,59.486000061035156,60.63999938964844,62.71599960327149,64.04599761962889,61.72719955444336,62.33159866333008,63.34199905395508,63.617999267578135,63.82959899902344,62.707999420166026,62.91239929199219,63.413199615478526,63.719399642944346,63.62579956054689,63.96709976196289,64.29969978332521,64.65549964904785,64.95979957580566,65.29909954071044,65.9941998799642,66.22106653849283,66.4521998087565,66.54859987894693,66.56533317565918,62.61229998270671,62.562833277384435,62.55166664123535,62.492599995930995,62.382966677347824,38736600.0,37285400.0,34690800.0,31516600.0,32224200.0,35383350.0,34287700.0,34228050.0,32530000.0,34381650.0,43331875.0,43426150.0,42761275.0,42579575.0,43280800.0,45077066.66666666,47622400.0,48221183.33333334,47756566.66666666,49287083.33333334,43258883.333333336,43021616.66666666,42586100.0,42033025.0,41937308.333333336,1
2018-07-27,61.45000076293945,61.53799819946289,59.06800079345703,59.43600082397461,28516500,0,60.52800064086914,62.07299995422363,63.06109981536865,65.33639996846517,62.62150001525879,37992900.0,34754750.0,41732400.0,43390900.0,42987033.333333336,61.33000183105469,61.74800109863281,59.486000061035156,60.63999938964844,62.71599960327149,61.18400039672851,61.72719955444336,62.33159866333008,63.34199905395508,63.617999267578135,62.50679969787598,62.707999420166026,62.91239929199219,63.413199615478526,63.719399642944346,63.58859977722168,63.96709976196289,64.29969978332521,64.65549964904785,64.95979957580566,65.73999989827475,65.9941998799642,66.22106653849283,66.4521998087565,66.54859987894693,62.634733327229824,62.61229998270671,62.562833277384435,62.55166664123535,62.492599995930995,37451800.0,38736600.0,37285400.0,34690800.0,31516600.0,34838000.0,35383350.0,34287700.0,34228050.0,32530000.0,42406075.0,43331875.0,43426150.0,42761275.0,42579575.0,44270516.66666666,45077066.66666666,47622400.0,48221183.33333334,47756566.66666666,43259291.66666666,43258883.333333336,43021616.66666666,42586100.0,42033025.0,1
2018-07-30,59.18000030517578,59.22000122070313,57.22600173950195,58.03400039672852,34070500,1,60.00680084228516,61.67439994812012,62.53330001831055,64.8830665588379,62.64056669871014,33814100.0,34252450.0,41812825.0,42718533.333333336,42108866.66666666,59.43600082397461,61.33000183105469,61.74800109863281,59.486000061035156,60.63999938964844,60.52800064086914,61.18400039672851,61.72719955444336,62.33159866333008,63.34199905395508,62.07299995422363,62.50679969787598,62.707999420166026,62.91239929199219,63.413199615478526,63.06109981536865,63.58859977722168,63.96709976196289,64.29969978332521,64.65549964904785,65.33639996846517,65.73999989827475,65.9941998799642,66.22106653849283,66.4521998087565,62.62150001525879,62.634733327229824,62.61229998270671,62.562833277384435,62.55166664123535,37992900.0,37451800.0,38736600.0,37285400.0,34690800.0,34754750.0,34838000.0,35383350.0,34287700.0,34228050.0,41732400.0,42406075.0,43331875.0,43426150.0,42761275.0,43390900.0,44270516.66666666,45077066.66666666,47622400.0,48221183.33333334,42987033.333333336,43259291.66666666,43258883.333333336,43021616.66666666,42586100.0,1
2018-07-31,58.45000076293945,59.66400146484375,57.81399917602539,59.62799835205078,25384500,1,60.03520050048828,61.18339958190918,62.16399993896484,64.39846649169922,62.65406665802002,29300200.0,33292800.0,38392100.0,41552483.333333336,41817825.0,58.03400039672852,59.43600082397461,61.33000183105469,61.74800109863281,59.486000061035156,60.00680084228516,60.52800064086914,61.18400039672851,61.72719955444336,62.33159866333008,61.67439994812012,62.07299995422363,62.50679969787598,62.707999420166026,62.91239929199219,62.53330001831055,63.06109981536865,63.58859977722168,63.96709976196289,64.29969978332521,64.8830665588379,65.33639996846517,65.73999989827475,65.9941998799642,66.22106653849283,62.64056669871014,62.62150001525879,62.634733327229824,62.61229998270671,62.562833277384435,33814100.0,37992900.0,37451800.0,38736600.0,37285400.0,34252450.0,34754750.0,34838000.0,35383350.0,34287700.0,41812825.0,41732400.0,42406075.0,43331875.0,43426150.0,42718533.333333336,43390900.0,44270516.66666666,45077066.66666666,47622400.0,42108866.66666666,42987033.333333336,43259291.66666666,43258883.333333336,43021616.66666666,1
2018-08-01,59.597999572753906,60.599998474121094,58.599998474121094,60.16799926757813,50647000,1,59.719200134277344,60.72319984436035,62.06379985809326,64.05373306274414,62.64763329823811,32354200.0,35545400.0,37853800.0,41113733.333333336,41938758.333333336,59.62799835205078,58.03400039672852,59.43600082397461,61.33000183105469,61.74800109863281,60.03520050048828,60.00680084228516,60.52800064086914,61.18400039672851,61.72719955444336,61.18339958190918,61.67439994812012,62.07299995422363,62.50679969787598,62.707999420166026,62.16399993896484,62.53330001831055,63.06109981536865,63.58859977722168,63.96709976196289,64.39846649169922,64.8830665588379,65.33639996846517,65.73999989827475,65.9941998799642,62.65406665802002,62.64056669871014,62.62150001525879,62.634733327229824,62.61229998270671,29300200.0,33814100.0,37992900.0,37451800.0,38736600.0,33292800.0,34252450.0,34754750.0,34838000.0,35383350.0,38392100.0,41812825.0,41732400.0,42406075.0,43331875.0,41552483.333333336,42718533.333333336,43390900.0,44270516.66666666,45077066.66666666,41817825.0,42108866.66666666,42987033.333333336,43259291.66666666,43258883.333333336,0
2018-08-02,65.68800354003906,69.99800109863281,64.63200378417969,69.90799713134766,116075000,0,61.43479919433594,61.30939979553223,62.46759967803955,63.96919962565104,62.806199900309245,50938700.0,44195250.0,39288450.0,43585616.66666666,43379175.0,60.16799926757813,59.62799835205078,58.03400039672852,59.43600082397461,61.33000183105469,59.719200134277344,60.03520050048828,60.00680084228516,60.52800064086914,61.18400039672851,60.72319984436035,61.18339958190918,61.67439994812012,62.07299995422363,62.50679969787598,62.06379985809326,62.16399993896484,62.53330001831055,63.06109981536865,63.58859977722168,64.05373306274414,64.39846649169922,64.8830665588379,65.33639996846517,65.73999989827475,62.64763329823811,62.65406665802002,62.64056669871014,62.62150001525879,62.634733327229824,32354200.0,29300200.0,33814100.0,37992900.0,37451800.0,35545400.0,33292800.0,34252450.0,34754750.0,34838000.0,37853800.0,38392100.0,41812825.0,41732400.0,42406075.0,41113733.333333336,41552483.333333336,42718533.333333336,43390900.0,44270516.66666666,41938758.333333336,41817825.0,42108866.66666666,42987033.333333336,43259291.66666666,1
2018-08-03,69.56199645996094,71.0,68.50599670410156,69.63400268554689,68282500,0,63.47439956665039,62.00120010375976,62.86029987335205,63.973599751790374,62.94393329620361,58891900.0,48442400.0,40486200.0,44533850.0,44039933.333333336,69.90799713134766,60.16799926757813,59.62799835205078,58.03400039672852,59.43600082397461,61.43479919433594,59.719200134277344,60.03520050048828,60.00680084228516,60.52800064086914,61.30939979553223,60.72319984436035,61.18339958190918,61.67439994812012,62.07299995422363,62.46759967803955,62.06379985809326,62.16399993896484,62.53330001831055,63.06109981536865,63.96919962565104,64.05373306274414,64.39846649169922,64.8830665588379,65.33639996846517,62.806199900309245,62.64763329823811,62.65406665802002,62.64056669871014,62.62150001525879,50938700.0,32354200.0,29300200.0,33814100.0,37992900.0,44195250.0,35545400.0,33292800.0,34252450.0,34754750.0,39288450.0,37853800.0,38392100.0,41812825.0,41732400.0,43585616.66666666,41113733.333333336,41552483.333333336,42718533.333333336,43390900.0,43379175.0,41938758.333333336,41817825.0,42108866.66666666,42987033.333333336,0
2018-08-06,69.09200286865234,70.99600219726562,68.36399841308594,68.39800262451172,42821500,1,65.54720001220703,62.7770004272461,63.09510002136231,64.0293332417806,63.067166646321624,60642100.0,47228100.0,40728075.0,44250216.66666666,44282658.333333336,69.63400268554689,69.90799713134766,60.16799926757813,59.62799835205078,58.03400039672852,63.47439956665039,61.43479919433594,59.719200134277344,60.03520050048828,60.00680084228516,62.00120010375976,61.30939979553223,60.72319984436035,61.18339958190918,61.67439994812012,62.86029987335205,62.46759967803955,62.06379985809326,62.16399993896484,62.53330001831055,63.973599751790374,63.96919962565104,64.05373306274414,64.39846649169922,64.8830665588379,62.94393329620361,62.806199900309245,62.64763329823811,62.65406665802002,62.64056669871014,58891900.0,50938700.0,32354200.0,29300200.0,33814100.0,48442400.0,44195250.0,35545400.0,33292800.0,34252450.0,40486200.0,39288450.0,37853800.0,38392100.0,41812825.0,44533850.0,43585616.66666666,41113733.333333336,41552483.333333336,42718533.333333336,44039933.333333336,43379175.0,41938758.333333336,41817825.0,42108866.66666666,1
2018-08-07,68.76799774169922,77.49199676513672,67.83000183105469,75.91400146484375,154379000,0,68.80440063476563,64.41980056762695,63.66609992980957,64.33973337809245,63.328866640726716,86441000.0,57870600.0,46079150.0,48240966.66666666,46465675.0,68.39800262451172,69.63400268554689,69.90799713134766,60.16799926757813,59.62799835205078,65.54720001220703,63.47439956665039,61.43479919433594,59.719200134277344,60.03520050048828,62.7770004272461,62.00120010375976,61.30939979553223,60.72319984436035,61.18339958190918,63.09510002136231,62.86029987335205,62.46759967803955,62.06379985809326,62.16399993896484,64.0293332417806,63.973599751790374,63.96919962565104,64.05373306274414,64.39846649169922,63.067166646321624,62.94393329620361,62.806199900309245,62.64763329823811,62.65406665802002,60642100.0,58891900.0,50938700.0,32354200.0,29300200.0,47228100.0,48442400.0,44195250.0,35545400.0,33292800.0,40728075.0,40486200.0,39288450.0,37853800.0,38392100.0,44250216.66666666,44533850.0,43585616.66666666,41113733.333333336,41552483.333333336,44282658.333333336,44039933.333333336,43379175.0,41938758.333333336,41817825.0,1
2018-08-08,73.81800079345703,76.52799987792969,73.42400360107422,74.06800079345703,122856000,0,71.5844009399414,65.65180053710938,64.17989997863769,64.52866668701172,63.590099970499665,100882800.0,66618500.0,51000925.0,51094083.33333334,47906041.66666666,75.91400146484375,68.39800262451172,69.63400268554689,69.90799713134766,60.16799926757813,68.80440063476563,65.54720001220703,63.47439956665039,61.43479919433594,59.719200134277344,64.41980056762695,62.7770004272461,62.00120010375976,61.30939979553223,60.72319984436035,63.66609992980957,63.09510002136231,62.86029987335205,62.46759967803955,62.06379985809326,64.33973337809245,64.0293332417806,63.973599751790374,63.96919962565104,64.05373306274414,63.328866640726716,63.067166646321624,62.94393329620361,62.806199900309245,62.64763329823811,86441000.0,60642100.0,58891900.0,50938700.0,32354200.0,57870600.0,47228100.0,48442400.0,44195250.0,35545400.0,46079150.0,40728075.0,40486200.0,39288450.0,37853800.0,48240966.66666666,44250216.66666666,44533850.0,43585616.66666666,41113733.333333336,46465675.0,44282658.333333336,44039933.333333336,43379175.0,41938758.333333336,1
2018-08-09,73.11000061035156,73.4020004272461,69.14600372314453,70.48999786376953,85919000,1,71.70080108642578,66.56780014038085,64.53729991912842,64.5816665649414,63.817666625976564,94851600.0,72895150.0,53866575.0,52569100.0,48544758.33333334,74.06800079345703,75.91400146484375,68.39800262451172,69.63400268554689,69.90799713134766,71.5844009399414,68.80440063476563,65.54720001220703,63.47439956665039,61.43479919433594,65.65180053710938,64.41980056762695,62.7770004272461,62.00120010375976,61.30939979553223,64.17989997863769,63.66609992980957,63.09510002136231,62.86029987335205,62.46759967803955,64.52866668701172,64.33973337809245,64.0293332417806,63.973599751790374,63.96919962565104,63.590099970499665,63.328866640726716,63.067166646321624,62.94393329620361,62.806199900309245,100882800.0,86441000.0,60642100.0,58891900.0,50938700.0,66618500.0,57870600.0,47228100.0,48442400.0,44195250.0,51000925.0,46079150.0,40728075.0,40486200.0,39288450.0,51094083.33333334,48240966.66666666,44250216.66666666,44533850.0,43585616.66666666,47906041.66666666,46465675.0,44282658.333333336,44039933.333333336,43379175.0,1
2018-08-10,70.80000305175781,72.0,69.19999694824219,71.0979995727539,57760000,1,71.99360046386718,67.73400001525879,64.90349998474122,64.61873321533203,64.04769992828369,92747100.0,75819500.0,55287125.0,53094766.66666666,49034591.66666666,70.48999786376953,74.06800079345703,75.91400146484375,68.39800262451172,69.63400268554689,71.70080108642578,71.5844009399414,68.80440063476563,65.54720001220703,63.47439956665039,66.56780014038085,65.65180053710938,64.41980056762695,62.7770004272461,62.00120010375976,64.53729991912842,64.17989997863769,63.66609992980957,63.09510002136231,62.86029987335205,64.5816665649414,64.52866668701172,64.33973337809245,64.0293332417806,63.973599751790374,63.817666625976564,63.590099970499665,63.328866640726716,63.067166646321624,62.94393329620361,94851600.0,100882800.0,86441000.0,60642100.0,58891900.0,72895150.0,66618500.0,57870600.0,47228100.0,48442400.0,53866575.0,51000925.0,46079150.0,40728075.0,40486200.0,52569100.0,51094083.33333334,48240966.66666666,44250216.66666666,44533850.0,48544758.33333334,47906041.66666666,46465675.0,44282658.333333336,44039933.333333336,1
2018-08-13,72.22599792480469,72.63800048828125,69.80400085449219,71.28199768066406,52319500,0,72.57039947509766,69.05879974365234,65.36659984588623,64.70846659342448,64.28726654052734,94646700.0,77644400.0,55948425.0,53756683.33333334,49538200.0,71.0979995727539,70.48999786376953,74.06800079345703,75.91400146484375,68.39800262451172,71.99360046386718,71.70080108642578,71.5844009399414,68.80440063476563,65.54720001220703,67.73400001525879,66.56780014038085,65.65180053710938,64.41980056762695,62.7770004272461,64.90349998474122,64.53729991912842,64.17989997863769,63.66609992980957,63.09510002136231,64.61873321533203,64.5816665649414,64.52866668701172,64.33973337809245,64.0293332417806,64.04769992828369,63.817666625976564,63.590099970499665,63.328866640726716,63.067166646321624,92747100.0,94851600.0,100882800.0,86441000.0,60642100.0,75819500.0,72895150.0,66618500.0,57870600.0,47228100.0,55287125.0,53866575.0,51000925.0,46079150.0,40728075.0,53094766.66666666,52569100.0,51094083.33333334,48240966.66666666,44250216.66666666,49034591.66666666,48544758.33333334,47906041.66666666,46465675.0,44282658.333333336,1
2018-08-14,71.69000244140625,71.83999633789062,69.41999816894531,69.52799987792969,34932000,0,71.29319915771484,70.04879989624024,65.61609973907471,64.79226659138997,64.52333323160808,70757300.0,78599150.0,55945975.0,51794450.0,49516075.0,71.28199768066406,71.0979995727539,70.48999786376953,74.06800079345703,75.91400146484375,72.57039947509766,71.99360046386718,71.70080108642578,71.5844009399414,68.80440063476563,69.05879974365234,67.73400001525879,66.56780014038085,65.65180053710938,64.41980056762695,65.36659984588623,64.90349998474122,64.53729991912842,64.17989997863769,63.66609992980957,64.70846659342448,64.61873321533203,64.5816665649414,64.52866668701172,64.33973337809245,64.28726654052734,64.04769992828369,63.817666625976564,63.590099970499665,63.328866640726716,94646700.0,92747100.0,94851600.0,100882800.0,86441000.0,77644400.0,75819500.0,72895150.0,66618500.0,57870600.0,55948425.0,55287125.0,53866575.0,51000925.0,46079150.0,53756683.33333334,53094766.66666666,52569100.0,51094083.33333334,48240966.66666666,49538200.0,49034591.66666666,48544758.33333334,47906041.66666666,46465675.0,0
2018-08-15,68.38200378417969,68.89800262451172,66.42800140380861,67.73799896240234,45506500,0,70.02719879150389,70.80579986572266,65.7644998550415,64.9777998606364,64.70399990081788,55287400.0,78085100.0,56815250.0,51264233.33333334,49509300.0,69.52799987792969,71.28199768066406,71.0979995727539,70.48999786376953,74.06800079345703,71.29319915771484,72.57039947509766,71.99360046386718,71.70080108642578,71.5844009399414,70.04879989624024,69.05879974365234,67.73400001525879,66.56780014038085,65.65180053710938,65.61609973907471,65.36659984588623,64.90349998474122,64.53729991912842,64.17989997863769,64.79226659138997,64.70846659342448,64.61873321533203,64.5816665649414,64.52866668701172,64.52333323160808,64.28726654052734,64.04769992828369,63.817666625976564,63.590099970499665,70757300.0,94646700.0,92747100.0,94851600.0,100882800.0,78599150.0,77644400.0,75819500.0,72895150.0,66618500.0,55945975.0,55948425.0,55287125.0,53866575.0,51000925.0,51794450.0,53756683.33333334,53094766.66666666,52569100.0,51094083.33333334,49516075.0,49538200.0,49034591.66666666,48544758.33333334,47906041.66666666,1
2018-08-16,67.98200225830078,68.45600128173828,66.76399993896484,67.08999633789061,30320000,0,69.34719848632811,70.52399978637695,65.9166997909546,65.15306638081869,64.90546652475993,44167600.0,69509600.0,56852425.0,49362166.66666666,49269150.0,67.73799896240234,69.52799987792969,71.28199768066406,71.0979995727539,70.48999786376953,70.02719879150389,71.29319915771484,72.57039947509766,71.99360046386718,71.70080108642578,70.80579986572266,70.04879989624024,69.05879974365234,67.73400001525879,66.56780014038085,65.7644998550415,65.61609973907471,65.36659984588623,64.90349998474122,64.53729991912842,64.9777998606364,64.79226659138997,64.70846659342448,64.61873321533203,64.5816665649414,64.70399990081788,64.52333323160808,64.28726654052734,64.04769992828369,63.817666625976564,55287400.0,70757300.0,94646700.0,92747100.0,94851600.0,78085100.0,78599150.0,77644400.0,75819500.0,72895150.0,56815250.0,55945975.0,55948425.0,55287125.0,53866575.0,51264233.33333334,51794450.0,53756683.33333334,53094766.66666666,52569100.0,49509300.0,49516075.0,49538200.0,49034591.66666666,48544758.33333334,0
2018-08-17,64.69999694824219,65.35399627685547,60.70600128173828,61.099998474121094,94793000,1,67.34759826660157,69.67059936523438,65.83589973449708,65.13039970397949,64.99356651306152,51574200.0,72160650.0,60301525.0,51044350.0,50350275.0,67.08999633789061,67.73799896240234,69.52799987792969,71.28199768066406,71.0979995727539,69.34719848632811,70.02719879150389,71.29319915771484,72.57039947509766,71.99360046386718,70.52399978637695,70.80579986572266,70.04879989624024,69.05879974365234,67.73400001525879,65.9166997909546,65.7644998550415,65.61609973907471,65.36659984588623,64.90349998474122,65.15306638081869,64.9777998606364,64.79226659138997,64.70846659342448,64.61873321533203,64.90546652475993,64.70399990081788,64.52333323160808,64.28726654052734,64.04769992828369,44167600.0,55287400.0,70757300.0,94646700.0,92747100.0,69509600.0,78085100.0,78599150.0,77644400.0,75819500.0,56852425.0,56815250.0,55945975.0,55948425.0,55287125.0,49362166.66666666,51264233.33333334,51794450.0,53756683.33333334,53094766.66666666,49269150.0,49509300.0,49516075.0,49538200.0,49034591.66666666,0
2018-08-20,58.34000015258789,61.70000076293945,57.63999938964844,61.6879997253418,87011500,1,65.42879867553711,68.99959907531738,65.88829975128174,65.06326637268066,65.09553318023681,58512600.0,76579650.0,61903875.0,52678600.0,51452408.33333334,61.099998474121094,67.08999633789061,67.73799896240234,69.52799987792969,71.28199768066406,67.34759826660157,69.34719848632811,70.02719879150389,71.29319915771484,72.57039947509766,69.67059936523438,70.52399978637695,70.80579986572266,70.04879989624024,69.05879974365234,65.83589973449708,65.9166997909546,65.7644998550415,65.61609973907471,65.36659984588623,65.13039970397949,65.15306638081869,64.9777998606364,64.79226659138997,64.70846659342448,64.99356651306152,64.90546652475993,64.70399990081788,64.52333323160808,64.28726654052734,51574200.0,44167600.0,55287400.0,70757300.0,94646700.0,72160650.0,69509600.0,78085100.0,78599150.0,77644400.0,60301525.0,56852425.0,56815250.0,55945975.0,55948425.0,51044350.0,49362166.66666666,51264233.33333334,51794450.0,53756683.33333334,50350275.0,49269150.0,49509300.0,49516075.0,49538200.0,1
2018-08-21,62.12200164794922,64.95800018310547,61.79999923706055,64.37999725341797,65861000,0,64.39919815063476,67.8461986541748,66.13299961090088,65.05946617126465,65.23903312683106,64698400.0,67727850.0,62799225.0,53295383.33333334,52227166.66666666,61.6879997253418,61.099998474121094,67.08999633789061,67.73799896240234,69.52799987792969,65.42879867553711,67.34759826660157,69.34719848632811,70.02719879150389,71.29319915771484,68.99959907531738,69.67059936523438,70.52399978637695,70.80579986572266,70.04879989624024,65.88829975128174,65.83589973449708,65.9166997909546,65.7644998550415,65.61609973907471,65.06326637268066,65.13039970397949,65.15306638081869,64.9777998606364,64.79226659138997,65.09553318023681,64.99356651306152,64.90546652475993,64.70399990081788,64.52333323160808,58512600.0,51574200.0,44167600.0,55287400.0,70757300.0,76579650.0,72160650.0,69509600.0,78085100.0,78599150.0,61903875.0,60301525.0,56852425.0,56815250.0,55945975.0,52678600.0,51044350.0,49362166.66666666,51264233.33333334,51794450.0,51452408.33333334,50350275.0,49269150.0,49509300.0,49516075.0,1
2018-08-22,64.17400360107422,64.7760009765625,62.933998107910156,64.3280029296875,29730000,0,63.7171989440918,66.87219886779785,66.26199970245361,65.07733294169107,65.3652998606364,61543100.0,58415250.0,62516875.0,53472366.66666666,52250450.0,64.37999725341797,61.6879997253418,61.099998474121094,67.08999633789061,67.73799896240234,64.39919815063476,65.42879867553711,67.34759826660157,69.34719848632811,70.02719879150389,67.8461986541748,68.99959907531738,69.67059936523438,70.52399978637695,70.80579986572266,66.13299961090088,65.88829975128174,65.83589973449708,65.9166997909546,65.7644998550415,65.05946617126465,65.06326637268066,65.13039970397949,65.15306638081869,64.9777998606364,65.23903312683106,65.09553318023681,64.99356651306152,64.90546652475993,64.70399990081788,64698400.0,58512600.0,51574200.0,44167600.0,55287400.0,67727850.0,76579650.0,72160650.0,69509600.0,78085100.0,62799225.0,61903875.0,60301525.0,56852425.0,56815250.0,53295383.33333334,52678600.0,51044350.0,49362166.66666666,51264233.33333334,52227166.66666666,51452408.33333334,50350275.0,49269150.0,49509300.0,0
2018-08-23,63.82799911499024,65.46399688720703,63.61999893188477,64.01999664306639,25736500,1,63.10319900512695,66.22519874572754,66.3964994430542,65.09993286132813,65.45989977518717,60626400.0,52397000.0,62646075.0,53376716.66666666,52055250.0,64.3280029296875,64.37999725341797,61.6879997253418,61.099998474121094,67.08999633789061,63.7171989440918,64.39919815063476,65.42879867553711,67.34759826660157,69.34719848632811,66.87219886779785,67.8461986541748,68.99959907531738,69.67059936523438,70.52399978637695,66.26199970245361,66.13299961090088,65.88829975128174,65.83589973449708,65.9166997909546,65.07733294169107,65.05946617126465,65.06326637268066,65.13039970397949,65.15306638081869,65.3652998606364,65.23903312683106,65.09553318023681,64.99356651306152,64.90546652475993,61543100.0,64698400.0,58512600.0,51574200.0,44167600.0,58415250.0,67727850.0,76579650.0,72160650.0,69509600.0,62516875.0,62799225.0,61903875.0,60301525.0,56852425.0,53472366.66666666,53295383.33333334,52678600.0,51044350.0,49362166.66666666,52250450.0,52227166.66666666,51452408.33333334,50350275.0,49269150.0,1
2018-08-24,64.13999938964844,64.76999664306639,63.88000106811523,64.56400299072266,18013000,0,63.79599990844726,65.57179908752441,66.6528995513916,65.1262663523356,65.58686650594076,45270400.0,48422300.0,62120900.0,52998850.0,51862158.33333334,64.01999664306639,64.3280029296875,64.37999725341797,61.6879997253418,61.099998474121094,63.10319900512695,63.7171989440918,64.39919815063476,65.42879867553711,67.34759826660157,66.22519874572754,66.87219886779785,67.8461986541748,68.99959907531738,69.67059936523438,66.3964994430542,66.26199970245361,66.13299961090088,65.88829975128174,65.83589973449708,65.09993286132813,65.07733294169107,65.05946617126465,65.06326637268066,65.13039970397949,65.45989977518717,65.3652998606364,65.23903312683106,65.09553318023681,64.99356651306152,60626400.0,61543100.0,64698400.0,58512600.0,51574200.0,52397000.0,58415250.0,67727850.0,76579650.0,72160650.0,62646075.0,62516875.0,62799225.0,61903875.0,60301525.0,53376716.66666666,53472366.66666666,53295383.33333334,52678600.0,51044350.0,52055250.0,52250450.0,52227166.66666666,51452408.33333334,50350275.0,1
2018-08-27,63.599998474121094,64.48799896240234,61.762001037597656,63.85400009155274,65396500,0,64.22919998168945,64.82899932861328,66.94389953613282,65.18739967346191,65.67836653391521,40947400.0,49730000.0,63687200.0,53875616.66666666,52500066.66666666,64.56400299072266,64.01999664306639,64.3280029296875,64.37999725341797,61.6879997253418,63.79599990844726,63.10319900512695,63.7171989440918,64.39919815063476,65.42879867553711,65.57179908752441,66.22519874572754,66.87219886779785,67.8461986541748,68.99959907531738,66.6528995513916,66.3964994430542,66.26199970245361,66.13299961090088,65.88829975128174,65.1262663523356,65.09993286132813,65.07733294169107,65.05946617126465,65.06326637268066,65.58686650594076,65.45989977518717,65.3652998606364,65.23903312683106,65.09553318023681,45270400.0,60626400.0,61543100.0,64698400.0,58512600.0,48422300.0,52397000.0,58415250.0,67727850.0,76579650.0,62120900.0,62646075.0,62516875.0,62799225.0,61903875.0,52998850.0,53376716.66666666,53472366.66666666,53295383.33333334,52678600.0,51862158.33333334,52055250.0,52250450.0,52227166.66666666,51452408.33333334,1
2018-08-28,63.68199920654297,63.7760009765625,62.237998962402344,62.37200164794922,38245500,0,63.8276008605957,64.11339950561522,67.08109970092774,65.11519966125488,65.7287665685018,35424300.0,50061350.0,64330250.0,53984433.33333334,52737675.0,63.85400009155274,64.56400299072266,64.01999664306639,64.3280029296875,64.37999725341797,64.22919998168945,63.79599990844726,63.10319900512695,63.7171989440918,64.39919815063476,64.82899932861328,65.57179908752441,66.22519874572754,66.87219886779785,67.8461986541748,66.94389953613282,66.6528995513916,66.3964994430542,66.26199970245361,66.13299961090088,65.18739967346191,65.1262663523356,65.09993286132813,65.07733294169107,65.05946617126465,65.67836653391521,65.58686650594076,65.45989977518717,65.3652998606364,65.23903312683106,40947400.0,45270400.0,60626400.0,61543100.0,64698400.0,49730000.0,48422300.0,52397000.0,58415250.0,67727850.0,63687200.0,62120900.0,62646075.0,62516875.0,62799225.0,53875616.66666666,52998850.0,53376716.66666666,53472366.66666666,53295383.33333334,52500066.66666666,51862158.33333334,52055250.0,52250450.0,52227166.66666666,0
2018-08-29,62.05400085449219,62.36999893188477,60.737998962402344,61.00199890136719,37237000,0,63.16240005493164,63.43979949951172,67.12279968261718,64.98959973653157,65.77503318786621,36925700.0,49234400.0,63659750.0,54288300.0,52858691.66666666,62.37200164794922,63.85400009155274,64.56400299072266,64.01999664306639,64.3280029296875,63.8276008605957,64.22919998168945,63.79599990844726,63.10319900512695,63.7171989440918,64.11339950561522,64.82899932861328,65.57179908752441,66.22519874572754,66.87219886779785,67.08109970092774,66.94389953613282,66.6528995513916,66.3964994430542,66.26199970245361,65.11519966125488,65.18739967346191,65.1262663523356,65.09993286132813,65.07733294169107,65.7287665685018,65.67836653391521,65.58686650594076,65.45989977518717,65.3652998606364,35424300.0,40947400.0,45270400.0,60626400.0,61543100.0,50061350.0,49730000.0,48422300.0,52397000.0,58415250.0,64330250.0,63687200.0,62120900.0,62646075.0,62516875.0,53984433.33333334,53875616.66666666,52998850.0,53376716.66666666,53472366.66666666,52737675.0,52500066.66666666,51862158.33333334,52055250.0,52250450.0,0
2018-08-30,60.45199966430664,60.91999816894531,59.54399871826172,60.63000106811523,36083500,0,62.48440093994141,62.79379997253418,66.65889987945556,64.87573318481445,65.72053318023681,38995100.0,49810750.0,59660175.0,54505200.0,51896141.66666666,61.00199890136719,62.37200164794922,63.85400009155274,64.56400299072266,64.01999664306639,63.16240005493164,63.8276008605957,64.22919998168945,63.79599990844726,63.10319900512695,63.43979949951172,64.11339950561522,64.82899932861328,65.57179908752441,66.22519874572754,67.12279968261718,67.08109970092774,66.94389953613282,66.6528995513916,66.3964994430542,64.98959973653157,65.11519966125488,65.18739967346191,65.1262663523356,65.09993286132813,65.77503318786621,65.7287665685018,65.67836653391521,65.58686650594076,65.45989977518717,36925700.0,35424300.0,40947400.0,45270400.0,60626400.0,49234400.0,50061350.0,49730000.0,48422300.0,52397000.0,63659750.0,64330250.0,63687200.0,62120900.0,62646075.0,54288300.0,53984433.33333334,53875616.66666666,52998850.0,53376716.66666666,52858691.66666666,52737675.0,52500066.66666666,51862158.33333334,52055250.0,0
2018-08-31,60.4000015258789,61.0620002746582,59.72000122070313,60.33200073242188,26875500,0,61.63800048828125,62.71700019836426,66.19379978179931,64.79626655578613,65.67243321736653,40767600.0,43019000.0,57589825.0,54540683.33333334,51148625.0,60.63000106811523,61.00199890136719,62.37200164794922,63.85400009155274,64.56400299072266,62.48440093994141,63.16240005493164,63.8276008605957,64.22919998168945,63.79599990844726,62.79379997253418,63.43979949951172,64.11339950561522,64.82899932861328,65.57179908752441,66.65889987945556,67.12279968261718,67.08109970092774,66.94389953613282,66.6528995513916,64.87573318481445,64.98959973653157,65.11519966125488,65.18739967346191,65.1262663523356,65.72053318023681,65.77503318786621,65.7287665685018,65.67836653391521,65.58686650594076,38995100.0,36925700.0,35424300.0,40947400.0,45270400.0,49810750.0,49234400.0,50061350.0,49730000.0,48422300.0,59660175.0,63659750.0,64330250.0,63687200.0,62120900.0,54505200.0,54288300.0,53984433.33333334,53875616.66666666,52998850.0,51896141.66666666,52858691.66666666,52737675.0,52500066.66666666,51862158.33333334,1
2018-09-04,59.38800048828125,59.63800048828125,57.599998474121094,57.790000915527344,41752500,0,60.42520065307618,62.32720031738281,65.6633996963501,64.70126660664876,65.57673320770263,36038800.0,38493100.0,57536375.0,54100283.33333334,51160733.33333334,60.33200073242188,60.63000106811523,61.00199890136719,62.37200164794922,63.85400009155274,61.63800048828125,62.48440093994141,63.16240005493164,63.8276008605957,64.22919998168945,62.71700019836426,62.79379997253418,63.43979949951172,64.11339950561522,64.82899932861328,66.19379978179931,66.65889987945556,67.12279968261718,67.08109970092774,66.94389953613282,64.79626655578613,64.87573318481445,64.98959973653157,65.11519966125488,65.18739967346191,65.67243321736653,65.72053318023681,65.77503318786621,65.7287665685018,65.67836653391521,40767600.0,38995100.0,36925700.0,35424300.0,40947400.0,43019000.0,49810750.0,49234400.0,50061350.0,49730000.0,57589825.0,59660175.0,63659750.0,64330250.0,63687200.0,54540683.33333334,54505200.0,54288300.0,53984433.33333334,53875616.66666666,51148625.0,51896141.66666666,52858691.66666666,52737675.0,52500066.66666666,0
2018-09-05,57.0099983215332,57.35599899291992,55.43600082397461,56.14799880981445,38604000,1,59.18040008544922,61.50400047302246,64.67509956359864,64.58999989827474,65.4055332183838,36110500.0,35767400.0,51747625.0,53788616.66666666,50705508.33333334,57.790000915527344,60.33200073242188,60.63000106811523,61.00199890136719,62.37200164794922,60.42520065307618,61.63800048828125,62.48440093994141,63.16240005493164,63.8276008605957,62.32720031738281,62.71700019836426,62.79379997253418,63.43979949951172,64.11339950561522,65.6633996963501,66.19379978179931,66.65889987945556,67.12279968261718,67.08109970092774,64.70126660664876,64.79626655578613,64.87573318481445,64.98959973653157,65.11519966125488,65.57673320770263,65.67243321736653,65.72053318023681,65.77503318786621,65.7287665685018,36038800.0,40767600.0,38995100.0,36925700.0,35424300.0,38493100.0,43019000.0,49810750.0,49234400.0,50061350.0,57536375.0,57589825.0,59660175.0,63659750.0,64330250.0,54100283.33333334,54540683.33333334,54505200.0,54288300.0,53984433.33333334,51160733.33333334,51148625.0,51896141.66666666,52858691.66666666,52737675.0,1
2018-09-06,56.959999084472656,58.23400115966797,55.7760009765625,56.18999862670898,37404000,0,58.21800003051758,60.69020004272461,63.78119945526123,64.4047331492106,65.1994665145874,36143900.0,36534800.0,47475025.0,53856183.33333334,49466625.0,56.14799880981445,57.790000915527344,60.33200073242188,60.63000106811523,61.00199890136719,59.18040008544922,60.42520065307618,61.63800048828125,62.48440093994141,63.16240005493164,61.50400047302246,62.32720031738281,62.71700019836426,62.79379997253418,63.43979949951172,64.67509956359864,65.6633996963501,66.19379978179931,66.65889987945556,67.12279968261718,64.58999989827474,64.70126660664876,64.79626655578613,64.87573318481445,64.98959973653157,65.4055332183838,65.57673320770263,65.67243321736653,65.72053318023681,65.77503318786621,36110500.0,36038800.0,40767600.0,38995100.0,36925700.0,35767400.0,38493100.0,43019000.0,49810750.0,49234400.0,51747625.0,57536375.0,57589825.0,59660175.0,63659750.0,53788616.66666666,54100283.33333334,54540683.33333334,54505200.0,54288300.0,50705508.33333334,51160733.33333334,51148625.0,51896141.66666666,52858691.66666666,0
2018-09-07,52.02000045776367,53.66999816894531,50.45000076293945,52.64799880981445,112459500,1,56.62159957885742,59.553000259399404,62.889099502563475,64.11533304850259,64.92766647338867,51419100.0,45207100.0,48802050.0,56833083.33333334,50551800.0,56.18999862670898,56.14799880981445,57.790000915527344,60.33200073242188,60.63000106811523,58.21800003051758,59.18040008544922,60.42520065307618,61.63800048828125,62.48440093994141,60.69020004272461,61.50400047302246,62.32720031738281,62.71700019836426,62.79379997253418,63.78119945526123,64.67509956359864,65.6633996963501,66.19379978179931,66.65889987945556,64.4047331492106,64.58999989827474,64.70126660664876,64.79626655578613,64.87573318481445,65.1994665145874,65.4055332183838,65.57673320770263,65.67243321736653,65.72053318023681,36143900.0,36110500.0,36038800.0,40767600.0,38995100.0,36534800.0,35767400.0,38493100.0,43019000.0,49810750.0,47475025.0,51747625.0,57536375.0,57589825.0,59660175.0,53856183.33333334,53788616.66666666,54100283.33333334,54540683.33333334,54505200.0,49466625.0,50705508.33333334,51160733.33333334,51148625.0,51896141.66666666,0
2018-09-10,54.6520004272461,57.20600128173828,54.20000076293945,57.099998474121094,71417500,0,55.97519912719726,58.80659980773926,62.18919944763184,64.03746630350749,64.68693313598632,60327500.0,50547550.0,49484925.0,58263116.66666666,50827008.33333334,52.64799880981445,56.18999862670898,56.14799880981445,57.790000915527344,60.33200073242188,56.62159957885742,58.21800003051758,59.18040008544922,60.42520065307618,61.63800048828125,59.553000259399404,60.69020004272461,61.50400047302246,62.32720031738281,62.71700019836426,62.889099502563475,63.78119945526123,64.67509956359864,65.6633996963501,66.19379978179931,64.11533304850259,64.4047331492106,64.58999989827474,64.70126660664876,64.79626655578613,64.92766647338867,65.1994665145874,65.4055332183838,65.57673320770263,65.67243321736653,51419100.0,36143900.0,36110500.0,36038800.0,40767600.0,45207100.0,36534800.0,35767400.0,38493100.0,43019000.0,48802050.0,47475025.0,51747625.0,57536375.0,57589825.0,56833083.33333334,53856183.33333334,53788616.66666666,54100283.33333334,54540683.33333334,50551800.0,49466625.0,50705508.33333334,51160733.33333334,51148625.0,0
2018-09-11,55.89400100708008,56.4000015258789,54.709999084472656,55.88800048828125,45850000,1,55.59479904174805,58.00999984741211,61.419499588012705,63.96593297322591,64.4244997660319,61147000.0,48592900.0,49161450.0,58655766.66666666,50687150.0,57.099998474121094,52.64799880981445,56.18999862670898,56.14799880981445,57.790000915527344,55.97519912719726,56.62159957885742,58.21800003051758,59.18040008544922,60.42520065307618,58.80659980773926,59.553000259399404,60.69020004272461,61.50400047302246,62.32720031738281,62.18919944763184,62.889099502563475,63.78119945526123,64.67509956359864,65.6633996963501,64.03746630350749,64.11533304850259,64.4047331492106,64.58999989827474,64.70126660664876,64.68693313598632,64.92766647338867,65.1994665145874,65.4055332183838,65.57673320770263,60327500.0,51419100.0,36143900.0,36110500.0,36038800.0,50547550.0,45207100.0,36534800.0,35767400.0,38493100.0,49484925.0,48802050.0,47475025.0,51747625.0,57536375.0,58263116.66666666,56833083.33333334,53856183.33333334,53788616.66666666,54100283.33333334,50827008.33333334,50551800.0,49466625.0,50705508.33333334,51160733.33333334,1
2018-09-12,56.28799819946289,58.5,55.72999954223633,58.10800170898438,50077000,0,55.98679962158203,57.583599853515615,60.84849967956543,63.91526641845703,64.15686645507813,63441600.0,49776050.0,49918700.0,59478850.0,50515666.66666666,55.88800048828125,57.099998474121094,52.64799880981445,56.18999862670898,56.14799880981445,55.59479904174805,55.97519912719726,56.62159957885742,58.21800003051758,59.18040008544922,58.00999984741211,58.80659980773926,59.553000259399404,60.69020004272461,61.50400047302246,61.419499588012705,62.18919944763184,62.889099502563475,63.78119945526123,64.67509956359864,63.96593297322591,64.03746630350749,64.11533304850259,64.4047331492106,64.58999989827474,64.4244997660319,64.68693313598632,64.92766647338867,65.1994665145874,65.4055332183838,61147000.0,60327500.0,51419100.0,36143900.0,36110500.0,48592900.0,50547550.0,45207100.0,36534800.0,35767400.0,49161450.0,49484925.0,48802050.0,47475025.0,51747625.0,58655766.66666666,58263116.66666666,56833083.33333334,53856183.33333334,53788616.66666666,50687150.0,50827008.33333334,50551800.0,49466625.0,50705508.33333334,1
2018-09-13,57.60400009155274,59.0,57.0359992980957,57.89199829101562,31701500,1,56.32719955444336,57.27259979248047,60.35619964599609,63.83939971923828,63.94656639099121,62301100.0,49222500.0,49228450.0,58847333.33333334,49980533.33333334,58.10800170898438,55.88800048828125,57.099998474121094,52.64799880981445,56.18999862670898,55.98679962158203,55.59479904174805,55.97519912719726,56.62159957885742,58.21800003051758,57.583599853515615,58.00999984741211,58.80659980773926,59.553000259399404,60.69020004272461,60.84849967956543,61.419499588012705,62.18919944763184,62.889099502563475,63.78119945526123,63.91526641845703,63.96593297322591,64.03746630350749,64.11533304850259,64.4047331492106,64.15686645507813,64.4244997660319,64.68693313598632,64.92766647338867,65.1994665145874,63441600.0,61147000.0,60327500.0,51419100.0,36143900.0,49776050.0,48592900.0,50547550.0,45207100.0,36534800.0,49918700.0,49161450.0,49484925.0,48802050.0,47475025.0,59478850.0,58655766.66666666,58263116.66666666,56833083.33333334,53856183.33333334,50515666.66666666,50687150.0,50827008.33333334,50551800.0,49466625.0,1
2018-09-14,57.75199890136719,59.46599960327149,57.30400085449219,59.040000915527344,33828000,0,57.60559997558594,57.11359977722168,59.95369987487793,63.477133178710936,63.72316640218098,46574800.0,48996950.0,49403850.0,56105766.66666666,49845691.66666666,57.89199829101562,58.10800170898438,55.88800048828125,57.099998474121094,52.64799880981445,56.32719955444336,55.98679962158203,55.59479904174805,55.97519912719726,56.62159957885742,57.27259979248047,57.583599853515615,58.00999984741211,58.80659980773926,59.553000259399404,60.35619964599609,60.84849967956543,61.419499588012705,62.18919944763184,62.889099502563475,63.83939971923828,63.91526641845703,63.96593297322591,64.03746630350749,64.11533304850259,63.94656639099121,64.15686645507813,64.4244997660319,64.68693313598632,64.92766647338867,62301100.0,63441600.0,61147000.0,60327500.0,51419100.0,49222500.0,49776050.0,48592900.0,50547550.0,45207100.0,49228450.0,49918700.0,49161450.0,49484925.0,48802050.0,58847333.33333334,59478850.0,58655766.66666666,58263116.66666666,56833083.33333334,49980533.33333334,50515666.66666666,50687150.0,50827008.33333334,50551800.0,0
2018-09-17,58.00799942016602,60.17399978637695,57.6259994506836,58.96799850463867,34438000,0,57.97919998168946,56.97719955444336,59.84709987640381,63.121599706014,63.54759972890218,39178900.0,49753200.0,46386100.0,54977616.66666666,49755733.33333334,59.040000915527344,57.89199829101562,58.10800170898438,55.88800048828125,57.099998474121094,57.60559997558594,56.32719955444336,55.98679962158203,55.59479904174805,55.97519912719726,57.11359977722168,57.27259979248047,57.583599853515615,58.00999984741211,58.80659980773926,59.95369987487793,60.35619964599609,60.84849967956543,61.419499588012705,62.18919944763184,63.477133178710936,63.83939971923828,63.91526641845703,63.96593297322591,64.03746630350749,63.72316640218098,63.94656639099121,64.15686645507813,64.4244997660319,64.68693313598632,46574800.0,62301100.0,63441600.0,61147000.0,60327500.0,48996950.0,49222500.0,49776050.0,48592900.0,50547550.0,49403850.0,49228450.0,49918700.0,49161450.0,49484925.0,56105766.66666666,58847333.33333334,59478850.0,58655766.66666666,58263116.66666666,49845691.66666666,49980533.33333334,50515666.66666666,50687150.0,50827008.33333334,1
2018-09-18,59.3380012512207,60.52799987792969,55.099998474121094,56.99200057983398,82737500,1,58.2,56.897399520874025,59.61229991912842,62.741399637858066,63.38536643981934,46556400.0,53851700.0,46172400.0,56308150.0,50279183.33333334,58.96799850463867,59.040000915527344,57.89199829101562,58.10800170898438,55.88800048828125,57.97919998168946,57.60559997558594,56.32719955444336,55.98679962158203,55.59479904174805,56.97719955444336,57.11359977722168,57.27259979248047,57.583599853515615,58.00999984741211,59.84709987640381,59.95369987487793,60.35619964599609,60.84849967956543,61.419499588012705,63.121599706014,63.477133178710936,63.83939971923828,63.91526641845703,63.96593297322591,63.54759972890218,63.72316640218098,63.94656639099121,64.15686645507813,64.4244997660319,39178900.0,46574800.0,62301100.0,63441600.0,61147000.0,49753200.0,48996950.0,49222500.0,49776050.0,48592900.0,46386100.0,49403850.0,49228450.0,49918700.0,49161450.0,54977616.66666666,56105766.66666666,58847333.33333334,59478850.0,58655766.66666666,49755733.33333334,49845691.66666666,49980533.33333334,50515666.66666666,50687150.0,0
2018-09-19,56.10200119018555,60.0,56.099998474121094,59.80400085449219,41474500,0,58.53919982910156,57.2629997253418,59.38350009918213,62.204399617513026,63.272066497802726,44835900.0,54138750.0,44953075.0,52544666.66666666,50392816.66666666,56.99200057983398,58.96799850463867,59.040000915527344,57.89199829101562,58.10800170898438,58.2,57.97919998168946,57.60559997558594,56.32719955444336,55.98679962158203,56.897399520874025,56.97719955444336,57.11359977722168,57.27259979248047,57.583599853515615,59.61229991912842,59.84709987640381,59.95369987487793,60.35619964599609,60.84849967956543,62.741399637858066,63.121599706014,63.477133178710936,63.83939971923828,63.91526641845703,63.38536643981934,63.54759972890218,63.72316640218098,63.94656639099121,64.15686645507813,46556400.0,39178900.0,46574800.0,62301100.0,63441600.0,53851700.0,49753200.0,48996950.0,49222500.0,49776050.0,46172400.0,46386100.0,49403850.0,49228450.0,49918700.0,56308150.0,54977616.66666666,56105766.66666666,58847333.33333334,59478850.0,50279183.33333334,49755733.33333334,49845691.66666666,49980533.33333334,50515666.66666666,0
2018-09-20,60.71200180053711,61.19599914550781,58.66600036621094,59.66600036621094,36747000,1,58.894000244140635,57.61059989929199,59.1503999710083,61.724332936604824,63.12649981180826,45845000.0,54073050.0,45303925.0,49674366.66666666,50384225.0,59.80400085449219,56.99200057983398,58.96799850463867,59.040000915527344,57.89199829101562,58.53919982910156,58.2,57.97919998168946,57.60559997558594,56.32719955444336,57.2629997253418,56.897399520874025,56.97719955444336,57.11359977722168,57.27259979248047,59.38350009918213,59.61229991912842,59.84709987640381,59.95369987487793,60.35619964599609,62.204399617513026,62.741399637858066,63.121599706014,63.477133178710936,63.83939971923828,63.272066497802726,63.38536643981934,63.54759972890218,63.72316640218098,63.94656639099121,44835900.0,46556400.0,39178900.0,46574800.0,62301100.0,54138750.0,53851700.0,49753200.0,48996950.0,49222500.0,44953075.0,46172400.0,46386100.0,49403850.0,49228450.0,52544666.66666666,56308150.0,54977616.66666666,56105766.66666666,58847333.33333334,50392816.66666666,50279183.33333334,49755733.33333334,49845691.66666666,49980533.33333334,1
2018-09-21,59.540000915527344,60.11600112915039,59.07400131225586,59.81999969482422,25252500,1,59.05,58.32779998779297,58.94040012359619,61.3686663309733,62.97516644795736,44129900.0,45352350.0,45279725.0,47652150.0,50110625.0,59.66600036621094,59.80400085449219,56.99200057983398,58.96799850463867,59.040000915527344,58.894000244140635,58.53919982910156,58.2,57.97919998168946,57.60559997558594,57.61059989929199,57.2629997253418,56.897399520874025,56.97719955444336,57.11359977722168,59.1503999710083,59.38350009918213,59.61229991912842,59.84709987640381,59.95369987487793,61.724332936604824,62.204399617513026,62.741399637858066,63.121599706014,63.477133178710936,63.12649981180826,63.272066497802726,63.38536643981934,63.54759972890218,63.72316640218098,45845000.0,44835900.0,46556400.0,39178900.0,46574800.0,54073050.0,54138750.0,53851700.0,49753200.0,48996950.0,45303925.0,44953075.0,46172400.0,46386100.0,49403850.0,49674366.66666666,52544666.66666666,56308150.0,54977616.66666666,56105766.66666666,50384225.0,50392816.66666666,50279183.33333334,49755733.33333334,49845691.66666666,1
2018-09-24,59.69599914550781,60.599998474121094,58.71599960327149,59.93600082397461,24215000,1,59.24360046386719,58.61140022277832,58.70900001525879,60.996599706014,62.807666460673005,42085300.0,40632100.0,45589825.0,46533983.33333334,49814375.0,59.81999969482422,59.66600036621094,59.80400085449219,56.99200057983398,58.96799850463867,59.05,58.894000244140635,58.53919982910156,58.2,57.97919998168946,58.32779998779297,57.61059989929199,57.2629997253418,56.897399520874025,56.97719955444336,58.94040012359619,59.1503999710083,59.38350009918213,59.61229991912842,59.84709987640381,61.3686663309733,61.724332936604824,62.204399617513026,62.741399637858066,63.121599706014,62.97516644795736,63.12649981180826,63.272066497802726,63.38536643981934,63.54759972890218,44129900.0,45845000.0,44835900.0,46556400.0,39178900.0,45352350.0,54073050.0,54138750.0,53851700.0,49753200.0,45279725.0,45303925.0,44953075.0,46172400.0,46386100.0,47652150.0,49674366.66666666,52544666.66666666,56308150.0,54977616.66666666,50110625.0,50384225.0,50392816.66666666,50279183.33333334,49755733.33333334,1
2018-09-25,60.0,60.91999816894531,59.29999923706055,60.19800186157226,22408500,1,59.88480072021484,59.04240036010742,58.526200103759756,60.627133178710935,62.667799886067705,30019500.0,38287950.0,43440425.0,45536950.0,49646816.66666666,59.93600082397461,59.81999969482422,59.66600036621094,59.80400085449219,56.99200057983398,59.24360046386719,59.05,58.894000244140635,58.53919982910156,58.2,58.61140022277832,58.32779998779297,57.61059989929199,57.2629997253418,56.897399520874025,58.70900001525879,58.94040012359619,59.1503999710083,59.38350009918213,59.61229991912842,60.996599706014,61.3686663309733,61.724332936604824,62.204399617513026,62.741399637858066,62.807666460673005,62.97516644795736,63.12649981180826,63.272066497802726,63.38536643981934,42085300.0,44129900.0,45845000.0,44835900.0,46556400.0,40632100.0,45352350.0,54073050.0,54138750.0,53851700.0,45589825.0,45279725.0,45303925.0,44953075.0,46172400.0,46533983.33333334,47652150.0,49674366.66666666,52544666.66666666,56308150.0,49814375.0,50110625.0,50384225.0,50392816.66666666,50279183.33333334,1
2018-09-26,60.38199996948242,62.77799987792969,60.22200012207031,61.91600036621094,39216000,0,60.307200622558604,59.42320022583008,58.503400039672854,60.37339986165365,62.582833226521814,29567800.0,37201850.0,43488950.0,45679750.0,48737100.0,60.19800186157226,59.93600082397461,59.81999969482422,59.66600036621094,59.80400085449219,59.88480072021484,59.24360046386719,59.05,58.894000244140635,58.53919982910156,59.04240036010742,58.61140022277832,58.32779998779297,57.61059989929199,57.2629997253418,58.526200103759756,58.70900001525879,58.94040012359619,59.1503999710083,59.38350009918213,60.627133178710935,60.996599706014,61.3686663309733,61.724332936604824,62.204399617513026,62.667799886067705,62.807666460673005,62.97516644795736,63.12649981180826,63.272066497802726,30019500.0,42085300.0,44129900.0,45845000.0,44835900.0,38287950.0,40632100.0,45352350.0,54073050.0,54138750.0,43440425.0,45589825.0,45279725.0,45303925.0,44953075.0,45536950.0,46533983.33333334,47652150.0,49674366.66666666,52544666.66666666,49646816.66666666,49814375.0,50110625.0,50384225.0,50392816.66666666,1
2018-09-27,62.58000183105469,62.99200057983398,61.38199996948242,61.50400161743164,42545500,0,60.67480087280274,59.78440055847168,58.528500175476076,60.16559995015462,62.571699905395505,30727500.0,38286250.0,43754375.0,45581050.0,48422641.66666666,61.91600036621094,60.19800186157226,59.93600082397461,59.81999969482422,59.66600036621094,60.307200622558604,59.88480072021484,59.24360046386719,59.05,58.894000244140635,59.42320022583008,59.04240036010742,58.61140022277832,58.32779998779297,57.61059989929199,58.503400039672854,58.526200103759756,58.70900001525879,58.94040012359619,59.1503999710083,60.37339986165365,60.627133178710935,60.996599706014,61.3686663309733,61.724332936604824,62.582833226521814,62.667799886067705,62.807666460673005,62.97516644795736,63.12649981180826,29567800.0,30019500.0,42085300.0,44129900.0,45845000.0,37201850.0,38287950.0,40632100.0,45352350.0,54073050.0,43488950.0,43440425.0,45589825.0,45279725.0,45303925.0,45679750.0,45536950.0,46533983.33333334,47652150.0,49674366.66666666,48737100.0,49646816.66666666,49814375.0,50110625.0,50384225.0,0
2018-09-28,54.05199813842773,55.599998474121094,52.11199951171875,52.95399856567383,168248500,1,59.30160064697266,59.17580032348633,58.144700050354004,59.69440002441407,62.42373320261639,59326700.0,51728300.0,50362625.0,50178666.66666666,49770416.66666666,61.50400161743164,61.91600036621094,60.19800186157226,59.93600082397461,59.81999969482422,60.67480087280274,60.307200622558604,59.88480072021484,59.24360046386719,59.05,59.78440055847168,59.42320022583008,59.04240036010742,58.61140022277832,58.32779998779297,58.528500175476076,58.503400039672854,58.526200103759756,58.70900001525879,58.94040012359619,60.16559995015462,60.37339986165365,60.627133178710935,60.996599706014,61.3686663309733,62.571699905395505,62.582833226521814,62.667799886067705,62.807666460673005,62.97516644795736,30727500.0,29567800.0,30019500.0,42085300.0,44129900.0,38286250.0,37201850.0,38287950.0,40632100.0,45352350.0,43754375.0,43488950.0,43440425.0,45589825.0,45279725.0,45581050.0,45679750.0,45536950.0,46533983.33333334,47652150.0,48422641.66666666,48737100.0,49646816.66666666,49814375.0,50110625.0,0
2018-10-01,61.15399932861328,62.28799819946289,60.209999084472656,62.13999938964844,108888000,0,59.74240036010743,59.493000411987296,58.23509998321534,59.72906672159831,62.429733212788896,76261300.0,59173300.0,54463250.0,50648500.0,50846425.0,52.95399856567383,61.50400161743164,61.91600036621094,60.19800186157226,59.93600082397461,59.30160064697266,60.67480087280274,60.307200622558604,59.88480072021484,59.24360046386719,59.17580032348633,59.78440055847168,59.42320022583008,59.04240036010742,58.61140022277832,58.144700050354004,58.528500175476076,58.503400039672854,58.526200103759756,58.70900001525879,59.69440002441407,60.16559995015462,60.37339986165365,60.627133178710935,60.996599706014,62.42373320261639,62.571699905395505,62.582833226521814,62.667799886067705,62.807666460673005,59326700.0,30727500.0,29567800.0,30019500.0,42085300.0,51728300.0,38286250.0,37201850.0,38287950.0,40632100.0,50362625.0,43754375.0,43488950.0,43440425.0,45589825.0,50178666.66666666,45581050.0,45679750.0,45536950.0,46533983.33333334,49770416.66666666,48422641.66666666,48737100.0,49646816.66666666,49814375.0,0
2018-10-02,62.790000915527344,63.36800003051758,59.83000183105469,60.20399856567383,58717500,0,59.743599700927724,59.814200210571286,58.35579986572266,59.679600016276034,62.37143319447835,83523100.0,56771300.0,55311500.0,49705366.66666666,51191983.33333334,62.13999938964844,52.95399856567383,61.50400161743164,61.91600036621094,60.19800186157226,59.74240036010743,59.30160064697266,60.67480087280274,60.307200622558604,59.88480072021484,59.493000411987296,59.17580032348633,59.78440055847168,59.42320022583008,59.04240036010742,58.23509998321534,58.144700050354004,58.528500175476076,58.503400039672854,58.526200103759756,59.72906672159831,59.69440002441407,60.16559995015462,60.37339986165365,60.627133178710935,62.429733212788896,62.42373320261639,62.571699905395505,62.582833226521814,62.667799886067705,76261300.0,59326700.0,30727500.0,29567800.0,30019500.0,59173300.0,51728300.0,38286250.0,37201850.0,38287950.0,54463250.0,50362625.0,43754375.0,43488950.0,43440425.0,50648500.0,50178666.66666666,45581050.0,45679750.0,45536950.0,50846425.0,49770416.66666666,48422641.66666666,48737100.0,49646816.66666666,1
2018-10-03,60.66600036621094,60.91999816894531,58.31399917602539,58.959999084472656,39975000,0,59.15239944458008,59.729800033569326,58.496399879455566,59.49893341064453,62.27919979095459,83674900.0,56621350.0,55380050.0,48842500.0,51068941.66666666,60.20399856567383,62.13999938964844,52.95399856567383,61.50400161743164,61.91600036621094,59.743599700927724,59.74240036010743,59.30160064697266,60.67480087280274,60.307200622558604,59.814200210571286,59.493000411987296,59.17580032348633,59.78440055847168,59.42320022583008,58.35579986572266,58.23509998321534,58.144700050354004,58.528500175476076,58.503400039672854,59.679600016276034,59.72906672159831,59.69440002441407,60.16559995015462,60.37339986165365,62.37143319447835,62.429733212788896,62.42373320261639,62.571699905395505,62.582833226521814,83523100.0,76261300.0,59326700.0,30727500.0,29567800.0,56771300.0,59173300.0,51728300.0,38286250.0,37201850.0,55311500.0,54463250.0,50362625.0,43754375.0,43488950.0,49705366.66666666,50648500.0,50178666.66666666,45581050.0,45679750.0,51191983.33333334,50846425.0,49770416.66666666,48422641.66666666,48737100.0,1
2018-10-04,58.790000915527344,58.79999923706055,55.53400039672852,56.36600112915039,49071000,0,58.12479934692383,59.39980010986328,58.50520000457764,59.23353335062663,62.155433146158856,84980000.0,57853750.0,55963400.0,49487200.0,51479783.33333334,58.959999084472656,60.20399856567383,62.13999938964844,52.95399856567383,61.50400161743164,59.15239944458008,59.743599700927724,59.74240036010743,59.30160064697266,60.67480087280274,59.729800033569326,59.814200210571286,59.493000411987296,59.17580032348633,59.78440055847168,58.496399879455566,58.35579986572266,58.23509998321534,58.144700050354004,58.528500175476076,59.49893341064453,59.679600016276034,59.72906672159831,59.69440002441407,60.16559995015462,62.27919979095459,62.37143319447835,62.429733212788896,62.42373320261639,62.571699905395505,83674900.0,83523100.0,76261300.0,59326700.0,30727500.0,56621350.0,56771300.0,59173300.0,51728300.0,38286250.0,55380050.0,55311500.0,54463250.0,50362625.0,43754375.0,48842500.0,49705366.66666666,50648500.0,50178666.66666666,45581050.0,51068941.66666666,51191983.33333334,50846425.0,49770416.66666666,48422641.66666666,1
2018-10-05,54.93000030517578,54.97600173950195,52.0,52.38999938964844,89722500,0,58.01199951171875,58.6568000793457,58.49230003356934,58.845866775512704,61.97289981842041,69274800.0,64300750.0,54826550.0,51620066.66666666,52498391.66666666,56.36600112915039,58.959999084472656,60.20399856567383,62.13999938964844,52.95399856567383,58.12479934692383,59.15239944458008,59.743599700927724,59.74240036010743,59.30160064697266,59.39980010986328,59.729800033569326,59.814200210571286,59.493000411987296,59.17580032348633,58.50520000457764,58.496399879455566,58.35579986572266,58.23509998321534,58.144700050354004,59.23353335062663,59.49893341064453,59.679600016276034,59.72906672159831,59.69440002441407,62.155433146158856,62.27919979095459,62.37143319447835,62.429733212788896,62.42373320261639,84980000.0,83674900.0,83523100.0,76261300.0,59326700.0,57853750.0,56621350.0,56771300.0,59173300.0,51728300.0,55963400.0,55380050.0,55311500.0,54463250.0,50362625.0,49487200.0,48842500.0,49705366.66666666,50648500.0,50178666.66666666,51479783.33333334,51068941.66666666,51191983.33333334,50846425.0,49770416.66666666,0
2018-10-08,52.90399932861328,53.55199813842773,49.79999923706055,50.11199951171875,67363500,1,55.60639953613281,57.67439994812012,58.14290008544922,58.36413332621257,61.74519983927409,60969900.0,68615600.0,54623850.0,53265083.33333334,53131966.66666666,52.38999938964844,56.36600112915039,58.959999084472656,60.20399856567383,62.13999938964844,58.01199951171875,58.12479934692383,59.15239944458008,59.743599700927724,59.74240036010743,58.6568000793457,59.39980010986328,59.729800033569326,59.814200210571286,59.493000411987296,58.49230003356934,58.50520000457764,58.496399879455566,58.35579986572266,58.23509998321534,58.845866775512704,59.23353335062663,59.49893341064453,59.679600016276034,59.72906672159831,61.97289981842041,62.155433146158856,62.27919979095459,62.37143319447835,62.429733212788896,69274800.0,84980000.0,83674900.0,83523100.0,76261300.0,64300750.0,57853750.0,56621350.0,56771300.0,59173300.0,54826550.0,55963400.0,55380050.0,55311500.0,54463250.0,51620066.66666666,49487200.0,48842500.0,49705366.66666666,50648500.0,52498391.66666666,51479783.33333334,51068941.66666666,51191983.33333334,50846425.0,1
2018-10-09,51.04999923706055,53.35400009155274,50.65999984741211,52.56000137329102,60303000,0,54.07760009765625,56.910599899292,57.97650012969971,57.98766670227051,61.587533187866214,61287000.0,72405050.0,55346500.0,53095300.0,53485458.33333334,50.11199951171875,52.38999938964844,56.36600112915039,58.959999084472656,60.20399856567383,55.60639953613281,58.01199951171875,58.12479934692383,59.15239944458008,59.743599700927724,57.67439994812012,58.6568000793457,59.39980010986328,59.729800033569326,59.814200210571286,58.14290008544922,58.49230003356934,58.50520000457764,58.496399879455566,58.35579986572266,58.36413332621257,58.845866775512704,59.23353335062663,59.49893341064453,59.679600016276034,61.74519983927409,61.97289981842041,62.155433146158856,62.27919979095459,62.37143319447835,60969900.0,69274800.0,84980000.0,83674900.0,83523100.0,68615600.0,64300750.0,57853750.0,56621350.0,56771300.0,54623850.0,54826550.0,55963400.0,55380050.0,55311500.0,53265083.33333334,51620066.66666666,49487200.0,48842500.0,49705366.66666666,53131966.66666666,52498391.66666666,51479783.33333334,51068941.66666666,51191983.33333334,0
2018-10-10,52.92200088500977,53.10200119018555,49.55400085449219,51.3759994506836,64076500,0,52.56080017089844,55.85659980773926,57.63990001678466,57.62113329569499,61.36816647847493,66107300.0,74891100.0,56046475.0,53956333.33333334,53970383.33333334,52.56000137329102,50.11199951171875,52.38999938964844,56.36600112915039,58.959999084472656,54.07760009765625,55.60639953613281,58.01199951171875,58.12479934692383,59.15239944458008,56.910599899292,57.67439994812012,58.6568000793457,59.39980010986328,59.729800033569326,57.97650012969971,58.14290008544922,58.49230003356934,58.50520000457764,58.496399879455566,57.98766670227051,58.36413332621257,58.845866775512704,59.23353335062663,59.49893341064453,61.587533187866214,61.74519983927409,61.97289981842041,62.155433146158856,62.27919979095459,61287000.0,60969900.0,69274800.0,84980000.0,83674900.0,72405050.0,68615600.0,64300750.0,57853750.0,56621350.0,55346500.0,54623850.0,54826550.0,55963400.0,55380050.0,53095300.0,53265083.33333334,51620066.66666666,49487200.0,48842500.0,53485458.33333334,53131966.66666666,52498391.66666666,51479783.33333334,51068941.66666666,0
2018-10-11,51.50600051879883,52.45000076293945,49.80599975585938,50.44599914550781,40838500,1,51.37679977416993,54.75079956054689,57.26760005950928,57.269266637166346,61.12943318684896,64460800.0,74720400.0,56503325.0,54076383.33333334,54182341.66666666,51.3759994506836,52.56000137329102,50.11199951171875,52.38999938964844,56.36600112915039,52.56080017089844,54.07760009765625,55.60639953613281,58.01199951171875,58.12479934692383,55.85659980773926,56.910599899292,57.67439994812012,58.6568000793457,59.39980010986328,57.63990001678466,57.97650012969971,58.14290008544922,58.49230003356934,58.50520000457764,57.62113329569499,57.98766670227051,58.36413332621257,58.845866775512704,59.23353335062663,61.36816647847493,61.587533187866214,61.74519983927409,61.97289981842041,62.155433146158856,66107300.0,61287000.0,60969900.0,69274800.0,84980000.0,74891100.0,72405050.0,68615600.0,64300750.0,57853750.0,56046475.0,55346500.0,54623850.0,54826550.0,55963400.0,53956333.33333334,53095300.0,53265083.33333334,51620066.66666666,49487200.0,53970383.33333334,53485458.33333334,53131966.66666666,52498391.66666666,51479783.33333334,1
2018-10-12,52.20000076293945,52.39799880981445,50.4020004272461,51.75600051879883,36007000,1,51.25,54.630999755859385,56.90340003967285,56.9734666188558,60.924599901835116,53717700.0,61496250.0,56612275.0,54073833.33333334,54289516.66666666,50.44599914550781,51.3759994506836,52.56000137329102,50.11199951171875,52.38999938964844,51.37679977416993,52.56080017089844,54.07760009765625,55.60639953613281,58.01199951171875,54.75079956054689,55.85659980773926,56.910599899292,57.67439994812012,58.6568000793457,57.26760005950928,57.63990001678466,57.97650012969971,58.14290008544922,58.49230003356934,57.269266637166346,57.62113329569499,57.98766670227051,58.36413332621257,58.845866775512704,61.12943318684896,61.36816647847493,61.587533187866214,61.74519983927409,61.97289981842041,64460800.0,66107300.0,61287000.0,60969900.0,69274800.0,74720400.0,74891100.0,72405050.0,68615600.0,64300750.0,56503325.0,56046475.0,55346500.0,54623850.0,54826550.0,54076383.33333334,53956333.33333334,53095300.0,53265083.33333334,51620066.66666666,54182341.66666666,53970383.33333334,53485458.33333334,53131966.66666666,52498391.66666666,1
2018-10-15,51.8120002746582,52.65599822998047,50.90800094604492,51.91799926757813,31000000,1,51.61119995117188,53.60879974365234,56.550900077819826,56.692999903361006,60.74463322957357,46445000.0,53707450.0,56440375.0,54211316.66666666,54376000.0,51.75600051879883,50.44599914550781,51.3759994506836,52.56000137329102,50.11199951171875,51.25,51.37679977416993,52.56080017089844,54.07760009765625,55.60639953613281,54.630999755859385,54.75079956054689,55.85659980773926,56.910599899292,57.67439994812012,56.90340003967285,57.26760005950928,57.63990001678466,57.97650012969971,58.14290008544922,56.9734666188558,57.269266637166346,57.62113329569499,57.98766670227051,58.36413332621257,60.924599901835116,61.12943318684896,61.36816647847493,61.587533187866214,61.74519983927409,53717700.0,64460800.0,66107300.0,61287000.0,60969900.0,61496250.0,74720400.0,74891100.0,72405050.0,68615600.0,56612275.0,56503325.0,56046475.0,55346500.0,54623850.0,54073833.33333334,54076383.33333334,53956333.33333334,53095300.0,53265083.33333334,54289516.66666666,54182341.66666666,53970383.33333334,53485458.33333334,53131966.66666666,1
2018-10-16,53.13999938964844,55.47600173950195,52.44800186157226,55.31800079345703,47632000,0,52.16279983520508,53.120199966430654,56.467200088500974,56.61059989929199,60.65593325297038,43910800.0,52598900.0,54685100.0,54407300.0,54253791.66666666,51.91799926757813,51.75600051879883,50.44599914550781,51.3759994506836,52.56000137329102,51.61119995117188,51.25,51.37679977416993,52.56080017089844,54.07760009765625,53.60879974365234,54.630999755859385,54.75079956054689,55.85659980773926,56.910599899292,56.550900077819826,56.90340003967285,57.26760005950928,57.63990001678466,57.97650012969971,56.692999903361006,56.9734666188558,57.269266637166346,57.62113329569499,57.98766670227051,60.74463322957357,60.924599901835116,61.12943318684896,61.36816647847493,61.587533187866214,46445000.0,53717700.0,64460800.0,66107300.0,61287000.0,53707450.0,61496250.0,74720400.0,74891100.0,72405050.0,56440375.0,56612275.0,56503325.0,56046475.0,55346500.0,54211316.66666666,54073833.33333334,54076383.33333334,53956333.33333334,53095300.0,54376000.0,54289516.66666666,54182341.66666666,53970383.33333334,53485458.33333334,1
2018-10-17,56.47999954223633,56.540000915527344,53.15999984741211,54.35599899291992,43277500,0,52.758799743652354,52.65979995727539,56.194799995422365,56.550866572062176,60.57043323516846,39751000.0,52929150.0,54775250.0,54563083.33333334,54175850.0,55.31800079345703,51.91799926757813,51.75600051879883,50.44599914550781,51.3759994506836,52.16279983520508,51.61119995117188,51.25,51.37679977416993,52.56080017089844,53.120199966430654,53.60879974365234,54.630999755859385,54.75079956054689,55.85659980773926,56.467200088500974,56.550900077819826,56.90340003967285,57.26760005950928,57.63990001678466,56.61059989929199,56.692999903361006,56.9734666188558,57.269266637166346,57.62113329569499,60.65593325297038,60.74463322957357,60.924599901835116,61.12943318684896,61.36816647847493,43910800.0,46445000.0,53717700.0,64460800.0,66107300.0,52598900.0,53707450.0,61496250.0,74720400.0,74891100.0,54685100.0,56440375.0,56612275.0,56503325.0,56046475.0,54407300.0,54211316.66666666,54073833.33333334,54076383.33333334,53956333.33333334,54253791.66666666,54376000.0,54289516.66666666,54182341.66666666,53970383.33333334,0
2018-10-18,53.85800170898438,54.20000076293945,52.599998474121094,52.78200149536133,27106000,0,53.226000213623045,52.301399993896474,55.85060005187988,56.43726666768393,60.42099990844726,37004500.0,50732650.0,54293200.0,54219816.66666666,54038000.0,54.35599899291992,55.31800079345703,51.91799926757813,51.75600051879883,50.44599914550781,52.758799743652354,52.16279983520508,51.61119995117188,51.25,51.37679977416993,52.65979995727539,53.120199966430654,53.60879974365234,54.630999755859385,54.75079956054689,56.194799995422365,56.467200088500974,56.550900077819826,56.90340003967285,57.26760005950928,56.550866572062176,56.61059989929199,56.692999903361006,56.9734666188558,57.269266637166346,60.57043323516846,60.65593325297038,60.74463322957357,60.924599901835116,61.12943318684896,39751000.0,43910800.0,46445000.0,53717700.0,64460800.0,52929150.0,52598900.0,53707450.0,61496250.0,74720400.0,54775250.0,54685100.0,56440375.0,56612275.0,56503325.0,54563083.33333334,54407300.0,54211316.66666666,54073833.33333334,54076383.33333334,54175850.0,54253791.66666666,54376000.0,54289516.66666666,54182341.66666666,0
2018-10-19,53.47800064086914,53.93199920654297,50.70000076293945,52.0,46877500,1,53.27480010986328,52.26240005493164,55.45960006713867,56.41566670735678,60.265499877929685,39178600.0,46448150.0,55374450.0,52033750.0,54433416.66666666,52.78200149536133,54.35599899291992,55.31800079345703,51.91799926757813,51.75600051879883,53.226000213623045,52.758799743652354,52.16279983520508,51.61119995117188,51.25,52.301399993896474,52.65979995727539,53.120199966430654,53.60879974365234,54.630999755859385,55.85060005187988,56.194799995422365,56.467200088500974,56.550900077819826,56.90340003967285,56.43726666768393,56.550866572062176,56.61059989929199,56.692999903361006,56.9734666188558,60.42099990844726,60.57043323516846,60.65593325297038,60.74463322957357,60.924599901835116,37004500.0,39751000.0,43910800.0,46445000.0,53717700.0,50732650.0,52929150.0,52598900.0,53707450.0,61496250.0,54293200.0,54775250.0,54685100.0,56440375.0,56612275.0,54219816.66666666,54563083.33333334,54407300.0,54211316.66666666,54073833.33333334,54038000.0,54175850.0,54253791.66666666,54376000.0,54289516.66666666,0
2018-10-22,52.13600158691406,52.37200164794922,50.51800155639648,52.18999862670898,28001500,1,53.32919998168946,52.470199966430656,55.07229995727539,56.25200004577637,60.144733174641935,38578900.0,42511950.0,55563775.0,50586550.0,54424833.33333334,52.0,52.78200149536133,54.35599899291992,55.31800079345703,51.91799926757813,53.27480010986328,53.226000213623045,52.758799743652354,52.16279983520508,51.61119995117188,52.26240005493164,52.301399993896474,52.65979995727539,53.120199966430654,53.60879974365234,55.45960006713867,55.85060005187988,56.194799995422365,56.467200088500974,56.550900077819826,56.41566670735678,56.43726666768393,56.550866572062176,56.61059989929199,56.692999903361006,60.265499877929685,60.42099990844726,60.57043323516846,60.65593325297038,60.74463322957357,39178600.0,37004500.0,39751000.0,43910800.0,46445000.0,46448150.0,50732650.0,52929150.0,52598900.0,53707450.0,55374450.0,54293200.0,54775250.0,54685100.0,56440375.0,52033750.0,54219816.66666666,54563083.33333334,54407300.0,54211316.66666666,54433416.66666666,54038000.0,54175850.0,54253791.66666666,54376000.0,1
2018-10-23,52.77399826049805,59.58599853515625,52.41999816894531,58.82799911499024,95139000,0,54.031199645996104,53.096999740600594,55.00379981994629,56.35,60.157966486612956,48080300.0,45995550.0,59200300.0,52229516.66666666,55442641.66666666,52.18999862670898,52.0,52.78200149536133,54.35599899291992,55.31800079345703,53.32919998168946,53.27480010986328,53.226000213623045,52.758799743652354,52.16279983520508,52.470199966430656,52.26240005493164,52.301399993896474,52.65979995727539,53.120199966430654,55.07229995727539,55.45960006713867,55.85060005187988,56.194799995422365,56.467200088500974,56.25200004577637,56.41566670735678,56.43726666768393,56.550866572062176,56.61059989929199,60.144733174641935,60.265499877929685,60.42099990844726,60.57043323516846,60.65593325297038,38578900.0,39178600.0,37004500.0,39751000.0,43910800.0,42511950.0,46448150.0,50732650.0,52929150.0,52598900.0,55563775.0,55374450.0,54293200.0,54775250.0,54685100.0,50586550.0,52033750.0,54219816.66666666,54563083.33333334,54407300.0,54424833.33333334,54433416.66666666,54038000.0,54175850.0,54253791.66666666,1
2018-10-24,60.209999084472656,60.88800048828125,57.14599990844727,57.70000076293945,100291500,1,54.7,53.72939987182618,54.792999839782716,56.33639996846517,60.125833193461105,59483100.0,49617050.0,62254075.0,53903333.33333334,56691091.66666666,58.82799911499024,52.18999862670898,52.0,52.78200149536133,54.35599899291992,54.031199645996104,53.32919998168946,53.27480010986328,53.226000213623045,52.758799743652354,53.096999740600594,52.470199966430656,52.26240005493164,52.301399993896474,52.65979995727539,55.00379981994629,55.07229995727539,55.45960006713867,55.85060005187988,56.194799995422365,56.35,56.25200004577637,56.41566670735678,56.43726666768393,56.550866572062176,60.157966486612956,60.144733174641935,60.265499877929685,60.42099990844726,60.57043323516846,48080300.0,38578900.0,39178600.0,37004500.0,39751000.0,45995550.0,42511950.0,46448150.0,50732650.0,52929150.0,59200300.0,55563775.0,55374450.0,54293200.0,54775250.0,52229516.66666666,50586550.0,52033750.0,54219816.66666666,54563083.33333334,55442641.66666666,54424833.33333334,54433416.66666666,54038000.0,54175850.0,1
2018-10-25,63.44400024414063,64.19999694824219,60.20199966430664,62.97200012207031,104203500,1,56.73799972534179,54.98199996948242,54.86639976501465,56.50573336283365,60.17256654103597,74902600.0,55953550.0,65336975.0,56320066.66666666,57583700.0,57.70000076293945,58.82799911499024,52.18999862670898,52.0,52.78200149536133,54.7,54.031199645996104,53.32919998168946,53.27480010986328,53.226000213623045,53.72939987182618,53.096999740600594,52.470199966430656,52.26240005493164,52.301399993896474,54.792999839782716,55.00379981994629,55.07229995727539,55.45960006713867,55.85060005187988,56.33639996846517,56.35,56.25200004577637,56.41566670735678,56.43726666768393,60.125833193461105,60.157966486612956,60.144733174641935,60.265499877929685,60.42099990844726,59483100.0,48080300.0,38578900.0,39178600.0,37004500.0,49617050.0,45995550.0,42511950.0,46448150.0,50732650.0,62254075.0,59200300.0,55563775.0,55374450.0,54293200.0,53903333.33333334,52229516.66666666,50586550.0,52033750.0,54219816.66666666,56691091.66666666,55442641.66666666,54424833.33333334,54433416.66666666,54038000.0,1
2018-10-26,61.6500015258789,67.98000335693361,61.33000183105469,66.18000030517578,137127500,1,59.57399978637695,56.42439994812012,55.527699851989745,56.7437333424886,60.11043326059978,92952600.0,66065600.0,63780925.0,59763383.33333334,57934575.0,62.97200012207031,57.70000076293945,58.82799911499024,52.18999862670898,52.0,56.73799972534179,54.7,54.031199645996104,53.32919998168946,53.27480010986328,54.98199996948242,53.72939987182618,53.096999740600594,52.470199966430656,52.26240005493164,54.86639976501465,54.792999839782716,55.00379981994629,55.07229995727539,55.45960006713867,56.50573336283365,56.33639996846517,56.35,56.25200004577637,56.41566670735678,60.17256654103597,60.125833193461105,60.157966486612956,60.144733174641935,60.265499877929685,74902600.0,59483100.0,48080300.0,38578900.0,39178600.0,55953550.0,49617050.0,45995550.0,42511950.0,46448150.0,65336975.0,62254075.0,59200300.0,55563775.0,55374450.0,56320066.66666666,53903333.33333334,52229516.66666666,50586550.0,52033750.0,57583700.0,56691091.66666666,55442641.66666666,54424833.33333334,54433416.66666666,1
2018-10-29,67.49400329589844,69.43199920654297,65.30000305175781,66.97000122070311,72430000,0,62.53000030517578,57.929600143432616,55.76919994354248,57.01046676635743,60.06603323618571,101838300.0,70208600.0,61958025.0,61029783.33333334,58003700.0,66.18000030517578,62.97200012207031,57.70000076293945,58.82799911499024,52.18999862670898,59.57399978637695,56.73799972534179,54.7,54.031199645996104,53.32919998168946,56.42439994812012,54.98199996948242,53.72939987182618,53.096999740600594,52.470199966430656,55.527699851989745,54.86639976501465,54.792999839782716,55.00379981994629,55.07229995727539,56.7437333424886,56.50573336283365,56.33639996846517,56.35,56.25200004577637,60.11043326059978,60.17256654103597,60.125833193461105,60.157966486612956,60.144733174641935,92952600.0,74902600.0,59483100.0,48080300.0,38578900.0,66065600.0,55953550.0,49617050.0,45995550.0,42511950.0,63780925.0,65336975.0,62254075.0,59200300.0,55563775.0,59763383.33333334,56320066.66666666,53903333.33333334,52229516.66666666,50586550.0,57934575.0,57583700.0,56691091.66666666,55442641.66666666,54424833.33333334,1
2018-10-30,65.67800140380861,67.58000183105469,64.45200347900389,65.98000335693361,45633500,1,63.96040115356446,58.99580039978027,56.05800018310547,57.3100668589274,60.02573324839275,91937200.0,70008750.0,61303825.0,59792983.33333334,58050566.66666666,66.97000122070311,66.18000030517578,62.97200012207031,57.70000076293945,58.82799911499024,62.53000030517578,59.57399978637695,56.73799972534179,54.7,54.031199645996104,57.929600143432616,56.42439994812012,54.98199996948242,53.72939987182618,53.096999740600594,55.76919994354248,55.527699851989745,54.86639976501465,54.792999839782716,55.00379981994629,57.01046676635743,56.7437333424886,56.50573336283365,56.33639996846517,56.35,60.06603323618571,60.11043326059978,60.17256654103597,60.125833193461105,60.157966486612956,101838300.0,92952600.0,74902600.0,59483100.0,48080300.0,70208600.0,66065600.0,55953550.0,49617050.0,45995550.0,61958025.0,63780925.0,65336975.0,62254075.0,59200300.0,61029783.33333334,59763383.33333334,56320066.66666666,53903333.33333334,52229516.66666666,58003700.0,57934575.0,57583700.0,56691091.66666666,55442641.66666666,0
2018-10-31,66.50800323486328,68.40000152587889,65.81999969482422,67.46399688720703,38121500,1,65.91320037841797,60.30660018920897,56.48320007324219,57.5654000600179,59.884899838765456,79503200.0,69493150.0,61211150.0,59681216.66666666,56112941.66666666,65.98000335693361,66.97000122070311,66.18000030517578,62.97200012207031,57.70000076293945,63.96040115356446,62.53000030517578,59.57399978637695,56.73799972534179,54.7,58.99580039978027,57.929600143432616,56.42439994812012,54.98199996948242,53.72939987182618,56.05800018310547,55.76919994354248,55.527699851989745,54.86639976501465,54.792999839782716,57.3100668589274,57.01046676635743,56.7437333424886,56.50573336283365,56.33639996846517,60.02573324839275,60.06603323618571,60.11043326059978,60.17256654103597,60.125833193461105,91937200.0,101838300.0,92952600.0,74902600.0,59483100.0,70008750.0,70208600.0,66065600.0,55953550.0,49617050.0,61303825.0,61958025.0,63780925.0,65336975.0,62254075.0,59792983.33333334,61029783.33333334,59763383.33333334,56320066.66666666,53903333.33333334,58050566.66666666,58003700.0,57934575.0,57583700.0,56691091.66666666,1
2018-11-01,67.65200042724611,69.56800079345703,66.94599914550781,68.85600280761719,40000500,1,67.09000091552734,61.91400032043457,57.107700157165525,57.871733474731435,59.79803320566813,66662600.0,70782600.0,60757625.0,59789666.66666666,54732016.66666666,67.46399688720703,65.98000335693361,66.97000122070311,66.18000030517578,62.97200012207031,65.91320037841797,63.96040115356446,62.53000030517578,59.57399978637695,56.73799972534179,60.30660018920897,58.99580039978027,57.929600143432616,56.42439994812012,54.98199996948242,56.48320007324219,56.05800018310547,55.76919994354248,55.527699851989745,54.86639976501465,57.5654000600179,57.3100668589274,57.01046676635743,56.7437333424886,56.50573336283365,59.884899838765456,60.02573324839275,60.06603323618571,60.11043326059978,60.17256654103597,79503200.0,91937200.0,101838300.0,92952600.0,74902600.0,69493150.0,70008750.0,70208600.0,66065600.0,55953550.0,61211150.0,61303825.0,61958025.0,63780925.0,65336975.0,59681216.66666666,59792983.33333334,61029783.33333334,59763383.33333334,56320066.66666666,56112941.66666666,58050566.66666666,58003700.0,57934575.0,57583700.0,1
2018-11-02,68.74800109863281,69.83999633789061,68.18199920654297,69.28199768066406,39040000,0,67.710400390625,63.64220008850098,57.95230007171631,58.18713340759278,59.77789986928304,47045100.0,69998850.0,58223500.0,60249250.0,53950700.0,68.85600280761719,67.46399688720703,65.98000335693361,66.97000122070311,66.18000030517578,67.09000091552734,65.91320037841797,63.96040115356446,62.53000030517578,59.57399978637695,61.91400032043457,60.30660018920897,58.99580039978027,57.929600143432616,56.42439994812012,57.107700157165525,56.48320007324219,56.05800018310547,55.76919994354248,55.527699851989745,57.871733474731435,57.5654000600179,57.3100668589274,57.01046676635743,56.7437333424886,59.79803320566813,59.884899838765456,60.02573324839275,60.06603323618571,60.11043326059978,66662600.0,79503200.0,91937200.0,101838300.0,92952600.0,70782600.0,69493150.0,70008750.0,70208600.0,66065600.0,60757625.0,61211150.0,61303825.0,61958025.0,63780925.0,59789666.66666666,59681216.66666666,59792983.33333334,61029783.33333334,59763383.33333334,54732016.66666666,56112941.66666666,58050566.66666666,58003700.0,57934575.0,0
2018-11-05,68.09999847412111,68.79199981689453,66.02799987792969,68.27999877929689,39155000,0,67.97239990234375,65.25120010375977,58.86070003509521,58.46526667277018,59.73093318939209,40390100.0,71114200.0,56813075.0,60747250.0,53640616.66666666,69.28199768066406,68.85600280761719,67.46399688720703,65.98000335693361,66.97000122070311,67.710400390625,67.09000091552734,65.91320037841797,63.96040115356446,62.53000030517578,63.64220008850098,61.91400032043457,60.30660018920897,58.99580039978027,57.929600143432616,57.95230007171631,57.107700157165525,56.48320007324219,56.05800018310547,55.76919994354248,58.18713340759278,57.871733474731435,57.5654000600179,57.3100668589274,57.01046676635743,59.77789986928304,59.79803320566813,59.884899838765456,60.02573324839275,60.06603323618571,47045100.0,66662600.0,79503200.0,91937200.0,101838300.0,69998850.0,70782600.0,69493150.0,70008750.0,70208600.0,58223500.0,60757625.0,61211150.0,61303825.0,61958025.0,60249250.0,59789666.66666666,59681216.66666666,59792983.33333334,61029783.33333334,53950700.0,54732016.66666666,56112941.66666666,58050566.66666666,58003700.0,0
2018-11-06,67.81400299072266,69.76000213623047,67.21800231933594,68.21199798583984,33814500,1,68.418798828125,66.18959999084473,59.643299865722646,58.73239987691243,59.67976652781169,38026300.0,64981750.0,55488650.0,61127450.0,53332200.0,68.27999877929689,69.28199768066406,68.85600280761719,67.46399688720703,65.98000335693361,67.97239990234375,67.710400390625,67.09000091552734,65.91320037841797,63.96040115356446,65.25120010375977,63.64220008850098,61.91400032043457,60.30660018920897,58.99580039978027,58.86070003509521,57.95230007171631,57.107700157165525,56.48320007324219,56.05800018310547,58.46526667277018,58.18713340759278,57.871733474731435,57.5654000600179,57.3100668589274,59.73093318939209,59.77789986928304,59.79803320566813,59.884899838765456,60.02573324839275,40390100.0,47045100.0,66662600.0,79503200.0,91937200.0,71114200.0,69998850.0,70782600.0,69493150.0,70008750.0,56813075.0,58223500.0,60757625.0,61211150.0,61303825.0,60747250.0,60249250.0,59789666.66666666,59681216.66666666,59792983.33333334,53640616.66666666,53950700.0,54732016.66666666,56112941.66666666,58050566.66666666,0
2018-11-07,68.66799926757811,70.23600006103516,68.16000366210939,69.63200378417969,36872500,1,68.85240020751954,67.38280029296875,60.556100082397464,58.98959999084472,59.68149992624919,37776500.0,58639850.0,54128450.0,61049333.33333334,53364541.66666666,68.21199798583984,68.27999877929689,69.28199768066406,68.85600280761719,67.46399688720703,68.418798828125,67.97239990234375,67.710400390625,67.09000091552734,65.91320037841797,66.18959999084473,65.25120010375977,63.64220008850098,61.91400032043457,60.30660018920897,59.643299865722646,58.86070003509521,57.95230007171631,57.107700157165525,56.48320007324219,58.73239987691243,58.46526667277018,58.18713340759278,57.871733474731435,57.5654000600179,59.67976652781169,59.73093318939209,59.77789986928304,59.79803320566813,59.884899838765456,38026300.0,40390100.0,47045100.0,66662600.0,79503200.0,64981750.0,71114200.0,69998850.0,70782600.0,69493150.0,55488650.0,56813075.0,58223500.0,60757625.0,61211150.0,61127450.0,60747250.0,60249250.0,59789666.66666666,59681216.66666666,53332200.0,53640616.66666666,53950700.0,54732016.66666666,56112941.66666666,0
2018-11-08,69.69999694824219,71.51599884033203,69.68800354003906,70.27999877929689,35453500,0,69.13719940185547,68.11360015869141,61.54780006408691,59.282133229573574,59.7238665898641,36867100.0,51764850.0,53859200.0,60812933.33333334,53196991.66666666,69.63200378417969,68.21199798583984,68.27999877929689,69.28199768066406,68.85600280761719,68.85240020751954,68.418798828125,67.97239990234375,67.710400390625,67.09000091552734,67.38280029296875,66.18959999084473,65.25120010375977,63.64220008850098,61.91400032043457,60.556100082397464,59.643299865722646,58.86070003509521,57.95230007171631,57.107700157165525,58.98959999084472,58.73239987691243,58.46526667277018,58.18713340759278,57.871733474731435,59.68149992624919,59.67976652781169,59.73093318939209,59.77789986928304,59.79803320566813,37776500.0,38026300.0,40390100.0,47045100.0,66662600.0,58639850.0,64981750.0,71114200.0,69998850.0,70782600.0,54128450.0,55488650.0,56813075.0,58223500.0,60757625.0,61049333.33333334,61127450.0,60747250.0,60249250.0,59789666.66666666,53364541.66666666,53332200.0,53640616.66666666,53950700.0,54732016.66666666,1
2018-11-09,69.80000305175781,70.80000305175781,69.04599761962889,70.10199737548828,25494000,0,69.30119934082032,68.50579986572265,62.46509990692139,59.85373318990072,59.774066607157394,34157900.0,40601500.0,53333550.0,56054450.0,53116558.33333334,70.27999877929689,69.63200378417969,68.21199798583984,68.27999877929689,69.28199768066406,69.13719940185547,68.85240020751954,68.418798828125,67.97239990234375,67.710400390625,68.11360015869141,67.38280029296875,66.18959999084473,65.25120010375977,63.64220008850098,61.54780006408691,60.556100082397464,59.643299865722646,58.86070003509521,57.95230007171631,59.282133229573574,58.98959999084472,58.73239987691243,58.46526667277018,58.18713340759278,59.7238665898641,59.68149992624919,59.67976652781169,59.73093318939209,59.77789986928304,36867100.0,37776500.0,38026300.0,40390100.0,47045100.0,51764850.0,58639850.0,64981750.0,71114200.0,69998850.0,53859200.0,54128450.0,55488650.0,56813075.0,58223500.0,60812933.33333334,61049333.33333334,61127450.0,60747250.0,60249250.0,53196991.66666666,53364541.66666666,53332200.0,53640616.66666666,53950700.0,1
2018-11-12,69.67400360107422,69.95600128173828,66.06800079345703,66.25599670410156,34707500,1,68.89639892578126,68.4343994140625,63.18199977874756,59.99093310038249,59.8599999109904,33268400.0,36829250.0,53518925.0,53581766.66666666,52115133.33333334,70.10199737548828,70.27999877929689,69.63200378417969,68.21199798583984,68.27999877929689,69.30119934082032,69.13719940185547,68.85240020751954,68.418798828125,67.97239990234375,68.50579986572265,68.11360015869141,67.38280029296875,66.18959999084473,65.25120010375977,62.46509990692139,61.54780006408691,60.556100082397464,59.643299865722646,58.86070003509521,59.85373318990072,59.282133229573574,58.98959999084472,58.73239987691243,58.46526667277018,59.774066607157394,59.7238665898641,59.68149992624919,59.67976652781169,59.73093318939209,34157900.0,36867100.0,37776500.0,38026300.0,40390100.0,40601500.0,51764850.0,58639850.0,64981750.0,71114200.0,53333550.0,53859200.0,54128450.0,55488650.0,56813075.0,56054450.0,60812933.33333334,61049333.33333334,61127450.0,60747250.0,53116558.33333334,53196991.66666666,53364541.66666666,53332200.0,53640616.66666666,0
2018-11-13,66.63200378417969,68.94000244140625,66.44000244140625,67.74600219726561,27243000,1,68.80319976806639,68.6109992980957,63.803399848937985,60.24233322143554,59.96096661885579,31954100.0,34990200.0,52499475.0,52532616.66666666,51118991.66666666,66.25599670410156,70.10199737548828,70.27999877929689,69.63200378417969,68.21199798583984,68.89639892578126,69.30119934082032,69.13719940185547,68.85240020751954,68.418798828125,68.4343994140625,68.50579986572265,68.11360015869141,67.38280029296875,66.18959999084473,63.18199977874756,62.46509990692139,61.54780006408691,60.556100082397464,59.643299865722646,59.99093310038249,59.85373318990072,59.282133229573574,58.98959999084472,58.73239987691243,59.8599999109904,59.774066607157394,59.7238665898641,59.68149992624919,59.67976652781169,33268400.0,34157900.0,36867100.0,37776500.0,38026300.0,36829250.0,40601500.0,51764850.0,58639850.0,64981750.0,53518925.0,53333550.0,53859200.0,54128450.0,55488650.0,53581766.66666666,56054450.0,60812933.33333334,61049333.33333334,61127450.0,52115133.33333334,53116558.33333334,53196991.66666666,53364541.66666666,53332200.0,1
2018-11-14,68.54000091552734,69.4219970703125,67.43000030517578,68.80000305175781,25201500,1,68.63679962158203,68.74459991455078,64.52560005187988,60.570333353678386,60.034633382161466,29619900.0,33698200.0,51595675.0,52040166.66666666,50441333.33333334,67.74600219726561,66.25599670410156,70.10199737548828,70.27999877929689,69.63200378417969,68.80319976806639,68.89639892578126,69.30119934082032,69.13719940185547,68.85240020751954,68.6109992980957,68.4343994140625,68.50579986572265,68.11360015869141,67.38280029296875,63.803399848937985,63.18199977874756,62.46509990692139,61.54780006408691,60.556100082397464,60.24233322143554,59.99093310038249,59.85373318990072,59.282133229573574,58.98959999084472,59.96096661885579,59.8599999109904,59.774066607157394,59.7238665898641,59.68149992624919,31954100.0,33268400.0,34157900.0,36867100.0,37776500.0,34990200.0,36829250.0,40601500.0,51764850.0,58639850.0,52499475.0,53518925.0,53333550.0,53859200.0,54128450.0,52532616.66666666,53581766.66666666,56054450.0,60812933.33333334,61049333.33333334,51118991.66666666,52115133.33333334,53116558.33333334,53196991.66666666,53364541.66666666,1
2018-11-15,68.46600341796875,69.71600341796875,67.80799865722656,69.68800354003906,23128500,1,68.51840057373047,68.82779998779297,65.37090015411377,61.01440010070801,60.12396672566732,27154900.0,32011000.0,51396800.0,51175416.66666666,50331308.33333334,68.80000305175781,67.74600219726561,66.25599670410156,70.10199737548828,70.27999877929689,68.63679962158203,68.80319976806639,68.89639892578126,69.30119934082032,69.13719940185547,68.74459991455078,68.6109992980957,68.4343994140625,68.50579986572265,68.11360015869141,64.52560005187988,63.803399848937985,63.18199977874756,62.46509990692139,61.54780006408691,60.570333353678386,60.24233322143554,59.99093310038249,59.85373318990072,59.282133229573574,60.034633382161466,59.96096661885579,59.8599999109904,59.774066607157394,59.7238665898641,29619900.0,31954100.0,33268400.0,34157900.0,36867100.0,33698200.0,34990200.0,36829250.0,40601500.0,51764850.0,51595675.0,52499475.0,53518925.0,53333550.0,53859200.0,52040166.66666666,52532616.66666666,53581766.66666666,56054450.0,60812933.33333334,50441333.33333334,51118991.66666666,52115133.33333334,53116558.33333334,53196991.66666666,0
2018-11-16,69.03800201416016,71.13999938964844,69.02400207519531,70.86199951171875,36031000,0,68.67040100097657,68.98580017089844,66.3140001296997,61.63013343811035,60.23800010681153,29262300.0,31710100.0,50854475.0,49385700.0,50502883.33333334,69.68800354003906,68.80000305175781,67.74600219726561,66.25599670410156,70.10199737548828,68.51840057373047,68.63679962158203,68.80319976806639,68.89639892578126,69.30119934082032,68.82779998779297,68.74459991455078,68.6109992980957,68.4343994140625,68.50579986572265,65.37090015411377,64.52560005187988,63.803399848937985,63.18199977874756,62.46509990692139,61.01440010070801,60.570333353678386,60.24233322143554,59.99093310038249,59.85373318990072,60.12396672566732,60.034633382161466,59.96096661885579,59.8599999109904,59.774066607157394,27154900.0,29619900.0,31954100.0,33268400.0,34157900.0,32011000.0,33698200.0,34990200.0,36829250.0,40601500.0,51396800.0,51595675.0,52499475.0,53518925.0,53333550.0,51175416.66666666,52040166.66666666,52532616.66666666,53581766.66666666,56054450.0,50331308.33333334,50441333.33333334,51118991.66666666,52115133.33333334,53116558.33333334,0
2018-11-19,71.26799774169922,73.3499984741211,70.57599639892578,70.69400024414062,48544500,0,69.55800170898438,69.22720031738281,67.23920021057128,62.316200129191074,60.34016672770181,32029700.0,32649050.0,51881625.0,48758400.0,51011741.66666666,70.86199951171875,69.68800354003906,68.80000305175781,67.74600219726561,66.25599670410156,68.67040100097657,68.51840057373047,68.63679962158203,68.80319976806639,68.89639892578126,68.98580017089844,68.82779998779297,68.74459991455078,68.6109992980957,68.4343994140625,66.3140001296997,65.37090015411377,64.52560005187988,63.803399848937985,63.18199977874756,61.63013343811035,61.01440010070801,60.570333353678386,60.24233322143554,59.99093310038249,60.23800010681153,60.12396672566732,60.034633382161466,59.96096661885579,59.8599999109904,29262300.0,27154900.0,29619900.0,31954100.0,33268400.0,31710100.0,32011000.0,33698200.0,34990200.0,36829250.0,50854475.0,51396800.0,51595675.0,52499475.0,53518925.0,49385700.0,51175416.66666666,52040166.66666666,52532616.66666666,53581766.66666666,50502883.33333334,50331308.33333334,50441333.33333334,51118991.66666666,52115133.33333334,0
2018-11-20,68.34999847412111,69.95999908447266,66.70999908447266,69.49800109863281,40023500,0,69.90840148925781,69.35580062866211,67.77270030975342,62.88080012003581,60.43423341115315,34585800.0,33269950.0,49125850.0,48082416.66666666,50588858.33333334,70.69400024414062,70.86199951171875,69.68800354003906,68.80000305175781,67.74600219726561,69.55800170898438,68.67040100097657,68.51840057373047,68.63679962158203,68.80319976806639,69.22720031738281,68.98580017089844,68.82779998779297,68.74459991455078,68.6109992980957,67.23920021057128,66.3140001296997,65.37090015411377,64.52560005187988,63.803399848937985,62.316200129191074,61.63013343811035,61.01440010070801,60.570333353678386,60.24233322143554,60.34016672770181,60.23800010681153,60.12396672566732,60.034633382161466,59.96096661885579,32029700.0,29262300.0,27154900.0,29619900.0,31954100.0,32649050.0,31710100.0,32011000.0,33698200.0,34990200.0,51881625.0,50854475.0,51396800.0,51595675.0,52499475.0,48758400.0,49385700.0,51175416.66666666,52040166.66666666,52532616.66666666,51011741.66666666,50502883.33333334,50331308.33333334,50441333.33333334,51118991.66666666,1
2018-11-21,70.4000015258789,70.62000274658203,67.48000335693361,67.63800048828125,23434000,0,69.6760009765625,69.15640029907226,68.26960029602051,63.42286682128906,60.52200005849202,34232300.0,31926100.0,45282975.0,46727666.66666666,50342000.0,69.49800109863281,70.69400024414062,70.86199951171875,69.68800354003906,68.80000305175781,69.90840148925781,69.55800170898438,68.67040100097657,68.51840057373047,68.63679962158203,69.35580062866211,69.22720031738281,68.98580017089844,68.82779998779297,68.74459991455078,67.77270030975342,67.23920021057128,66.3140001296997,65.37090015411377,64.52560005187988,62.88080012003581,62.316200129191074,61.63013343811035,61.01440010070801,60.570333353678386,60.43423341115315,60.34016672770181,60.23800010681153,60.12396672566732,60.034633382161466,34585800.0,32029700.0,29262300.0,27154900.0,29619900.0,33269950.0,32649050.0,31710100.0,32011000.0,33698200.0,49125850.0,51881625.0,50854475.0,51396800.0,51595675.0,48082416.66666666,48758400.0,49385700.0,51175416.66666666,52040166.66666666,50588858.33333334,51011741.66666666,50502883.33333334,50331308.33333334,50441333.33333334,1
2018-11-23,66.87000274658203,67.5,65.11000061035156,65.16600036621094,21013000,1,68.77160034179687,68.64500045776367,68.37930030822754,63.91353352864584,60.59140008290608,33809200.0,30482050.0,41123450.0,46066816.66666666,50071600.0,67.63800048828125,69.49800109863281,70.69400024414062,70.86199951171875,69.68800354003906,69.6760009765625,69.90840148925781,69.55800170898438,68.67040100097657,68.51840057373047,69.15640029907226,69.35580062866211,69.22720031738281,68.98580017089844,68.82779998779297,68.26960029602051,67.77270030975342,67.23920021057128,66.3140001296997,65.37090015411377,63.42286682128906,62.88080012003581,62.316200129191074,61.63013343811035,61.01440010070801,60.52200005849202,60.43423341115315,60.34016672770181,60.23800010681153,60.12396672566732,34232300.0,34585800.0,32029700.0,29262300.0,27154900.0,31926100.0,33269950.0,32649050.0,31710100.0,32011000.0,45282975.0,49125850.0,51881625.0,50854475.0,51396800.0,46727666.66666666,48082416.66666666,48758400.0,49385700.0,51175416.66666666,50342000.0,50588858.33333334,51011741.66666666,50502883.33333334,50331308.33333334,1
2018-11-26,65.0,69.24400329589844,65.0,69.19999694824219,39960500,0,68.43919982910157,68.55480041503907,68.53030014038086,64.49500007629395,60.734233347574865,34595100.0,31928700.0,36265100.0,46198600.0,50136216.66666666,65.16600036621094,67.63800048828125,69.49800109863281,70.69400024414062,70.86199951171875,68.77160034179687,69.6760009765625,69.90840148925781,69.55800170898438,68.67040100097657,68.64500045776367,69.15640029907226,69.35580062866211,69.22720031738281,68.98580017089844,68.37930030822754,68.26960029602051,67.77270030975342,67.23920021057128,66.3140001296997,63.91353352864584,63.42286682128906,62.88080012003581,62.316200129191074,61.63013343811035,60.59140008290608,60.52200005849202,60.43423341115315,60.34016672770181,60.23800010681153,33809200.0,34232300.0,34585800.0,32029700.0,29262300.0,30482050.0,31926100.0,33269950.0,32649050.0,31710100.0,41123450.0,45282975.0,49125850.0,51881625.0,50854475.0,46066816.66666666,46727666.66666666,48082416.66666666,48758400.0,49385700.0,50071600.0,50342000.0,50588858.33333334,51011741.66666666,50502883.33333334,1
2018-11-27,68.01000213623047,69.39199829101561,67.09999847412111,68.78399658203125,31791500,1,68.05719909667968,68.80760040283204,68.62099990844726,65.05719998677571,60.87509994506836,31244500.0,31637100.0,34233175.0,46224983.33333334,50218150.0,69.19999694824219,65.16600036621094,67.63800048828125,69.49800109863281,70.69400024414062,68.43919982910157,68.77160034179687,69.6760009765625,69.90840148925781,69.55800170898438,68.55480041503907,68.64500045776367,69.15640029907226,69.35580062866211,69.22720031738281,68.53030014038086,68.37930030822754,68.26960029602051,67.77270030975342,67.23920021057128,64.49500007629395,63.91353352864584,63.42286682128906,62.88080012003581,62.316200129191074,60.734233347574865,60.59140008290608,60.52200005849202,60.43423341115315,60.34016672770181,34595100.0,33809200.0,34232300.0,34585800.0,32029700.0,31928700.0,30482050.0,31926100.0,33269950.0,32649050.0,36265100.0,41123450.0,45282975.0,49125850.0,51881625.0,46198600.0,46066816.66666666,46727666.66666666,48082416.66666666,48758400.0,50136216.66666666,50071600.0,50342000.0,50588858.33333334,51011741.66666666,1
2018-11-28,69.197998046875,69.65599822998047,68.44200134277344,69.57399749755861,20638000,0,68.07239837646485,68.99039993286132,68.80069961547852,65.53239987691244,61.07149988810222,27367400.0,30976600.0,32983400.0,45325183.33333334,49866241.66666666,68.78399658203125,69.19999694824219,65.16600036621094,67.63800048828125,69.49800109863281,68.05719909667968,68.43919982910157,68.77160034179687,69.6760009765625,69.90840148925781,68.80760040283204,68.55480041503907,68.64500045776367,69.15640029907226,69.35580062866211,68.62099990844726,68.53030014038086,68.37930030822754,68.26960029602051,67.77270030975342,65.05719998677571,64.49500007629395,63.91353352864584,63.42286682128906,62.88080012003581,60.87509994506836,60.734233347574865,60.59140008290608,60.52200005849202,60.43423341115315,31244500.0,34595100.0,33809200.0,34232300.0,34585800.0,31637100.0,31928700.0,30482050.0,31926100.0,33269950.0,34233175.0,36265100.0,41123450.0,45282975.0,49125850.0,46224983.33333334,46198600.0,46066816.66666666,46727666.66666666,48082416.66666666,50218150.0,50136216.66666666,50071600.0,50342000.0,50588858.33333334,1
2018-11-29,69.40000152587889,69.5,67.91000366210939,68.23400115966797,15403500,1,68.19159851074218,68.93379974365234,68.83919982910156,65.99499994913737,61.27293326059978,25761300.0,29996800.0,31847500.0,44396050.0,49479566.66666666,69.57399749755861,68.78399658203125,69.19999694824219,65.16600036621094,67.63800048828125,68.07239837646485,68.05719909667968,68.43919982910157,68.77160034179687,69.6760009765625,68.99039993286132,68.80760040283204,68.55480041503907,68.64500045776367,69.15640029907226,68.80069961547852,68.62099990844726,68.53030014038086,68.37930030822754,68.26960029602051,65.53239987691244,65.05719998677571,64.49500007629395,63.91353352864584,63.42286682128906,61.07149988810222,60.87509994506836,60.734233347574865,60.59140008290608,60.52200005849202,27367400.0,31244500.0,34595100.0,33809200.0,34232300.0,30976600.0,31637100.0,31928700.0,30482050.0,31926100.0,32983400.0,34233175.0,36265100.0,41123450.0,45282975.0,45325183.33333334,46224983.33333334,46198600.0,46066816.66666666,46727666.66666666,49866241.66666666,50218150.0,50136216.66666666,50071600.0,50342000.0,1
2018-11-30,68.36599731445311,70.31999969482422,67.65200042724611,70.09600067138672,28145500,1,69.17759857177734,68.9745994567871,68.90119972229004,66.57213325500489,61.50469996134439,27187800.0,30498500.0,31254750.0,44430700.0,49325258.33333334,68.23400115966797,69.57399749755861,68.78399658203125,69.19999694824219,65.16600036621094,68.19159851074218,68.07239837646485,68.05719909667968,68.43919982910157,68.77160034179687,68.93379974365234,68.99039993286132,68.80760040283204,68.55480041503907,68.64500045776367,68.83919982910156,68.80069961547852,68.62099990844726,68.53030014038086,68.37930030822754,65.99499994913737,65.53239987691244,65.05719998677571,64.49500007629395,63.91353352864584,61.27293326059978,61.07149988810222,60.87509994506836,60.734233347574865,60.59140008290608,25761300.0,27367400.0,31244500.0,34595100.0,33809200.0,29996800.0,30976600.0,31637100.0,31928700.0,30482050.0,31847500.0,32983400.0,34233175.0,36265100.0,41123450.0,44396050.0,45325183.33333334,46224983.33333334,46198600.0,46066816.66666666,49479566.66666666,49866241.66666666,50218150.0,50136216.66666666,50071600.0,1
2018-12-03,72.0,73.19999694824219,70.4000015258789,71.697998046875,41532500,1,69.67719879150391,69.05819931030274,69.02199974060059,67.22873318990072,61.82219994862874,27502200.0,31048650.0,31379375.0,44252533.333333336,48143141.66666666,70.09600067138672,68.23400115966797,69.57399749755861,68.78399658203125,69.19999694824219,69.17759857177734,68.19159851074218,68.07239837646485,68.05719909667968,68.43919982910157,68.9745994567871,68.93379974365234,68.99039993286132,68.80760040283204,68.55480041503907,68.90119972229004,68.83919982910156,68.80069961547852,68.62099990844726,68.53030014038086,66.57213325500489,65.99499994913737,65.53239987691244,65.05719998677571,64.49500007629395,61.50469996134439,61.27293326059978,61.07149988810222,60.87509994506836,60.734233347574865,27187800.0,25761300.0,27367400.0,31244500.0,34595100.0,30498500.0,29996800.0,30976600.0,31637100.0,31928700.0,31254750.0,31847500.0,32983400.0,34233175.0,36265100.0,44430700.0,44396050.0,45325183.33333334,46224983.33333334,46198600.0,49325258.33333334,49479566.66666666,49866241.66666666,50218150.0,50136216.66666666,1
2018-12-04,71.20999908447266,73.73600006103516,70.4000015258789,71.94000244140625,42309500,1,70.3083999633789,69.1827995300293,69.20499992370604,67.88706665039062,62.069533348083496,29605800.0,30425150.0,31537100.0,44729466.66666666,47658008.33333334,71.697998046875,70.09600067138672,68.23400115966797,69.57399749755861,68.78399658203125,69.67719879150391,69.17759857177734,68.19159851074218,68.07239837646485,68.05719909667968,69.05819931030274,68.9745994567871,68.93379974365234,68.99039993286132,68.80760040283204,69.02199974060059,68.90119972229004,68.83919982910156,68.80069961547852,68.62099990844726,67.22873318990072,66.57213325500489,65.99499994913737,65.53239987691244,65.05719998677571,61.82219994862874,61.50469996134439,61.27293326059978,61.07149988810222,60.87509994506836,27502200.0,27187800.0,25761300.0,27367400.0,31244500.0,31048650.0,30498500.0,29996800.0,30976600.0,31637100.0,31379375.0,31254750.0,31847500.0,32983400.0,34233175.0,44252533.333333336,44430700.0,44396050.0,45325183.33333334,46224983.33333334,48143141.66666666,49325258.33333334,49479566.66666666,49866241.66666666,50218150.0,1
2018-12-06,71.2020034790039,73.47599792480469,70.15200042724611,72.61199951171875,39212500,0,70.91600036621094,69.49419937133788,69.425,68.34653333028157,62.34826666514079,33320700.0,30344050.0,31807000.0,42865250.0,47547383.33333334,71.94000244140625,71.697998046875,70.09600067138672,68.23400115966797,69.57399749755861,70.3083999633789,69.67719879150391,69.17759857177734,68.19159851074218,68.07239837646485,69.1827995300293,69.05819931030274,68.9745994567871,68.93379974365234,68.99039993286132,69.20499992370604,69.02199974060059,68.90119972229004,68.83919982910156,68.80069961547852,67.88706665039062,67.22873318990072,66.57213325500489,65.99499994913737,65.53239987691244,62.069533348083496,61.82219994862874,61.50469996134439,61.27293326059978,61.07149988810222,29605800.0,27502200.0,27187800.0,25761300.0,27367400.0,30425150.0,31048650.0,30498500.0,29996800.0,30976600.0,31537100.0,31379375.0,31254750.0,31847500.0,32983400.0,44729466.66666666,44252533.333333336,44430700.0,44396050.0,45325183.33333334,47658008.33333334,48143141.66666666,49325258.33333334,49479566.66666666,49866241.66666666,0
2018-12-07,73.80000305175781,75.89800262451172,71.52999877929688,71.59400177001953,57556000,1,71.58800048828125,69.88979949951172,69.52309989929199,68.80966669718424,62.57303333282471,41751200.0,33756250.0,32841175.0,41440733.333333336,47672033.33333334,72.61199951171875,71.94000244140625,71.697998046875,70.09600067138672,68.23400115966797,70.91600036621094,70.3083999633789,69.67719879150391,69.17759857177734,68.19159851074218,69.49419937133788,69.1827995300293,69.05819931030274,68.9745994567871,68.93379974365234,69.425,69.20499992370604,69.02199974060059,68.90119972229004,68.83919982910156,68.34653333028157,67.88706665039062,67.22873318990072,66.57213325500489,65.99499994913737,62.34826666514079,62.069533348083496,61.82219994862874,61.50469996134439,61.27293326059978,33320700.0,29605800.0,27502200.0,27187800.0,25761300.0,30344050.0,30425150.0,31048650.0,30498500.0,29996800.0,31807000.0,31537100.0,31379375.0,31254750.0,31847500.0,42865250.0,44729466.66666666,44252533.333333336,44430700.0,44396050.0,47547383.33333334,47658008.33333334,48143141.66666666,49325258.33333334,49479566.66666666,0
2018-12-10,72.0,73.19599914550781,70.6240005493164,73.02999877929688,33067500,1,72.17480010986328,70.67619934082032,69.660599899292,69.14493331909179,62.82533334096272,42735600.0,34961700.0,32721875.0,39069533.333333336,47694800.0,71.59400177001953,72.61199951171875,71.94000244140625,71.697998046875,70.09600067138672,71.58800048828125,70.91600036621094,70.3083999633789,69.67719879150391,69.17759857177734,69.88979949951172,69.49419937133788,69.1827995300293,69.05819931030274,68.9745994567871,69.52309989929199,69.425,69.20499992370604,69.02199974060059,68.90119972229004,68.80966669718424,68.34653333028157,67.88706665039062,67.22873318990072,66.57213325500489,62.57303333282471,62.34826666514079,62.069533348083496,61.82219994862874,61.50469996134439,41751200.0,33320700.0,29605800.0,27502200.0,27187800.0,33756250.0,30344050.0,30425150.0,31048650.0,30498500.0,32841175.0,31807000.0,31537100.0,31379375.0,31254750.0,41440733.333333336,42865250.0,44729466.66666666,44252533.333333336,44430700.0,47672033.33333334,47547383.33333334,47658008.33333334,48143141.66666666,49325258.33333334,0
2018-12-11,73.98200225830078,74.43399810791016,72.0459976196289,73.35199737548828,31544000,0,72.50559997558594,71.09139938354492,69.82309989929199,69.38399988810221,63.06386661529541,40737900.0,34120050.0,33024375.0,35550083.333333336,47656733.33333334,73.02999877929688,71.59400177001953,72.61199951171875,71.94000244140625,71.697998046875,72.17480010986328,71.58800048828125,70.91600036621094,70.3083999633789,69.67719879150391,70.67619934082032,69.88979949951172,69.49419937133788,69.1827995300293,69.05819931030274,69.660599899292,69.52309989929199,69.425,69.20499992370604,69.02199974060059,69.14493331909179,68.80966669718424,68.34653333028157,67.88706665039062,67.22873318990072,62.82533334096272,62.57303333282471,62.34826666514079,62.069533348083496,61.82219994862874,42735600.0,41751200.0,33320700.0,29605800.0,27502200.0,34961700.0,33756250.0,30344050.0,30425150.0,31048650.0,32721875.0,32841175.0,31807000.0,31537100.0,31379375.0,39069533.333333336,41440733.333333336,42865250.0,44729466.66666666,44252533.333333336,47694800.0,47672033.33333334,47547383.33333334,47658008.33333334,48143141.66666666,1
2018-12-12,73.88400268554688,74.38200378417969,73.03199768066406,73.31999969482422,25135000,1,72.78159942626955,71.5449996948242,70.17630004882811,69.59566650390624,63.30306663513185,37303000.0,33454400.0,32545750.0,33973583.333333336,47501683.33333334,73.35199737548828,73.02999877929688,71.59400177001953,72.61199951171875,71.94000244140625,72.50559997558594,72.17480010986328,71.58800048828125,70.91600036621094,70.3083999633789,71.09139938354492,70.67619934082032,69.88979949951172,69.49419937133788,69.1827995300293,69.82309989929199,69.660599899292,69.52309989929199,69.425,69.20499992370604,69.38399988810221,69.14493331909179,68.80966669718424,68.34653333028157,67.88706665039062,63.06386661529541,62.82533334096272,62.57303333282471,62.34826666514079,62.069533348083496,40737900.0,42735600.0,41751200.0,33320700.0,29605800.0,34120050.0,34961700.0,33756250.0,30344050.0,30425150.0,33024375.0,32721875.0,32841175.0,31807000.0,31537100.0,35550083.333333336,39069533.333333336,41440733.333333336,42865250.0,44729466.66666666,47656733.33333334,47694800.0,47672033.33333334,47547383.33333334,47658008.33333334,1
2018-12-13,74.02999877929688,75.48799896240234,73.3499984741211,75.35800170898438,36829500,0,73.33079986572265,72.1234001159668,70.55690002441406,69.90826644897462,63.60916665395101,36826400.0,35073550.0,33025075.0,33680116.666666664,46736550.0,73.31999969482422,73.35199737548828,73.02999877929688,71.59400177001953,72.61199951171875,72.78159942626955,72.50559997558594,72.17480010986328,71.58800048828125,70.91600036621094,71.5449996948242,71.09139938354492,70.67619934082032,69.88979949951172,69.49419937133788,70.17630004882811,69.82309989929199,69.660599899292,69.52309989929199,69.425,69.59566650390624,69.38399988810221,69.14493331909179,68.80966669718424,68.34653333028157,63.30306663513185,63.06386661529541,62.82533334096272,62.57303333282471,62.34826666514079,37303000.0,40737900.0,42735600.0,41751200.0,33320700.0,33454400.0,34120050.0,34961700.0,33756250.0,30344050.0,32545750.0,33024375.0,32721875.0,32841175.0,31807000.0,33973583.333333336,35550083.333333336,39069533.333333336,41440733.333333336,42865250.0,47501683.33333334,47656733.33333334,47694800.0,47672033.33333334,47547383.33333334,1
2018-12-14,75.0,75.5739974975586,72.86599731445312,73.14199829101562,31688000,0,73.64039916992188,72.61419982910157,70.77399978637695,70.0975331624349,63.831466611226396,31652800.0,36702000.0,33349400.0,33465666.66666667,46573441.66666666,75.35800170898438,73.31999969482422,73.35199737548828,73.02999877929688,71.59400177001953,73.33079986572265,72.78159942626955,72.50559997558594,72.17480010986328,71.58800048828125,72.1234001159668,71.5449996948242,71.09139938354492,70.67619934082032,69.88979949951172,70.55690002441406,70.17630004882811,69.82309989929199,69.660599899292,69.52309989929199,69.90826644897462,69.59566650390624,69.38399988810221,69.14493331909179,68.80966669718424,63.60916665395101,63.30306663513185,63.06386661529541,62.82533334096272,62.57303333282471,36826400.0,37303000.0,40737900.0,42735600.0,41751200.0,35073550.0,33454400.0,34120050.0,34961700.0,33756250.0,33025075.0,32545750.0,33024375.0,32721875.0,32841175.0,33680116.666666664,33973583.333333336,35550083.333333336,39069533.333333336,41440733.333333336,46736550.0,47501683.33333334,47656733.33333334,47694800.0,47672033.33333334,1
2018-12-17,72.4000015258789,73.13999938964844,68.7760009765625,69.68399810791016,38370000,0,72.97119903564453,72.5729995727539,70.7737995147705,70.125133005778,63.99843324025472,32713300.0,37724450.0,34111475.0,33411316.66666667,46600491.66666666,73.14199829101562,75.35800170898438,73.31999969482422,73.35199737548828,73.02999877929688,73.64039916992188,73.33079986572265,72.78159942626955,72.50559997558594,72.17480010986328,72.61419982910157,72.1234001159668,71.5449996948242,71.09139938354492,70.67619934082032,70.77399978637695,70.55690002441406,70.17630004882811,69.82309989929199,69.660599899292,70.0975331624349,69.90826644897462,69.59566650390624,69.38399988810221,69.14493331909179,63.831466611226396,63.60916665395101,63.30306663513185,63.06386661529541,62.82533334096272,31652800.0,36826400.0,37303000.0,40737900.0,42735600.0,36702000.0,35073550.0,33454400.0,34120050.0,34961700.0,33349400.0,33025075.0,32545750.0,33024375.0,32721875.0,33465666.66666667,33680116.666666664,33973583.333333336,35550083.333333336,39069533.333333336,46573441.66666666,46736550.0,47501683.33333334,47656733.33333334,47694800.0,1
2018-12-18,70.10800170898439,70.30999755859375,66.73799896240234,67.40599822998047,35500000,0,71.78199920654295,72.14379959106445,70.60099945068359,70.0625996907552,64.12486654917399,33504500.0,37121200.0,34084925.0,33293316.66666667,46771283.33333334,69.68399810791016,73.14199829101562,75.35800170898438,73.31999969482422,73.35199737548828,72.97119903564453,73.64039916992188,73.33079986572265,72.78159942626955,72.50559997558594,72.5729995727539,72.61419982910157,72.1234001159668,71.5449996948242,71.09139938354492,70.7737995147705,70.77399978637695,70.55690002441406,70.17630004882811,69.82309989929199,70.125133005778,70.0975331624349,69.90826644897462,69.59566650390624,69.38399988810221,63.99843324025472,63.831466611226396,63.60916665395101,63.30306663513185,63.06386661529541,32713300.0,31652800.0,36826400.0,37303000.0,40737900.0,37724450.0,36702000.0,35073550.0,33454400.0,34120050.0,34111475.0,33349400.0,33025075.0,32545750.0,33024375.0,33411316.66666667,33465666.66666667,33680116.666666664,33973583.333333336,35550083.333333336,46600491.66666666,46573441.66666666,46736550.0,47501683.33333334,47656733.33333334,0
2018-12-19,67.51999664306639,69.40200042724611,65.947998046875,66.59400177001953,41371000,0,70.43679962158203,71.60919952392578,70.39599952697753,70.00639979044597,64.23583323160807,36751700.0,37027350.0,33726250.0,33367183.33333333,47057216.66666666,67.40599822998047,69.68399810791016,73.14199829101562,75.35800170898438,73.31999969482422,71.78199920654295,72.97119903564453,73.64039916992188,73.33079986572265,72.78159942626955,72.14379959106445,72.5729995727539,72.61419982910157,72.1234001159668,71.5449996948242,70.60099945068359,70.7737995147705,70.77399978637695,70.55690002441406,70.17630004882811,70.0625996907552,70.125133005778,70.0975331624349,69.90826644897462,69.59566650390624,64.12486654917399,63.99843324025472,63.831466611226396,63.60916665395101,63.30306663513185,33504500.0,32713300.0,31652800.0,36826400.0,37303000.0,37121200.0,37724450.0,36702000.0,35073550.0,33454400.0,34084925.0,34111475.0,33349400.0,33025075.0,32545750.0,33293316.66666667,33411316.66666667,33465666.66666667,33680116.666666664,33973583.333333336,46771283.33333334,46600491.66666666,46573441.66666666,46736550.0,47501683.33333334,1
2018-12-20,65.41000366210939,66.05799865722656,62.374000549316406,63.07600021362305,45359500,1,67.98039932250977,70.6555995941162,70.07489948272705,69.8351998647054,64.28379987080892,38457700.0,37642050.0,33993050.0,33752016.666666664,47439733.33333334,66.59400177001953,67.40599822998047,69.68399810791016,73.14199829101562,75.35800170898438,70.43679962158203,71.78199920654295,72.97119903564453,73.64039916992188,73.33079986572265,71.60919952392578,72.14379959106445,72.5729995727539,72.61419982910157,72.1234001159668,70.39599952697753,70.60099945068359,70.7737995147705,70.77399978637695,70.55690002441406,70.00639979044597,70.0625996907552,70.125133005778,70.0975331624349,69.90826644897462,64.23583323160807,64.12486654917399,63.99843324025472,63.831466611226396,63.60916665395101,36751700.0,33504500.0,32713300.0,31652800.0,36826400.0,37027350.0,37121200.0,37724450.0,36702000.0,35073550.0,33726250.0,34084925.0,34111475.0,33349400.0,33025075.0,33367183.33333333,33293316.66666667,33411316.66666667,33465666.66666667,33680116.666666664,47057216.66666666,46771283.33333334,46600491.66666666,46573441.66666666,46736550.0,1
2018-12-21,63.47999954223633,64.69400024414061,62.487998962402344,63.95399856567383,40084000,0,66.14279937744139,69.89159927368163,69.89069938659668,69.64593302408854,64.31776650746663,40136900.0,35894850.0,34825550.0,33859066.666666664,47454200.0,63.07600021362305,66.59400177001953,67.40599822998047,69.68399810791016,73.14199829101562,67.98039932250977,70.43679962158203,71.78199920654295,72.97119903564453,73.64039916992188,70.6555995941162,71.60919952392578,72.14379959106445,72.5729995727539,72.61419982910157,70.07489948272705,70.39599952697753,70.60099945068359,70.7737995147705,70.77399978637695,69.8351998647054,70.00639979044597,70.0625996907552,70.125133005778,70.0975331624349,64.28379987080892,64.23583323160807,64.12486654917399,63.99843324025472,63.831466611226396,38457700.0,36751700.0,33504500.0,32713300.0,31652800.0,37642050.0,37027350.0,37121200.0,37724450.0,36702000.0,33993050.0,33726250.0,34084925.0,34111475.0,33349400.0,33752016.666666664,33367183.33333333,33293316.66666667,33411316.66666667,33465666.66666667,47439733.33333334,47057216.66666666,46771283.33333334,46600491.66666666,46573441.66666666,1
2018-12-24,62.70000076293945,62.9000015258789,59.040000915527344,59.07799911499024,27799500,1,64.02159957885742,68.49639930725098,69.58629932403565,69.27253303527831,64.27733313242594,38022800.0,35368050.0,35164875.0,33603933.333333336,47208433.33333334,63.95399856567383,63.07600021362305,66.59400177001953,67.40599822998047,69.68399810791016,66.14279937744139,67.98039932250977,70.43679962158203,71.78199920654295,72.97119903564453,69.89159927368163,70.6555995941162,71.60919952392578,72.14379959106445,72.5729995727539,69.89069938659668,70.07489948272705,70.39599952697753,70.60099945068359,70.7737995147705,69.64593302408854,69.8351998647054,70.00639979044597,70.0625996907552,70.125133005778,64.31776650746663,64.28379987080892,64.23583323160807,64.12486654917399,63.99843324025472,40136900.0,38457700.0,36751700.0,33504500.0,32713300.0,35894850.0,37642050.0,37027350.0,37121200.0,37724450.0,34825550.0,33993050.0,33726250.0,34084925.0,34111475.0,33859066.666666664,33752016.666666664,33367183.33333333,33293316.66666667,33411316.66666667,47454200.0,47439733.33333334,47057216.66666666,46771283.33333334,46600491.66666666,1
2018-12-26,60.0,65.39399719238281,58.81800079345703,65.21800231933594,40815500,0,63.584000396728506,67.68299980163575,69.38719959259033,69.10973320007324,64.48173319498697,39085900.0,36295200.0,35207625.0,34114650.0,45084550.0,59.07799911499024,63.95399856567383,63.07600021362305,66.59400177001953,67.40599822998047,64.02159957885742,66.14279937744139,67.98039932250977,70.43679962158203,71.78199920654295,68.49639930725098,69.89159927368163,70.6555995941162,71.60919952392578,72.14379959106445,69.58629932403565,69.89069938659668,70.07489948272705,70.39599952697753,70.60099945068359,69.27253303527831,69.64593302408854,69.8351998647054,70.00639979044597,70.0625996907552,64.27733313242594,64.31776650746663,64.28379987080892,64.23583323160807,64.12486654917399,38022800.0,40136900.0,38457700.0,36751700.0,33504500.0,35368050.0,35894850.0,37642050.0,37027350.0,37121200.0,35164875.0,34825550.0,33993050.0,33726250.0,34084925.0,33603933.333333336,33859066.666666664,33752016.666666664,33367183.33333333,33293316.66666667,47208433.33333334,47454200.0,47439733.33333334,47057216.66666666,46771283.33333334,1
2018-12-27,63.96799850463867,64.43399810791016,60.29999923706055,63.22600173950195,42875500,1,62.910400390625,66.67360000610351,69.10929985046387,69.00873336791992,64.49983323415121,39386800.0,38069250.0,35761825.0,34386916.666666664,43984341.66666666,65.21800231933594,59.07799911499024,63.95399856567383,63.07600021362305,66.59400177001953,63.584000396728506,64.02159957885742,66.14279937744139,67.98039932250977,70.43679962158203,67.68299980163575,68.49639930725098,69.89159927368163,70.6555995941162,71.60919952392578,69.38719959259033,69.58629932403565,69.89069938659668,70.07489948272705,70.39599952697753,69.10973320007324,69.27253303527831,69.64593302408854,69.8351998647054,70.00639979044597,64.48173319498697,64.27733313242594,64.31776650746663,64.28379987080892,64.23583323160807,39085900.0,38022800.0,40136900.0,38457700.0,36751700.0,36295200.0,35368050.0,35894850.0,37642050.0,37027350.0,35207625.0,35164875.0,34825550.0,33993050.0,33726250.0,34114650.0,33603933.333333336,33859066.666666664,33752016.666666664,33367183.33333333,45084550.0,47208433.33333334,47454200.0,47439733.33333334,47057216.66666666,0
2018-12-28,64.62000274658203,67.24800109863281,63.68199920654297,66.77400207519531,49695000,0,63.65000076293946,65.81520004272461,68.9693000793457,68.97633336385091,64.60933329264323,40253900.0,39355800.0,37214675.0,35135316.666666664,43833966.66666666,63.22600173950195,65.21800231933594,59.07799911499024,63.95399856567383,63.07600021362305,62.910400390625,63.584000396728506,64.02159957885742,66.14279937744139,67.98039932250977,66.67360000610351,67.68299980163575,68.49639930725098,69.89159927368163,70.6555995941162,69.10929985046387,69.38719959259033,69.58629932403565,69.89069938659668,70.07489948272705,69.00873336791992,69.10973320007324,69.27253303527831,69.64593302408854,69.8351998647054,64.49983323415121,64.48173319498697,64.27733313242594,64.31776650746663,64.28379987080892,39386800.0,39085900.0,38022800.0,40136900.0,38457700.0,38069250.0,36295200.0,35368050.0,35894850.0,37642050.0,35761825.0,35207625.0,35164875.0,34825550.0,33993050.0,34386916.666666664,34114650.0,33603933.333333336,33859066.666666664,33752016.666666664,43984341.66666666,45084550.0,47208433.33333334,47454200.0,47439733.33333334,0
2018-12-31,67.55799865722656,67.84200286865234,65.052001953125,66.55999755859375,31511500,0,64.17120056152343,65.15699996948243,68.88559989929199,68.90166651407877,64.73599993387857,38539400.0,39338150.0,38020075.0,35345650.0,43692908.333333336,66.77400207519531,63.22600173950195,65.21800231933594,59.07799911499024,63.95399856567383,63.65000076293946,62.910400390625,63.584000396728506,64.02159957885742,66.14279937744139,65.81520004272461,66.67360000610351,67.68299980163575,68.49639930725098,69.89159927368163,68.9693000793457,69.10929985046387,69.38719959259033,69.58629932403565,69.89069938659668,68.97633336385091,69.00873336791992,69.10973320007324,69.27253303527831,69.64593302408854,64.60933329264323,64.49983323415121,64.48173319498697,64.27733313242594,64.31776650746663,40253900.0,39386800.0,39085900.0,38022800.0,40136900.0,39355800.0,38069250.0,36295200.0,35368050.0,35894850.0,37214675.0,35761825.0,35207625.0,35164875.0,34825550.0,35135316.666666664,34386916.666666664,34114650.0,33603933.333333336,33859066.666666664,43833966.66666666,43984341.66666666,45084550.0,47208433.33333334,47454200.0,0
2019-01-02,61.22000122070313,63.0260009765625,59.7599983215332,62.02399826049805,58293000,0,64.760400390625,64.39099998474121,68.48199977874756,68.6461996714274,64.8302998860677,44638100.0,41330450.0,39527450.0,36517800.0,43846608.333333336,66.55999755859375,66.77400207519531,63.22600173950195,65.21800231933594,59.07799911499024,64.17120056152343,63.65000076293946,62.910400390625,63.584000396728506,64.02159957885742,65.15699996948243,65.81520004272461,66.67360000610351,67.68299980163575,68.49639930725098,68.88559989929199,68.9693000793457,69.10929985046387,69.38719959259033,69.58629932403565,68.90166651407877,68.97633336385091,69.00873336791992,69.10973320007324,69.27253303527831,64.73599993387857,64.60933329264323,64.49983323415121,64.48173319498697,64.27733313242594,38539400.0,40253900.0,39386800.0,39085900.0,38022800.0,39338150.0,39355800.0,38069250.0,36295200.0,35368050.0,38020075.0,37214675.0,35761825.0,35207625.0,35164875.0,35345650.0,35135316.666666664,34386916.666666664,34114650.0,33603933.333333336,43692908.333333336,43833966.66666666,43984341.66666666,45084550.0,47208433.33333334,0
2019-01-03,61.4000015258789,61.88000106811523,59.47600173950195,60.071998596191406,34826000,1,63.73119964599609,63.65760002136231,67.90069980621338,68.28653297424316,64.95833320617676,43440200.0,41263050.0,39192125.0,36477633.333333336,42931666.66666666,62.02399826049805,66.55999755859375,66.77400207519531,63.22600173950195,65.21800231933594,64.760400390625,64.17120056152343,63.65000076293946,62.910400390625,63.584000396728506,64.39099998474121,65.15699996948243,65.81520004272461,66.67360000610351,67.68299980163575,68.48199977874756,68.88559989929199,68.9693000793457,69.10929985046387,69.38719959259033,68.6461996714274,68.90166651407877,68.97633336385091,69.00873336791992,69.10973320007324,64.8302998860677,64.73599993387857,64.60933329264323,64.49983323415121,64.48173319498697,44638100.0,38539400.0,40253900.0,39386800.0,39085900.0,41330450.0,39338150.0,39355800.0,38069250.0,36295200.0,39527450.0,38020075.0,37214675.0,35761825.0,35207625.0,36517800.0,35345650.0,35135316.666666664,34386916.666666664,34114650.0,43846608.333333336,43692908.333333336,43833966.66666666,43984341.66666666,45084550.0,0
2019-01-04,61.20000076293945,63.599998474121094,60.54600143432617,63.53799819946289,36970500,1,63.79359893798828,63.35199966430664,67.48059959411621,68.04799957275391,65.18209985097249,42259200.0,40823000.0,38925175.0,36091833.333333336,42425116.66666666,60.071998596191406,62.02399826049805,66.55999755859375,66.77400207519531,63.22600173950195,63.73119964599609,64.760400390625,64.17120056152343,63.65000076293946,62.910400390625,63.65760002136231,64.39099998474121,65.15699996948243,65.81520004272461,66.67360000610351,67.90069980621338,68.48199977874756,68.88559989929199,68.9693000793457,69.10929985046387,68.28653297424316,68.6461996714274,68.90166651407877,68.97633336385091,69.00873336791992,64.95833320617676,64.8302998860677,64.73599993387857,64.60933329264323,64.49983323415121,43440200.0,44638100.0,38539400.0,40253900.0,39386800.0,41263050.0,41330450.0,39338150.0,39355800.0,38069250.0,39192125.0,39527450.0,38020075.0,37214675.0,35761825.0,36477633.333333336,36517800.0,35345650.0,35135316.666666664,34386916.666666664,42931666.66666666,43846608.333333336,43692908.333333336,43833966.66666666,43984341.66666666,0
2019-01-07,64.34400177001953,67.34799957275389,63.54999923706055,66.99199676513672,37756000,1,63.837197875976564,63.743599319458006,67.19959945678711,67.9644660949707,65.42263310750326,39871400.0,40062650.0,38852350.0,36016250.0,42049333.333333336,63.53799819946289,60.071998596191406,62.02399826049805,66.55999755859375,66.77400207519531,63.79359893798828,63.73119964599609,64.760400390625,64.17120056152343,63.65000076293946,63.35199966430664,63.65760002136231,64.39099998474121,65.15699996948243,65.81520004272461,67.48059959411621,67.90069980621338,68.48199977874756,68.88559989929199,68.9693000793457,68.04799957275391,68.28653297424316,68.6461996714274,68.90166651407877,68.97633336385091,65.18209985097249,64.95833320617676,64.8302998860677,64.73599993387857,64.60933329264323,42259200.0,43440200.0,44638100.0,38539400.0,40253900.0,40823000.0,41263050.0,41330450.0,39338150.0,39355800.0,38925175.0,39192125.0,39527450.0,38020075.0,37214675.0,36091833.333333336,36477633.333333336,36517800.0,35345650.0,35135316.666666664,42425116.66666666,42931666.66666666,43846608.333333336,43692908.333333336,43833966.66666666,0
2019-01-08,68.39199829101561,68.802001953125,65.40399932861328,67.06999969482422,35042500,1,63.939198303222646,64.05519943237304,66.97339935302735,67.9455327351888,65.68419977823892,40577600.0,39558500.0,37726675.0,36403200.0,41565433.333333336,66.99199676513672,63.53799819946289,60.071998596191406,62.02399826049805,66.55999755859375,63.837197875976564,63.79359893798828,63.73119964599609,64.760400390625,64.17120056152343,63.743599319458006,63.35199966430664,63.65760002136231,64.39099998474121,65.15699996948243,67.19959945678711,67.48059959411621,67.90069980621338,68.48199977874756,68.88559989929199,67.9644660949707,68.04799957275391,68.28653297424316,68.6461996714274,68.90166651407877,65.42263310750326,65.18209985097249,64.95833320617676,64.8302998860677,64.73599993387857,39871400.0,42259200.0,43440200.0,44638100.0,38539400.0,40062650.0,40823000.0,41263050.0,41330450.0,39338150.0,38852350.0,38925175.0,39192125.0,39527450.0,38020075.0,36016250.0,36091833.333333336,36477633.333333336,36517800.0,35345650.0,42049333.333333336,42425116.66666666,42931666.66666666,43846608.333333336,43692908.333333336,0
2019-01-09,67.09999847412111,68.69999694824219,66.29399871826172,67.70600128173828,27164500,1,65.0755989074707,64.91799964904786,66.70719947814942,68.03019943237305,65.97186648050943,34351900.0,39495000.0,37431525.0,36608250.0,41337533.333333336,67.06999969482422,66.99199676513672,63.53799819946289,60.071998596191406,62.02399826049805,63.939198303222646,63.837197875976564,63.79359893798828,63.73119964599609,64.760400390625,64.05519943237304,63.743599319458006,63.35199966430664,63.65760002136231,64.39099998474121,66.97339935302735,67.19959945678711,67.48059959411621,67.90069980621338,68.48199977874756,67.9455327351888,67.9644660949707,68.04799957275391,68.28653297424316,68.6461996714274,65.68419977823892,65.42263310750326,65.18209985097249,64.95833320617676,64.8302998860677,40577600.0,39871400.0,42259200.0,43440200.0,44638100.0,39558500.0,40062650.0,40823000.0,41263050.0,41330450.0,37726675.0,38852350.0,38925175.0,39192125.0,39527450.0,36403200.0,36016250.0,36091833.333333336,36477633.333333336,36517800.0,41565433.333333336,42049333.333333336,42425116.66666666,42931666.66666666,43846608.333333336,0
2019-01-10,66.87999725341797,69.0780029296875,66.35800170898439,68.99400329589844,30282000,1,66.85999984741211,65.2955997467041,66.48929977416992,68.02333297729493,66.25916652679443,33443100.0,38441650.0,37368425.0,36285633.333333336,41242116.66666666,67.70600128173828,67.06999969482422,66.99199676513672,63.53799819946289,60.071998596191406,65.0755989074707,63.939198303222646,63.837197875976564,63.79359893798828,63.73119964599609,64.91799964904786,64.05519943237304,63.743599319458006,63.35199966430664,63.65760002136231,66.70719947814942,66.97339935302735,67.19959945678711,67.48059959411621,67.90069980621338,68.03019943237305,67.9455327351888,67.9644660949707,68.04799957275391,68.28653297424316,65.97186648050943,65.68419977823892,65.42263310750326,65.18209985097249,64.95833320617676,34351900.0,40577600.0,39871400.0,42259200.0,43440200.0,39495000.0,39558500.0,40062650.0,40823000.0,41263050.0,37431525.0,37726675.0,38852350.0,38925175.0,39192125.0,36608250.0,36403200.0,36016250.0,36091833.333333336,36477633.333333336,41337533.333333336,41565433.333333336,42049333.333333336,42425116.66666666,42931666.66666666,1
2019-01-11,68.41799926757811,69.68199920654297,67.75399780273439,69.45200347900389,25195500,0,68.04280090332031,65.9181999206543,66.2958999633789,68.04559987386068,66.5513999303182,31088100.0,36673650.0,37371450.0,36065766.66666666,41145375.0,68.99400329589844,67.70600128173828,67.06999969482422,66.99199676513672,63.53799819946289,66.85999984741211,65.0755989074707,63.939198303222646,63.837197875976564,63.79359893798828,65.2955997467041,64.91799964904786,64.05519943237304,63.743599319458006,63.35199966430664,66.48929977416992,66.70719947814942,66.97339935302735,67.19959945678711,67.48059959411621,68.02333297729493,68.03019943237305,67.9455327351888,67.9644660949707,68.04799957275391,66.25916652679443,65.97186648050943,65.68419977823892,65.42263310750326,65.18209985097249,33443100.0,34351900.0,40577600.0,39871400.0,42259200.0,38441650.0,39495000.0,39558500.0,40062650.0,40823000.0,37368425.0,37431525.0,37726675.0,38852350.0,38925175.0,36285633.333333336,36608250.0,36403200.0,36016250.0,36091833.333333336,41242116.66666666,41337533.333333336,41565433.333333336,42049333.333333336,42425116.66666666,0
2019-01-14,68.47599792480469,68.5,66.80000305175781,66.87999725341797,26236500,1,68.02040100097656,65.92879943847656,65.8719997406006,67.95579986572265,66.74409987131754,28784200.0,34327800.0,36841800.0,36252383.333333336,40788783.333333336,69.45200347900389,68.99400329589844,67.70600128173828,67.06999969482422,66.99199676513672,68.04280090332031,66.85999984741211,65.0755989074707,63.939198303222646,63.837197875976564,65.9181999206543,65.2955997467041,64.91799964904786,64.05519943237304,63.743599319458006,66.2958999633789,66.48929977416992,66.70719947814942,66.97339935302735,67.19959945678711,68.04559987386068,68.02333297729493,68.03019943237305,67.9455327351888,67.9644660949707,66.5513999303182,66.25916652679443,65.97186648050943,65.68419977823892,65.42263310750326,31088100.0,33443100.0,34351900.0,40577600.0,39871400.0,36673650.0,38441650.0,39495000.0,39558500.0,40062650.0,37371450.0,37368425.0,37431525.0,37726675.0,38852350.0,36065766.66666666,36285633.333333336,36608250.0,36403200.0,36016250.0,41145375.0,41242116.66666666,41337533.333333336,41565433.333333336,42049333.333333336,1
2019-01-15,67.0,69.76000213623047,66.90000152587889,68.88600158691406,30283000,1,68.38360137939453,66.16139984130861,65.65919990539551,67.97753321329752,66.98626658121745,27832300.0,34204950.0,36771550.0,36748366.66666666,40572208.333333336,66.87999725341797,69.45200347900389,68.99400329589844,67.70600128173828,67.06999969482422,68.02040100097656,68.04280090332031,66.85999984741211,65.0755989074707,63.939198303222646,65.92879943847656,65.9181999206543,65.2955997467041,64.91799964904786,64.05519943237304,65.8719997406006,66.2958999633789,66.48929977416992,66.70719947814942,66.97339935302735,67.95579986572265,68.04559987386068,68.02333297729493,68.03019943237305,67.9455327351888,66.74409987131754,66.5513999303182,66.25916652679443,65.97186648050943,65.68419977823892,28784200.0,31088100.0,33443100.0,34351900.0,40577600.0,34327800.0,36673650.0,38441650.0,39495000.0,39558500.0,36841800.0,37371450.0,37368425.0,37431525.0,37726675.0,36252383.333333336,36065766.66666666,36285633.333333336,36608250.0,36403200.0,40788783.333333336,41145375.0,41242116.66666666,41337533.333333336,41565433.333333336,1
2019-01-16,68.95600128173828,70.4000015258789,68.69999694824219,69.20999908447266,23458500,1,68.68440093994141,66.87999992370605,65.63549995422363,67.94799982706705,67.26006654103597,27091100.0,30721500.0,36025975.0,36592133.333333336,40511416.66666666,68.88600158691406,66.87999725341797,69.45200347900389,68.99400329589844,67.70600128173828,68.38360137939453,68.02040100097656,68.04280090332031,66.85999984741211,65.0755989074707,66.16139984130861,65.92879943847656,65.9181999206543,65.2955997467041,64.91799964904786,65.65919990539551,65.8719997406006,66.2958999633789,66.48929977416992,66.70719947814942,67.97753321329752,67.95579986572265,68.04559987386068,68.02333297729493,68.03019943237305,66.98626658121745,66.74409987131754,66.5513999303182,66.25916652679443,65.97186648050943,27832300.0,28784200.0,31088100.0,33443100.0,34351900.0,34204950.0,34327800.0,36673650.0,38441650.0,39495000.0,36771550.0,36841800.0,37371450.0,37368425.0,37431525.0,36748366.66666666,36252383.333333336,36065766.66666666,36285633.333333336,36608250.0,40572208.333333336,40788783.333333336,41145375.0,41242116.66666666,41337533.333333336,1
2019-01-17,69.24199676513672,70.30000305175781,68.83000183105469,69.46199798583984,18383500,0,68.77799987792969,67.81899986267089,65.7382999420166,67.87346649169922,67.55109984079996,24711400.0,29077250.0,35170150.0,35820500.0,40036516.66666666,69.20999908447266,68.88600158691406,66.87999725341797,69.45200347900389,68.99400329589844,68.68440093994141,68.38360137939453,68.02040100097656,68.04280090332031,66.85999984741211,66.87999992370605,66.16139984130861,65.92879943847656,65.9181999206543,65.2955997467041,65.63549995422363,65.65919990539551,65.8719997406006,66.2958999633789,66.48929977416992,67.94799982706705,67.97753321329752,67.95579986572265,68.04559987386068,68.02333297729493,67.26006654103597,66.98626658121745,66.74409987131754,66.5513999303182,66.25916652679443,27091100.0,27832300.0,28784200.0,31088100.0,33443100.0,30721500.0,34204950.0,34327800.0,36673650.0,38441650.0,36025975.0,36771550.0,36841800.0,37371450.0,37368425.0,36592133.333333336,36748366.66666666,36252383.333333336,36065766.66666666,36285633.333333336,40511416.66666666,40572208.333333336,40788783.333333336,41145375.0,41242116.66666666,0
2019-01-18,64.59999847412111,65.42600250244139,59.94599914550781,60.45199966430664,120754000,0,66.97799911499024,67.51040000915528,65.43119983673095,67.4905330657959,67.68879985809326,43823100.0,37455600.0,39139300.0,38435316.66666666,41582391.66666666,69.46199798583984,69.20999908447266,68.88600158691406,66.87999725341797,69.45200347900389,68.77799987792969,68.68440093994141,68.38360137939453,68.02040100097656,68.04280090332031,67.81899986267089,66.87999992370605,66.16139984130861,65.92879943847656,65.9181999206543,65.7382999420166,65.63549995422363,65.65919990539551,65.8719997406006,66.2958999633789,67.87346649169922,67.94799982706705,67.97753321329752,67.95579986572265,68.04559987386068,67.55109984079996,67.26006654103597,66.98626658121745,66.74409987131754,66.5513999303182,24711400.0,27091100.0,27832300.0,28784200.0,31088100.0,29077250.0,30721500.0,34204950.0,34327800.0,36673650.0,35170150.0,36025975.0,36771550.0,36841800.0,37371450.0,35820500.0,36592133.333333336,36748366.66666666,36252383.333333336,36065766.66666666,40036516.66666666,40511416.66666666,40572208.333333336,40788783.333333336,41145375.0,1
2019-01-22,60.9640007019043,61.599998474121094,59.099998474121094,59.78400039672852,60333500,0,65.55879974365234,66.78960037231445,65.26659984588623,67.06293309529623,67.7047332127889,50642500.0,39713350.0,39888000.0,39139350.0,41002300.0,60.45199966430664,69.46199798583984,69.20999908447266,68.88600158691406,66.87999725341797,66.97799911499024,68.77799987792969,68.68440093994141,68.38360137939453,68.02040100097656,67.51040000915528,67.81899986267089,66.87999992370605,66.16139984130861,65.92879943847656,65.43119983673095,65.7382999420166,65.63549995422363,65.65919990539551,65.8719997406006,67.4905330657959,67.87346649169922,67.94799982706705,67.97753321329752,67.95579986572265,67.68879985809326,67.55109984079996,67.26006654103597,66.98626658121745,66.74409987131754,43823100.0,24711400.0,27091100.0,27832300.0,28784200.0,37455600.0,29077250.0,30721500.0,34204950.0,34327800.0,39139300.0,35170150.0,36025975.0,36771550.0,36841800.0,38435316.66666666,35820500.0,36592133.333333336,36748366.66666666,36252383.333333336,41582391.66666666,40036516.66666666,40511416.66666666,40572208.333333336,40788783.333333336,0
2019-01-23,58.5,58.9000015258789,56.3380012512207,57.51800155639648,62650000,1,63.28519973754883,65.83440055847169,64.94479999542236,66.59373308817545,67.70169989267985,57115900.0,42474100.0,41016300.0,39309150.0,40374941.66666666,59.78400039672852,60.45199966430664,69.46199798583984,69.20999908447266,68.88600158691406,65.55879974365234,66.97799911499024,68.77799987792969,68.68440093994141,68.38360137939453,66.78960037231445,67.51040000915528,67.81899986267089,66.87999992370605,66.16139984130861,65.26659984588623,65.43119983673095,65.7382999420166,65.63549995422363,65.65919990539551,67.06293309529623,67.4905330657959,67.87346649169922,67.94799982706705,67.97753321329752,67.7047332127889,67.68879985809326,67.55109984079996,67.26006654103597,66.98626658121745,50642500.0,43823100.0,24711400.0,27091100.0,27832300.0,39713350.0,37455600.0,29077250.0,30721500.0,34204950.0,39888000.0,39139300.0,35170150.0,36025975.0,36771550.0,39139350.0,38435316.66666666,35820500.0,36592133.333333336,36748366.66666666,41002300.0,41582391.66666666,40036516.66666666,40511416.66666666,40572208.333333336,0
2019-01-24,56.60599899291992,58.736000061035156,55.85599899291992,58.30199813842773,40061000,1,61.103599548339844,64.89400024414063,64.90599994659424,66.10279973347981,67.62386652628581,60436400.0,43763750.0,41629375.0,39542266.66666666,39305900.0,57.51800155639648,59.78400039672852,60.45199966430664,69.46199798583984,69.20999908447266,63.28519973754883,65.55879974365234,66.97799911499024,68.77799987792969,68.68440093994141,65.83440055847169,66.78960037231445,67.51040000915528,67.81899986267089,66.87999992370605,64.94479999542236,65.26659984588623,65.43119983673095,65.7382999420166,65.63549995422363,66.59373308817545,67.06293309529623,67.4905330657959,67.87346649169922,67.94799982706705,67.70169989267985,67.7047332127889,67.68879985809326,67.55109984079996,67.26006654103597,57115900.0,50642500.0,43823100.0,24711400.0,27091100.0,42474100.0,39713350.0,37455600.0,29077250.0,30721500.0,41016300.0,39888000.0,39139300.0,35170150.0,36025975.0,39309150.0,39139350.0,38435316.66666666,35820500.0,36592133.333333336,40374941.66666666,41002300.0,41582391.66666666,40036516.66666666,40511416.66666666,1
2019-01-25,58.87799835205078,59.70399856567383,57.90999984741211,59.40800094604492,36248000,0,59.09280014038086,63.93540000915527,64.61549987792971,65.63799985249837,67.5109998703003,64009300.0,44360350.0,41401000.0,39699066.66666666,37624575.0,58.30199813842773,57.51800155639648,59.78400039672852,60.45199966430664,69.46199798583984,61.103599548339844,63.28519973754883,65.55879974365234,66.97799911499024,68.77799987792969,64.89400024414063,65.83440055847169,66.78960037231445,67.51040000915528,67.81899986267089,64.90599994659424,64.94479999542236,65.26659984588623,65.43119983673095,65.7382999420166,66.10279973347981,66.59373308817545,67.06293309529623,67.4905330657959,67.87346649169922,67.62386652628581,67.70169989267985,67.7047332127889,67.68879985809326,67.55109984079996,60436400.0,57115900.0,50642500.0,43823100.0,24711400.0,43763750.0,42474100.0,39713350.0,37455600.0,29077250.0,41629375.0,41016300.0,39888000.0,39139300.0,35170150.0,39542266.66666666,39309150.0,39139350.0,38435316.66666666,35820500.0,39305900.0,40374941.66666666,41002300.0,41582391.66666666,40036516.66666666,0
2019-01-28,58.58200073242188,59.49200057983398,57.54999923706055,59.2760009765625,32116500,1,58.857600402832034,62.91779975891113,64.41799983978271,65.16986656188965,67.38276653289795,46281800.0,45052450.0,40863050.0,39931783.333333336,36952683.333333336,59.40800094604492,58.30199813842773,57.51800155639648,59.78400039672852,60.45199966430664,59.09280014038086,61.103599548339844,63.28519973754883,65.55879974365234,66.97799911499024,63.93540000915527,64.89400024414063,65.83440055847169,66.78960037231445,67.51040000915528,64.61549987792971,64.90599994659424,64.94479999542236,65.26659984588623,65.43119983673095,65.63799985249837,66.10279973347981,66.59373308817545,67.06293309529623,67.4905330657959,67.5109998703003,67.62386652628581,67.70169989267985,67.7047332127889,67.68879985809326,64009300.0,60436400.0,57115900.0,50642500.0,43823100.0,44360350.0,43763750.0,42474100.0,39713350.0,37455600.0,41401000.0,41629375.0,41016300.0,39888000.0,39139300.0,39699066.66666666,39542266.66666666,39309150.0,39139350.0,38435316.66666666,37624575.0,39305900.0,40374941.66666666,41002300.0,41582391.66666666,0
2019-01-29,59.05400085449219,59.71200180053711,58.36000061035156,59.49200057983398,23108500,1,58.79920043945312,62.179000091552744,64.05389976501465,64.64099985758463,67.27463315327962,38836800.0,44739650.0,39533725.0,39474416.66666666,36577266.66666666,59.2760009765625,59.40800094604492,58.30199813842773,57.51800155639648,59.78400039672852,58.857600402832034,59.09280014038086,61.103599548339844,63.28519973754883,65.55879974365234,62.91779975891113,63.93540000915527,64.89400024414063,65.83440055847169,66.78960037231445,64.41799983978271,64.61549987792971,64.90599994659424,64.94479999542236,65.26659984588623,65.16986656188965,65.63799985249837,66.10279973347981,66.59373308817545,67.06293309529623,67.38276653289795,67.5109998703003,67.62386652628581,67.70169989267985,67.7047332127889,46281800.0,64009300.0,60436400.0,57115900.0,50642500.0,45052450.0,44360350.0,43763750.0,42474100.0,39713350.0,40863050.0,41401000.0,41629375.0,41016300.0,39888000.0,39931783.333333336,39699066.66666666,39542266.66666666,39309150.0,39139350.0,36952683.333333336,37624575.0,39305900.0,40374941.66666666,41002300.0,1
2019-01-30,60.09000015258789,61.79999923706055,59.69800186157226,61.75400161743164,56251500,0,59.646400451660156,61.46580009460449,63.81359996795654,64.26139996846517,67.17946656545003,37557100.0,47336500.0,40770725.0,40293200.0,36879433.333333336,59.49200057983398,59.2760009765625,59.40800094604492,58.30199813842773,57.51800155639648,58.79920043945312,58.857600402832034,59.09280014038086,61.103599548339844,63.28519973754883,62.179000091552744,62.91779975891113,63.93540000915527,64.89400024414063,65.83440055847169,64.05389976501465,64.41799983978271,64.61549987792971,64.90599994659424,64.94479999542236,64.64099985758463,65.16986656188965,65.63799985249837,66.10279973347981,66.59373308817545,67.27463315327962,67.38276653289795,67.5109998703003,67.62386652628581,67.70169989267985,38836800.0,46281800.0,64009300.0,60436400.0,57115900.0,44739650.0,45052450.0,44360350.0,43763750.0,42474100.0,39533725.0,40863050.0,41401000.0,41629375.0,41016300.0,39474416.66666666,39931783.333333336,39699066.66666666,39542266.66666666,39309150.0,36577266.66666666,36952683.333333336,37624575.0,39305900.0,40374941.66666666,0
2019-01-31,60.20000076293945,62.3120002746582,58.79999923706055,61.40399932861328,62846000,1,60.266800689697256,60.685200119018546,63.78260002136231,63.98540000915527,67.05526650746664,42114100.0,51275250.0,40998375.0,41109066.66666666,37260191.66666666,61.75400161743164,59.49200057983398,59.2760009765625,59.40800094604492,58.30199813842773,59.646400451660156,58.79920043945312,58.857600402832034,59.09280014038086,61.103599548339844,61.46580009460449,62.179000091552744,62.91779975891113,63.93540000915527,64.89400024414063,63.81359996795654,64.05389976501465,64.41799983978271,64.61549987792971,64.90599994659424,64.26139996846517,64.64099985758463,65.16986656188965,65.63799985249837,66.10279973347981,67.17946656545003,67.27463315327962,67.38276653289795,67.5109998703003,67.62386652628581,37557100.0,38836800.0,46281800.0,64009300.0,60436400.0,47336500.0,44739650.0,45052450.0,44360350.0,43763750.0,40770725.0,39533725.0,40863050.0,41401000.0,41629375.0,40293200.0,39474416.66666666,39931783.333333336,39699066.66666666,39542266.66666666,36879433.333333336,36577266.66666666,36952683.333333336,37624575.0,39305900.0,0
2019-02-01,61.08399963378906,63.22000122070313,60.70000076293945,62.44200134277344,36417000,1,60.873600769042966,59.983200454711906,63.901100158691406,63.81993344624837,66.94126656850179,42147900.0,53078600.0,41077925.0,41139633.333333336,37216475.0,61.40399932861328,61.75400161743164,59.49200057983398,59.2760009765625,59.40800094604492,60.266800689697256,59.646400451660156,58.79920043945312,58.857600402832034,59.09280014038086,60.685200119018546,61.46580009460449,62.179000091552744,62.91779975891113,63.93540000915527,63.78260002136231,63.81359996795654,64.05389976501465,64.41799983978271,64.61549987792971,63.98540000915527,64.26139996846517,64.64099985758463,65.16986656188965,65.63799985249837,67.05526650746664,67.17946656545003,67.27463315327962,67.38276653289795,67.5109998703003,42114100.0,37557100.0,38836800.0,46281800.0,64009300.0,51275250.0,47336500.0,44739650.0,45052450.0,44360350.0,40998375.0,40770725.0,39533725.0,40863050.0,41401000.0,41109066.66666666,40293200.0,39474416.66666666,39931783.333333336,39699066.66666666,37260191.66666666,36879433.333333336,36577266.66666666,36952683.333333336,37624575.0,0
2019-02-04,62.59600067138672,63.06000137329102,60.3759994506836,62.57799911499024,36760500,1,61.53400039672852,60.19580039978028,63.85310020446777,63.686066691080725,66.84623324076334,43076700.0,44679250.0,41067425.0,40985950.0,37176566.66666666,62.44200134277344,61.40399932861328,61.75400161743164,59.49200057983398,59.2760009765625,60.873600769042966,60.266800689697256,59.646400451660156,58.79920043945312,58.857600402832034,59.983200454711906,60.685200119018546,61.46580009460449,62.179000091552744,62.91779975891113,63.901100158691406,63.78260002136231,63.81359996795654,64.05389976501465,64.41799983978271,63.81993344624837,63.98540000915527,64.26139996846517,64.64099985758463,65.16986656188965,66.94126656850179,67.05526650746664,67.17946656545003,67.27463315327962,67.38276653289795,42147900.0,42114100.0,37557100.0,38836800.0,46281800.0,53078600.0,51275250.0,47336500.0,44739650.0,45052450.0,41077925.0,40998375.0,40770725.0,39533725.0,40863050.0,41139633.333333336,41109066.66666666,40293200.0,39474416.66666666,39931783.333333336,37216475.0,37260191.66666666,36879433.333333336,36577266.66666666,36952683.333333336,1
2019-02-05,62.49800109863281,64.48799896240234,62.45000076293945,64.26999664306639,33714000,0,62.489599609375,60.64440002441406,63.71700019836426,63.725866572062166,66.7805332183838,45197800.0,42017300.0,40865325.0,40597766.66666666,37174891.66666666,62.57799911499024,62.44200134277344,61.40399932861328,61.75400161743164,59.49200057983398,61.53400039672852,60.873600769042966,60.266800689697256,59.646400451660156,58.79920043945312,60.19580039978028,59.983200454711906,60.685200119018546,61.46580009460449,62.179000091552744,63.85310020446777,63.901100158691406,63.78260002136231,63.81359996795654,64.05389976501465,63.686066691080725,63.81993344624837,63.98540000915527,64.26139996846517,64.64099985758463,66.84623324076334,66.94126656850179,67.05526650746664,67.17946656545003,67.27463315327962,43076700.0,42147900.0,42114100.0,37557100.0,38836800.0,44679250.0,53078600.0,51275250.0,47336500.0,44739650.0,41067425.0,41077925.0,40998375.0,40770725.0,39533725.0,40985950.0,41139633.333333336,41109066.66666666,40293200.0,39474416.66666666,37176566.66666666,37216475.0,37260191.66666666,36879433.333333336,36577266.66666666,1
2019-02-06,63.91799926757813,64.84799957275389,63.124000549316406,63.44400024414063,25192500,0,62.827599334716794,61.236999893188475,63.53570022583008,63.708866628011066,66.67739982604981,38986000.0,38271550.0,40372825.0,40101383.333333336,36980225.0,64.26999664306639,62.57799911499024,62.44200134277344,61.40399932861328,61.75400161743164,62.489599609375,61.53400039672852,60.873600769042966,60.266800689697256,59.646400451660156,60.64440002441406,60.19580039978028,59.983200454711906,60.685200119018546,61.46580009460449,63.71700019836426,63.85310020446777,63.901100158691406,63.78260002136231,63.81359996795654,63.725866572062166,63.686066691080725,63.81993344624837,63.98540000915527,64.26139996846517,66.7805332183838,66.84623324076334,66.94126656850179,67.05526650746664,67.17946656545003,45197800.0,43076700.0,42147900.0,42114100.0,37557100.0,42017300.0,44679250.0,53078600.0,51275250.0,47336500.0,40865325.0,41067425.0,41077925.0,40998375.0,40770725.0,40597766.66666666,40985950.0,41139633.333333336,41109066.66666666,40293200.0,37174891.66666666,37176566.66666666,37216475.0,37260191.66666666,36879433.333333336,1
2019-02-07,62.65999984741211,62.93999862670898,60.599998474121094,61.50199890136719,32603000,0,62.847199249267575,61.55699996948242,63.22550010681152,63.789666620890294,66.53109982808432,32937400.0,37525750.0,40644750.0,40261500.0,36932716.66666666,63.44400024414063,64.26999664306639,62.57799911499024,62.44200134277344,61.40399932861328,62.827599334716794,62.489599609375,61.53400039672852,60.873600769042966,60.266800689697256,61.236999893188475,60.64440002441406,60.19580039978028,59.983200454711906,60.685200119018546,63.53570022583008,63.71700019836426,63.85310020446777,63.901100158691406,63.78260002136231,63.708866628011066,63.725866572062166,63.686066691080725,63.81993344624837,63.98540000915527,66.67739982604981,66.7805332183838,66.84623324076334,66.94126656850179,67.05526650746664,38986000.0,45197800.0,43076700.0,42147900.0,42114100.0,38271550.0,42017300.0,44679250.0,53078600.0,51275250.0,40372825.0,40865325.0,41067425.0,41077925.0,40998375.0,40101383.333333336,40597766.66666666,40985950.0,41139633.333333336,41109066.66666666,36980225.0,37174891.66666666,37176566.66666666,37216475.0,37260191.66666666,1
2019-02-08,61.36600112915039,61.4900016784668,59.70000076293945,61.15999984741211,29221000,1,62.590798950195314,61.73219985961914,62.83379993438721,63.65439987182617,66.3820665359497,31498200.0,36823050.0,40591700.0,39875016.66666666,36994833.333333336,61.50199890136719,63.44400024414063,64.26999664306639,62.57799911499024,62.44200134277344,62.847199249267575,62.827599334716794,62.489599609375,61.53400039672852,60.873600769042966,61.55699996948242,61.236999893188475,60.64440002441406,60.19580039978028,59.983200454711906,63.22550010681152,63.53570022583008,63.71700019836426,63.85310020446777,63.901100158691406,63.789666620890294,63.708866628011066,63.725866572062166,63.686066691080725,63.81993344624837,66.53109982808432,66.67739982604981,66.7805332183838,66.84623324076334,66.94126656850179,32937400.0,38986000.0,45197800.0,43076700.0,42147900.0,37525750.0,38271550.0,42017300.0,44679250.0,53078600.0,40644750.0,40372825.0,40865325.0,41067425.0,41077925.0,40261500.0,40101383.333333336,40597766.66666666,40985950.0,41139633.333333336,36932716.66666666,36980225.0,37174891.66666666,37176566.66666666,37216475.0,0
2019-02-11,62.31999969482422,63.72000122070313,62.099998474121094,62.56800079345703,35648500,0,62.58879928588867,62.06139984130859,62.489599800109865,63.63246650695801,66.32059993743897,31275800.0,37176250.0,41114350.0,39634116.66666666,37010516.66666666,61.15999984741211,61.50199890136719,63.44400024414063,64.26999664306639,62.57799911499024,62.590798950195314,62.847199249267575,62.827599334716794,62.489599609375,61.53400039672852,61.73219985961914,61.55699996948242,61.236999893188475,60.64440002441406,60.19580039978028,62.83379993438721,63.22550010681152,63.53570022583008,63.71700019836426,63.85310020446777,63.65439987182617,63.789666620890294,63.708866628011066,63.725866572062166,63.686066691080725,66.3820665359497,66.53109982808432,66.67739982604981,66.7805332183838,66.84623324076334,31498200.0,32937400.0,38986000.0,45197800.0,43076700.0,36823050.0,37525750.0,38271550.0,42017300.0,44679250.0,40591700.0,40644750.0,40372825.0,40865325.0,41067425.0,39875016.66666666,40261500.0,40101383.333333336,40597766.66666666,40985950.0,36994833.333333336,36932716.66666666,36980225.0,37174891.66666666,37176566.66666666,0
2019-02-12,63.2400016784668,63.63800048828125,61.92399978637695,62.36199951171875,27588000,0,62.20719985961914,62.34839973449707,62.2636999130249,63.48539975484212,66.23086655934652,30050600.0,37624200.0,41181925.0,38897216.66666666,37016266.66666666,62.56800079345703,61.15999984741211,61.50199890136719,63.44400024414063,64.26999664306639,62.58879928588867,62.590798950195314,62.847199249267575,62.827599334716794,62.489599609375,62.06139984130859,61.73219985961914,61.55699996948242,61.236999893188475,60.64440002441406,62.489599800109865,62.83379993438721,63.22550010681152,63.53570022583008,63.71700019836426,63.63246650695801,63.65439987182617,63.789666620890294,63.708866628011066,63.725866572062166,66.32059993743897,66.3820665359497,66.53109982808432,66.67739982604981,66.7805332183838,31275800.0,31498200.0,32937400.0,38986000.0,45197800.0,37176250.0,36823050.0,37525750.0,38271550.0,42017300.0,41114350.0,40591700.0,40644750.0,40372825.0,40865325.0,39634116.66666666,39875016.66666666,40261500.0,40101383.333333336,40597766.66666666,37010516.66666666,36994833.333333336,36932716.66666666,36980225.0,37174891.66666666,0
2019-02-13,62.47000122070313,62.54999923706055,61.11399841308594,61.63399887084961,25708000,0,61.84519958496094,62.336399459838866,61.90109977722168,63.321199798583976,66.11143315633139,30153700.0,34569850.0,40953175.0,38703766.66666666,37024708.333333336,62.36199951171875,62.56800079345703,61.15999984741211,61.50199890136719,63.44400024414063,62.20719985961914,62.58879928588867,62.590798950195314,62.847199249267575,62.827599334716794,62.34839973449707,62.06139984130859,61.73219985961914,61.55699996948242,61.236999893188475,62.2636999130249,62.489599800109865,62.83379993438721,63.22550010681152,63.53570022583008,63.48539975484212,63.63246650695801,63.65439987182617,63.789666620890294,63.708866628011066,66.23086655934652,66.32059993743897,66.3820665359497,66.53109982808432,66.67739982604981,30050600.0,31275800.0,31498200.0,32937400.0,38986000.0,37624200.0,37176250.0,36823050.0,37525750.0,38271550.0,41181925.0,41114350.0,40591700.0,40644750.0,40372825.0,38897216.66666666,39634116.66666666,39875016.66666666,40261500.0,40101383.333333336,37016266.66666666,37010516.66666666,36994833.333333336,36932716.66666666,36980225.0,1
2019-02-14,60.67599868774414,61.35400009155274,60.20000076293945,60.75400161743164,26004000,1,61.69560012817383,62.27139968872071,61.47829990386962,63.278866577148435,65.96253312428793,28833900.0,30885650.0,41080450.0,37627466.66666666,37072633.333333336,61.63399887084961,62.36199951171875,62.56800079345703,61.15999984741211,61.50199890136719,61.84519958496094,62.20719985961914,62.58879928588867,62.590798950195314,62.847199249267575,62.336399459838866,62.34839973449707,62.06139984130859,61.73219985961914,61.55699996948242,61.90109977722168,62.2636999130249,62.489599800109865,62.83379993438721,63.22550010681152,63.321199798583976,63.48539975484212,63.63246650695801,63.65439987182617,63.789666620890294,66.11143315633139,66.23086655934652,66.32059993743897,66.3820665359497,66.53109982808432,30153700.0,30050600.0,31275800.0,31498200.0,32937400.0,34569850.0,37624200.0,37176250.0,36823050.0,37525750.0,40953175.0,41181925.0,41114350.0,40591700.0,40644750.0,38703766.66666666,38897216.66666666,39634116.66666666,39875016.66666666,40261500.0,37024708.333333336,37016266.66666666,37010516.66666666,36994833.333333336,36932716.66666666,1
2019-02-15,60.9000015258789,61.599998474121094,60.77999877929688,61.57600021362305,19524500,0,61.778800201416026,62.184799575805656,61.08400001525879,63.328999964396154,65.80776646931966,26894600.0,29196400.0,41137500.0,37117416.66666666,36797525.0,60.75400161743164,61.63399887084961,62.36199951171875,62.56800079345703,61.15999984741211,61.69560012817383,61.84519958496094,62.20719985961914,62.58879928588867,62.590798950195314,62.27139968872071,62.336399459838866,62.34839973449707,62.06139984130859,61.73219985961914,61.47829990386962,61.90109977722168,62.2636999130249,62.489599800109865,62.83379993438721,63.278866577148435,63.321199798583976,63.48539975484212,63.63246650695801,63.65439987182617,65.96253312428793,66.11143315633139,66.23086655934652,66.32059993743897,66.3820665359497,28833900.0,30153700.0,30050600.0,31275800.0,31498200.0,30885650.0,34569850.0,37624200.0,37176250.0,36823050.0,41080450.0,40953175.0,41181925.0,41114350.0,40591700.0,37627466.66666666,38703766.66666666,38897216.66666666,39634116.66666666,39875016.66666666,37072633.333333336,37024708.333333336,37016266.66666666,37010516.66666666,36994833.333333336,1
2019-02-19,61.3120002746582,62.30799865722656,61.09400177001953,61.12799835205078,20842000,0,61.490799713134756,62.039799499511716,61.117799949646,63.24866663614909,65.64833310445151,23933300.0,27604550.0,36141900.0,36579800.0,36335816.66666666,61.57600021362305,60.75400161743164,61.63399887084961,62.36199951171875,62.56800079345703,61.778800201416026,61.69560012817383,61.84519958496094,62.20719985961914,62.58879928588867,62.184799575805656,62.27139968872071,62.336399459838866,62.34839973449707,62.06139984130859,61.08400001525879,61.47829990386962,61.90109977722168,62.2636999130249,62.489599800109865,63.328999964396154,63.278866577148435,63.321199798583976,63.48539975484212,63.63246650695801,65.80776646931966,65.96253312428793,66.11143315633139,66.23086655934652,66.32059993743897,26894600.0,28833900.0,30153700.0,30050600.0,31275800.0,29196400.0,30885650.0,34569850.0,37624200.0,37176250.0,41137500.0,41080450.0,40953175.0,41181925.0,41114350.0,37117416.66666666,37627466.66666666,38703766.66666666,38897216.66666666,39634116.66666666,36797525.0,37072633.333333336,37024708.333333336,37016266.66666666,37010516.66666666,1
2019-02-20,60.88199996948242,61.2599983215332,59.79999923706055,60.512001037597656,35710500,0,61.12080001831055,61.66399993896484,61.15419998168945,63.03266677856446,65.49856643676758,25557800.0,27804200.0,34910750.0,36511616.66666666,36263933.333333336,61.12799835205078,61.57600021362305,60.75400161743164,61.63399887084961,62.36199951171875,61.490799713134756,61.778800201416026,61.69560012817383,61.84519958496094,62.20719985961914,62.039799499511716,62.184799575805656,62.27139968872071,62.336399459838866,62.34839973449707,61.117799949646,61.08400001525879,61.47829990386962,61.90109977722168,62.2636999130249,63.24866663614909,63.328999964396154,63.278866577148435,63.321199798583976,63.48539975484212,65.64833310445151,65.80776646931966,65.96253312428793,66.11143315633139,66.23086655934652,23933300.0,26894600.0,28833900.0,30153700.0,30050600.0,27604550.0,29196400.0,30885650.0,34569850.0,37624200.0,36141900.0,41137500.0,41080450.0,40953175.0,41181925.0,36579800.0,37117416.66666666,37627466.66666666,38703766.66666666,38897216.66666666,36335816.66666666,36797525.0,37072633.333333336,37024708.333333336,37016266.66666666,0
2019-02-21,60.36199951171875,60.64799880981445,58.099998474121094,58.24599838256836,44546000,1,60.44319992065429,61.144199752807616,61.190599822998045,62.738533401489256,65.34203306833903,29325400.0,29739550.0,34005550.0,36828400.0,36615800.0,60.512001037597656,61.12799835205078,61.57600021362305,60.75400161743164,61.63399887084961,61.12080001831055,61.490799713134756,61.778800201416026,61.69560012817383,61.84519958496094,61.66399993896484,62.039799499511716,62.184799575805656,62.27139968872071,62.336399459838866,61.15419998168945,61.117799949646,61.08400001525879,61.47829990386962,61.90109977722168,63.03266677856446,63.24866663614909,63.328999964396154,63.278866577148435,63.321199798583976,65.49856643676758,65.64833310445151,65.80776646931966,65.96253312428793,66.11143315633139,25557800.0,23933300.0,26894600.0,28833900.0,30153700.0,27804200.0,27604550.0,29196400.0,30885650.0,34569850.0,34910750.0,36141900.0,41137500.0,41080450.0,40953175.0,36511616.66666666,36579800.0,37117416.66666666,37627466.66666666,38703766.66666666,36263933.333333336,36335816.66666666,36797525.0,37072633.333333336,37024708.333333336,0
2019-02-22,58.89799880981445,59.29999923706055,58.41999816894531,58.94200134277344,28703000,1,60.080799865722646,60.88819999694825,61.22259998321533,62.44640007019043,65.23829975128174,29865200.0,29349550.0,33437650.0,36879683.333333336,36743966.66666666,58.24599838256836,60.512001037597656,61.12799835205078,61.57600021362305,60.75400161743164,60.44319992065429,61.12080001831055,61.490799713134756,61.778800201416026,61.69560012817383,61.144199752807616,61.66399993896484,62.039799499511716,62.184799575805656,62.27139968872071,61.190599822998045,61.15419998168945,61.117799949646,61.08400001525879,61.47829990386962,62.738533401489256,63.03266677856446,63.24866663614909,63.328999964396154,63.278866577148435,65.34203306833903,65.49856643676758,65.64833310445151,65.80776646931966,65.96253312428793,29325400.0,25557800.0,23933300.0,26894600.0,28833900.0,29739550.0,27804200.0,27604550.0,29196400.0,30885650.0,34005550.0,34910750.0,36141900.0,41137500.0,41080450.0,36828400.0,36511616.66666666,36579800.0,37117416.66666666,37627466.66666666,36615800.0,36263933.333333336,36335816.66666666,36797525.0,37072633.333333336,0
2019-02-25,59.58200073242188,60.58000183105469,59.4000015258789,59.75400161743164,33132500,0,59.71640014648438,60.747600173950204,61.23990001678467,62.13840001424153,65.08086649576822,32586800.0,29740700.0,33281875.0,36974700.0,36630166.66666666,58.94200134277344,58.24599838256836,60.512001037597656,61.12799835205078,61.57600021362305,60.080799865722646,60.44319992065429,61.12080001831055,61.490799713134756,61.778800201416026,60.88819999694825,61.144199752807616,61.66399993896484,62.039799499511716,62.184799575805656,61.22259998321533,61.190599822998045,61.15419998168945,61.117799949646,61.08400001525879,62.44640007019043,62.738533401489256,63.03266677856446,63.24866663614909,63.328999964396154,65.23829975128174,65.34203306833903,65.49856643676758,65.64833310445151,65.80776646931966,29865200.0,29325400.0,25557800.0,23933300.0,26894600.0,29349550.0,29739550.0,27804200.0,27604550.0,29196400.0,33437650.0,34005550.0,34910750.0,36141900.0,41137500.0,36879683.333333336,36828400.0,36511616.66666666,36579800.0,37117416.66666666,36743966.66666666,36615800.0,36263933.333333336,36335816.66666666,36797525.0,1
2019-02-26,58.44400024414063,60.4020004272461,57.75400161743164,59.571998596191406,42912500,1,59.4052001953125,60.44799995422363,61.254699897766116,61.809066518147795,64.92733319600423,37000900.0,30467100.0,33821675.0,37565266.66666666,36815516.66666666,59.75400161743164,58.94200134277344,58.24599838256836,60.512001037597656,61.12799835205078,59.71640014648438,60.080799865722646,60.44319992065429,61.12080001831055,61.490799713134756,60.747600173950204,60.88819999694825,61.144199752807616,61.66399993896484,62.039799499511716,61.23990001678467,61.22259998321533,61.190599822998045,61.15419998168945,61.117799949646,62.13840001424153,62.44640007019043,62.738533401489256,63.03266677856446,63.24866663614909,65.08086649576822,65.23829975128174,65.34203306833903,65.49856643676758,65.64833310445151,32586800.0,29865200.0,29325400.0,25557800.0,23933300.0,29740700.0,29349550.0,29739550.0,27804200.0,27604550.0,33281875.0,33437650.0,34005550.0,34910750.0,36141900.0,36974700.0,36879683.333333336,36828400.0,36511616.66666666,36579800.0,36630166.66666666,36743966.66666666,36615800.0,36263933.333333336,36335816.66666666,1
2019-02-27,60.35599899291992,63.2599983215332,60.11000061035156,62.94800186157226,55919500,1,59.89240036010742,60.506600189208974,61.42749996185303,61.67800000508626,64.81689993540446,41042700.0,33300250.0,35462225.0,38554700.0,37403541.66666666,59.571998596191406,59.75400161743164,58.94200134277344,58.24599838256836,60.512001037597656,59.4052001953125,59.71640014648438,60.080799865722646,60.44319992065429,61.12080001831055,60.44799995422363,60.747600173950204,60.88819999694825,61.144199752807616,61.66399993896484,61.254699897766116,61.23990001678467,61.22259998321533,61.190599822998045,61.15419998168945,61.809066518147795,62.13840001424153,62.44640007019043,62.738533401489256,63.03266677856446,64.92733319600423,65.08086649576822,65.23829975128174,65.34203306833903,65.49856643676758,37000900.0,32586800.0,29865200.0,29325400.0,25557800.0,30467100.0,29740700.0,29349550.0,29739550.0,27804200.0,33821675.0,33281875.0,33437650.0,34005550.0,34910750.0,37565266.66666666,36974700.0,36879683.333333336,36828400.0,36511616.66666666,36815516.66666666,36630166.66666666,36743966.66666666,36615800.0,36263933.333333336,1
2019-02-28,63.78400039672852,64.0,62.1619987487793,63.97600173950195,52603500,0,61.03840103149414,60.74080047607422,61.53859996795654,61.51433334350586,64.7459332784017,42654200.0,35989800.0,35279825.0,39298716.66666666,38023541.66666666,62.94800186157226,59.571998596191406,59.75400161743164,58.94200134277344,58.24599838256836,59.89240036010742,59.4052001953125,59.71640014648438,60.080799865722646,60.44319992065429,60.506600189208974,60.44799995422363,60.747600173950204,60.88819999694825,61.144199752807616,61.42749996185303,61.254699897766116,61.23990001678467,61.22259998321533,61.190599822998045,61.67800000508626,61.809066518147795,62.13840001424153,62.44640007019043,62.738533401489256,64.81689993540446,64.92733319600423,65.08086649576822,65.23829975128174,65.34203306833903,41042700.0,37000900.0,32586800.0,29865200.0,29325400.0,33300250.0,30467100.0,29740700.0,29349550.0,29739550.0,35462225.0,33821675.0,33281875.0,33437650.0,34005550.0,38554700.0,37565266.66666666,36974700.0,36879683.333333336,36828400.0,37403541.66666666,36815516.66666666,36630166.66666666,36743966.66666666,36615800.0,1
2019-03-01,61.38800048828125,61.42599868774414,58.38000106811523,58.95800018310547,114557000,0,61.04160079956055,60.561200332641604,61.416300010681155,61.17260004679361,64.56029993693033,59825000.0,44845100.0,37865375.0,42335333.333333336,39463733.333333336,63.97600173950195,62.94800186157226,59.571998596191406,59.75400161743164,58.94200134277344,61.03840103149414,59.89240036010742,59.4052001953125,59.71640014648438,60.080799865722646,60.74080047607422,60.506600189208974,60.44799995422363,60.747600173950204,60.88819999694825,61.53859996795654,61.42749996185303,61.254699897766116,61.23990001678467,61.22259998321533,61.51433334350586,61.67800000508626,61.809066518147795,62.13840001424153,62.44640007019043,64.7459332784017,64.81689993540446,64.92733319600423,65.08086649576822,65.23829975128174,42654200.0,41042700.0,37000900.0,32586800.0,29865200.0,35989800.0,33300250.0,30467100.0,29740700.0,29349550.0,35279825.0,35462225.0,33821675.0,33281875.0,33437650.0,39298716.66666666,38554700.0,37565266.66666666,36974700.0,36879683.333333336,38023541.66666666,37403541.66666666,36815516.66666666,36630166.66666666,36743966.66666666,1
2019-03-04,59.624000549316406,59.79999923706055,56.55599975585938,57.071998596191406,85484000,0,60.5052001953125,60.110800170898436,61.14779987335205,60.75960006713867,64.31653327941895,70295300.0,51441050.0,40318725.0,44572016.66666666,40196258.333333336,58.95800018310547,63.97600173950195,62.94800186157226,59.571998596191406,59.75400161743164,61.04160079956055,61.03840103149414,59.89240036010742,59.4052001953125,59.71640014648438,60.561200332641604,60.74080047607422,60.506600189208974,60.44799995422363,60.747600173950204,61.416300010681155,61.53859996795654,61.42749996185303,61.254699897766116,61.23990001678467,61.17260004679361,61.51433334350586,61.67800000508626,61.809066518147795,62.13840001424153,64.56029993693033,64.7459332784017,64.81689993540446,64.92733319600423,65.08086649576822,59825000.0,42654200.0,41042700.0,37000900.0,32586800.0,44845100.0,35989800.0,33300250.0,30467100.0,29740700.0,37865375.0,35279825.0,35462225.0,33821675.0,33281875.0,42335333.333333336,39298716.66666666,38554700.0,37565266.66666666,36974700.0,39463733.333333336,38023541.66666666,37403541.66666666,36815516.66666666,36630166.66666666,1
2019-03-05,56.4000015258789,56.79999923706055,54.02000045776367,55.30799865722656,93823500,0,59.65240020751954,59.528800201416026,60.78429985046387,60.588133366902674,64.03933321634928,80477500.0,58739200.0,43171875.0,43674333.333333336,41054825.0,57.071998596191406,58.95800018310547,63.97600173950195,62.94800186157226,59.571998596191406,60.5052001953125,61.04160079956055,61.03840103149414,59.89240036010742,59.4052001953125,60.110800170898436,60.561200332641604,60.74080047607422,60.506600189208974,60.44799995422363,61.14779987335205,61.416300010681155,61.53859996795654,61.42749996185303,61.254699897766116,60.75960006713867,61.17260004679361,61.51433334350586,61.67800000508626,61.809066518147795,64.31653327941895,64.56029993693033,64.7459332784017,64.81689993540446,64.92733319600423,70295300.0,59825000.0,42654200.0,41042700.0,37000900.0,51441050.0,44845100.0,35989800.0,33300250.0,30467100.0,40318725.0,37865375.0,35279825.0,35462225.0,33821675.0,44572016.66666666,42335333.333333336,39298716.66666666,38554700.0,37565266.66666666,40196258.333333336,39463733.333333336,38023541.66666666,37403541.66666666,36815516.66666666,1
2019-03-06,55.29600143432617,56.30199813842773,54.87799835205078,55.24800109863281,51677500,1,58.11240005493164,59.00240020751953,60.33320007324219,60.43693339029947,63.74993324279785,79629100.0,60335900.0,44070050.0,43385800.0,41262575.0,55.30799865722656,57.071998596191406,58.95800018310547,63.97600173950195,62.94800186157226,59.65240020751954,60.5052001953125,61.04160079956055,61.03840103149414,59.89240036010742,59.528800201416026,60.110800170898436,60.561200332641604,60.74080047607422,60.506600189208974,60.78429985046387,61.14779987335205,61.416300010681155,61.53859996795654,61.42749996185303,60.588133366902674,60.75960006713867,61.17260004679361,61.51433334350586,61.67800000508626,64.03933321634928,64.31653327941895,64.56029993693033,64.7459332784017,64.81689993540446,80477500.0,70295300.0,59825000.0,42654200.0,41042700.0,58739200.0,51441050.0,44845100.0,35989800.0,33300250.0,43171875.0,40318725.0,37865375.0,35279825.0,35462225.0,43674333.333333336,44572016.66666666,42335333.333333336,39298716.66666666,38554700.0,41054825.0,40196258.333333336,39463733.333333336,38023541.66666666,37403541.66666666,1
2019-03-07,55.76800155639648,56.93999862670898,54.849998474121094,55.31800079345703,47212500,1,56.38079986572266,58.7096004486084,59.92690010070801,60.36360003153482,63.478666559855135,78550900.0,60602550.0,45171050.0,42871216.66666666,41090183.333333336,55.24800109863281,55.30799865722656,57.071998596191406,58.95800018310547,63.97600173950195,58.11240005493164,59.65240020751954,60.5052001953125,61.04160079956055,61.03840103149414,59.00240020751953,59.528800201416026,60.110800170898436,60.561200332641604,60.74080047607422,60.33320007324219,60.78429985046387,61.14779987335205,61.416300010681155,61.53859996795654,60.43693339029947,60.588133366902674,60.75960006713867,61.17260004679361,61.51433334350586,63.74993324279785,64.03933321634928,64.31653327941895,64.56029993693033,64.7459332784017,79629100.0,80477500.0,70295300.0,59825000.0,42654200.0,60335900.0,58739200.0,51441050.0,44845100.0,35989800.0,44070050.0,43171875.0,40318725.0,37865375.0,35279825.0,43385800.0,43674333.333333336,44572016.66666666,42335333.333333336,39298716.66666666,41262575.0,41054825.0,40196258.333333336,39463733.333333336,38023541.66666666,1
2019-03-08,55.38199996948242,57.11800003051758,55.178001403808594,56.82799911499024,44098000,1,55.95479965209961,58.498200225830075,59.69320011138916,60.31446673075357,63.208633232116696,64459100.0,62142050.0,45745800.0,43005783.333333336,41274025.0,55.31800079345703,55.24800109863281,55.30799865722656,57.071998596191406,58.95800018310547,56.38079986572266,58.11240005493164,59.65240020751954,60.5052001953125,61.04160079956055,58.7096004486084,59.00240020751953,59.528800201416026,60.110800170898436,60.561200332641604,59.92690010070801,60.33320007324219,60.78429985046387,61.14779987335205,61.416300010681155,60.36360003153482,60.43693339029947,60.588133366902674,60.75960006713867,61.17260004679361,63.478666559855135,63.74993324279785,64.03933321634928,64.31653327941895,64.56029993693033,78550900.0,79629100.0,80477500.0,70295300.0,59825000.0,60602550.0,60335900.0,58739200.0,51441050.0,44845100.0,45171050.0,44070050.0,43171875.0,40318725.0,37865375.0,42871216.66666666,43385800.0,43674333.333333336,44572016.66666666,42335333.333333336,41090183.333333336,41262575.0,41054825.0,40196258.333333336,39463733.333333336,1
2019-03-11,56.70399856567383,58.25600051879883,56.099998474121094,58.183998107910156,36961500,0,56.17719955444336,58.34119987487793,59.54440002441406,60.273666636149095,62.95583324432373,54754600.0,62524950.0,46132825.0,43029566.66666666,41364316.66666666,56.82799911499024,55.31800079345703,55.24800109863281,55.30799865722656,57.071998596191406,55.95479965209961,56.38079986572266,58.11240005493164,59.65240020751954,60.5052001953125,58.498200225830075,58.7096004486084,59.00240020751953,59.528800201416026,60.110800170898436,59.69320011138916,59.92690010070801,60.33320007324219,60.78429985046387,61.14779987335205,60.31446673075357,60.36360003153482,60.43693339029947,60.588133366902674,60.75960006713867,63.208633232116696,63.478666559855135,63.74993324279785,64.03933321634928,64.31653327941895,64459100.0,78550900.0,79629100.0,80477500.0,70295300.0,62142050.0,60602550.0,60335900.0,58739200.0,51441050.0,45745800.0,45171050.0,44070050.0,43171875.0,40318725.0,43005783.333333336,42871216.66666666,43385800.0,43674333.333333336,44572016.66666666,41274025.0,41090183.333333336,41262575.0,41054825.0,40196258.333333336,1
2019-03-12,57.29800033569336,57.61399841308594,56.21200180053711,56.67200088500977,37520500,1,56.45,58.051200103759776,59.2496000289917,60.186866633097324,62.67836659749349,43494000.0,61985750.0,46226425.0,43209700.0,41570741.66666666,58.183998107910156,56.82799911499024,55.31800079345703,55.24800109863281,55.30799865722656,56.17719955444336,55.95479965209961,56.38079986572266,58.11240005493164,59.65240020751954,58.34119987487793,58.498200225830075,58.7096004486084,59.00240020751953,59.528800201416026,59.54440002441406,59.69320011138916,59.92690010070801,60.33320007324219,60.78429985046387,60.273666636149095,60.31446673075357,60.36360003153482,60.43693339029947,60.588133366902674,62.95583324432373,63.208633232116696,63.478666559855135,63.74993324279785,64.03933321634928,54754600.0,64459100.0,78550900.0,79629100.0,80477500.0,62524950.0,62142050.0,60602550.0,60335900.0,58739200.0,46132825.0,45745800.0,45171050.0,44070050.0,43171875.0,43029566.66666666,43005783.333333336,42871216.66666666,43385800.0,43674333.333333336,41364316.66666666,41274025.0,41090183.333333336,41262575.0,41054825.0,0
2019-03-13,56.77999877929688,58.39799880981445,56.540000915527344,57.79199981689453,34223500,1,56.95879974365234,57.535599899292,59.02110004425049,60.130199940999354,62.38559989929199,40003200.0,59816150.0,46558200.0,43580200.0,41527308.333333336,56.67200088500977,58.183998107910156,56.82799911499024,55.31800079345703,55.24800109863281,56.45,56.17719955444336,55.95479965209961,56.38079986572266,58.11240005493164,58.051200103759776,58.34119987487793,58.498200225830075,58.7096004486084,59.00240020751953,59.2496000289917,59.54440002441406,59.69320011138916,59.92690010070801,60.33320007324219,60.186866633097324,60.273666636149095,60.31446673075357,60.36360003153482,60.43693339029947,62.67836659749349,62.95583324432373,63.208633232116696,63.478666559855135,63.74993324279785,43494000.0,54754600.0,64459100.0,78550900.0,79629100.0,61985750.0,62524950.0,62142050.0,60602550.0,60335900.0,46226425.0,46132825.0,45745800.0,45171050.0,44070050.0,43209700.0,43029566.66666666,43005783.333333336,42871216.66666666,43385800.0,41570741.66666666,41364316.66666666,41274025.0,41090183.333333336,41262575.0,1
2019-03-14,58.4900016784668,59.07799911499024,57.65800094604492,57.99200057983398,35517000,0,57.493599700927724,56.937199783325205,58.839000129699706,60.00479990641277,62.13309993743896,37664100.0,58107500.0,47048650.0,42889050.0,41591125.0,57.79199981689453,56.67200088500977,58.183998107910156,56.82799911499024,55.31800079345703,56.95879974365234,56.45,56.17719955444336,55.95479965209961,56.38079986572266,57.535599899292,58.051200103759776,58.34119987487793,58.498200225830075,58.7096004486084,59.02110004425049,59.2496000289917,59.54440002441406,59.69320011138916,59.92690010070801,60.130199940999354,60.186866633097324,60.273666636149095,60.31446673075357,60.36360003153482,62.38559989929199,62.67836659749349,62.95583324432373,63.208633232116696,63.478666559855135,40003200.0,43494000.0,54754600.0,64459100.0,78550900.0,59816150.0,61985750.0,62524950.0,62142050.0,60602550.0,46558200.0,46226425.0,46132825.0,45745800.0,45171050.0,43580200.0,43209700.0,43029566.66666666,43005783.333333336,42871216.66666666,41527308.333333336,41570741.66666666,41364316.66666666,41274025.0,41090183.333333336,0
2019-03-15,56.70199966430664,56.74399948120117,54.88000106811523,55.08599853515625,73927500,0,57.145199584960935,56.54999961853027,58.555599975585935,59.79419987996419,61.889799944559726,43630000.0,54044550.0,49444825.0,43258433.333333336,42183750.0,57.99200057983398,57.79199981689453,56.67200088500977,58.183998107910156,56.82799911499024,57.493599700927724,56.95879974365234,56.45,56.17719955444336,55.95479965209961,56.937199783325205,57.535599899292,58.051200103759776,58.34119987487793,58.498200225830075,58.839000129699706,59.02110004425049,59.2496000289917,59.54440002441406,59.69320011138916,60.00479990641277,60.130199940999354,60.186866633097324,60.273666636149095,60.31446673075357,62.13309993743896,62.38559989929199,62.67836659749349,62.95583324432373,63.208633232116696,37664100.0,40003200.0,43494000.0,54754600.0,64459100.0,58107500.0,59816150.0,61985750.0,62524950.0,62142050.0,47048650.0,46558200.0,46226425.0,46132825.0,45745800.0,42889050.0,43580200.0,43209700.0,43029566.66666666,43005783.333333336,41591125.0,41527308.333333336,41570741.66666666,41364316.66666666,41274025.0,1
2019-03-18,55.20000076293945,55.61000061035156,53.459999084472656,53.89799880981445,51405000,0,56.2879997253418,56.23259963989258,58.171699905395506,59.509399795532225,61.664666620890294,46518700.0,50636650.0,51038850.0,43758033.333333336,42448833.333333336,55.08599853515625,57.99200057983398,57.79199981689453,56.67200088500977,58.183998107910156,57.145199584960935,57.493599700927724,56.95879974365234,56.45,56.17719955444336,56.54999961853027,56.937199783325205,57.535599899292,58.051200103759776,58.34119987487793,58.555599975585935,58.839000129699706,59.02110004425049,59.2496000289917,59.54440002441406,59.79419987996419,60.00479990641277,60.130199940999354,60.186866633097324,60.273666636149095,61.889799944559726,62.13309993743896,62.38559989929199,62.67836659749349,62.95583324432373,43630000.0,37664100.0,40003200.0,43494000.0,54754600.0,54044550.0,58107500.0,59816150.0,61985750.0,62524950.0,49444825.0,47048650.0,46558200.0,46226425.0,46132825.0,43258433.333333336,42889050.0,43580200.0,43209700.0,43029566.66666666,42183750.0,41591125.0,41527308.333333336,41570741.66666666,41364316.66666666,1
2019-03-19,53.5,54.65999984741211,52.69200134277344,53.49399948120117,59003000,1,55.65239944458008,56.051199722290036,57.78999996185303,59.20659980773926,61.44633324941,50815200.0,47154600.0,52946900.0,44499450.0,42742700.0,53.89799880981445,55.08599853515625,57.99200057983398,57.79199981689453,56.67200088500977,56.2879997253418,57.145199584960935,57.493599700927724,56.95879974365234,56.45,56.23259963989258,56.54999961853027,56.937199783325205,57.535599899292,58.051200103759776,58.171699905395506,58.555599975585935,58.839000129699706,59.02110004425049,59.2496000289917,59.509399795532225,59.79419987996419,60.00479990641277,60.130199940999354,60.186866633097324,61.664666620890294,61.889799944559726,62.13309993743896,62.38559989929199,62.67836659749349,46518700.0,43630000.0,37664100.0,40003200.0,43494000.0,50636650.0,54044550.0,58107500.0,59816150.0,61985750.0,51038850.0,49444825.0,47048650.0,46558200.0,46226425.0,43758033.333333336,43258433.333333336,42889050.0,43580200.0,43209700.0,42448833.333333336,42183750.0,41591125.0,41527308.333333336,41570741.66666666,1
2019-03-20,53.9379997253418,54.99399948120117,53.2599983215332,54.72000122070313,34541000,1,55.0379997253418,55.99839973449707,57.5003999710083,58.88826662699382,61.307066599527985,50878700.0,45440950.0,52888425.0,44527016.66666666,42562391.66666666,53.49399948120117,53.89799880981445,55.08599853515625,57.99200057983398,57.79199981689453,55.65239944458008,56.2879997253418,57.145199584960935,57.493599700927724,56.95879974365234,56.051199722290036,56.23259963989258,56.54999961853027,56.937199783325205,57.535599899292,57.78999996185303,58.171699905395506,58.555599975585935,58.839000129699706,59.02110004425049,59.20659980773926,59.509399795532225,59.79419987996419,60.00479990641277,60.130199940999354,61.44633324941,61.664666620890294,61.889799944559726,62.13309993743896,62.38559989929199,50815200.0,46518700.0,43630000.0,37664100.0,40003200.0,47154600.0,50636650.0,54044550.0,58107500.0,59816150.0,52946900.0,51038850.0,49444825.0,47048650.0,46558200.0,44499450.0,43758033.333333336,43258433.333333336,42889050.0,43580200.0,42742700.0,42448833.333333336,42183750.0,41591125.0,41527308.333333336,1
2019-03-21,54.52000045776367,55.290000915527344,53.68999862670898,54.80400085449219,29735500,0,54.40039978027344,55.946999740600596,57.3283000946045,58.60026664733887,61.15456663767497,49722400.0,43693250.0,52147900.0,44678450.0,42389916.66666666,54.72000122070313,53.49399948120117,53.89799880981445,55.08599853515625,57.99200057983398,55.0379997253418,55.65239944458008,56.2879997253418,57.145199584960935,57.493599700927724,55.99839973449707,56.051199722290036,56.23259963989258,56.54999961853027,56.937199783325205,57.5003999710083,57.78999996185303,58.171699905395506,58.555599975585935,58.839000129699706,58.88826662699382,59.20659980773926,59.509399795532225,59.79419987996419,60.00479990641277,61.307066599527985,61.44633324941,61.664666620890294,61.889799944559726,62.13309993743896,50878700.0,50815200.0,46518700.0,43630000.0,37664100.0,45440950.0,47154600.0,50636650.0,54044550.0,58107500.0,52888425.0,52946900.0,51038850.0,49444825.0,47048650.0,44527016.66666666,44499450.0,43758033.333333336,43258433.333333336,42889050.0,42562391.66666666,42742700.0,42448833.333333336,42183750.0,41591125.0,1
2019-03-22,54.51599884033203,54.56000137329102,52.79999923706055,52.90599822998047,43728000,0,53.96439971923828,55.55479965209961,57.026499938964854,58.31373329162598,61.05169995625815,43682500.0,43656250.0,52899150.0,45049283.33333334,42655391.66666666,54.80400085449219,54.72000122070313,53.49399948120117,53.89799880981445,55.08599853515625,54.40039978027344,55.0379997253418,55.65239944458008,56.2879997253418,57.145199584960935,55.946999740600596,55.99839973449707,56.051199722290036,56.23259963989258,56.54999961853027,57.3283000946045,57.5003999710083,57.78999996185303,58.171699905395506,58.555599975585935,58.60026664733887,58.88826662699382,59.20659980773926,59.509399795532225,59.79419987996419,61.15456663767497,61.307066599527985,61.44633324941,61.664666620890294,61.889799944559726,49722400.0,50878700.0,50815200.0,46518700.0,43630000.0,43693250.0,45440950.0,47154600.0,50636650.0,54044550.0,52147900.0,52888425.0,52946900.0,51038850.0,49444825.0,44678450.0,44527016.66666666,44499450.0,43758033.333333336,43258433.333333336,42389916.66666666,42562391.66666666,42742700.0,42448833.333333336,42183750.0,0
2019-03-25,51.94200134277344,52.63600158691406,50.89199829101562,52.08399963378906,51075000,1,53.60159988403321,54.9447998046875,56.64299983978272,58.01119995117188,60.83279991149902,43616500.0,45067600.0,53796275.0,45777750.0,42826383.333333336,52.90599822998047,54.80400085449219,54.72000122070313,53.49399948120117,53.89799880981445,53.96439971923828,54.40039978027344,55.0379997253418,55.65239944458008,56.2879997253418,55.55479965209961,55.946999740600596,55.99839973449707,56.051199722290036,56.23259963989258,57.026499938964854,57.3283000946045,57.5003999710083,57.78999996185303,58.171699905395506,58.31373329162598,58.60026664733887,58.88826662699382,59.20659980773926,59.509399795532225,61.05169995625815,61.15456663767497,61.307066599527985,61.44633324941,61.664666620890294,43682500.0,49722400.0,50878700.0,50815200.0,46518700.0,43656250.0,43693250.0,45440950.0,47154600.0,50636650.0,52899150.0,52147900.0,52888425.0,52946900.0,51038850.0,45049283.33333334,44678450.0,44527016.66666666,44499450.0,43758033.333333336,42655391.66666666,42389916.66666666,42562391.66666666,42742700.0,42448833.333333336,0
2019-03-26,52.88800048828125,54.05199813842773,52.88600158691406,53.55400085449219,36754500,1,53.613600158691405,54.63299980163574,56.34209995269775,57.71073328653971,60.67159989674886,39166800.0,44991000.0,53488375.0,45814616.66666666,42724366.66666666,52.08399963378906,52.90599822998047,54.80400085449219,54.72000122070313,53.49399948120117,53.60159988403321,53.96439971923828,54.40039978027344,55.0379997253418,55.65239944458008,54.9447998046875,55.55479965209961,55.946999740600596,55.99839973449707,56.051199722290036,56.64299983978272,57.026499938964854,57.3283000946045,57.5003999710083,57.78999996185303,58.01119995117188,58.31373329162598,58.60026664733887,58.88826662699382,59.20659980773926,60.83279991149902,61.05169995625815,61.15456663767497,61.307066599527985,61.44633324941,43616500.0,43682500.0,49722400.0,50878700.0,50815200.0,45067600.0,43656250.0,43693250.0,45440950.0,47154600.0,53796275.0,52899150.0,52147900.0,52888425.0,52946900.0,45777750.0,45049283.33333334,44678450.0,44527016.66666666,44499450.0,42826383.333333336,42655391.66666666,42389916.66666666,42562391.66666666,42742700.0,0
2019-03-27,53.75,55.07400131225586,53.63600158691406,54.96599960327149,43896000,1,53.66279983520508,54.350399780273435,55.942999839782715,57.46419995625814,60.47479985555014,41037800.0,45958250.0,52887200.0,46358216.66666666,42627716.66666666,53.55400085449219,52.08399963378906,52.90599822998047,54.80400085449219,54.72000122070313,53.613600158691405,53.60159988403321,53.96439971923828,54.40039978027344,55.0379997253418,54.63299980163574,54.9447998046875,55.55479965209961,55.946999740600596,55.99839973449707,56.34209995269775,56.64299983978272,57.026499938964854,57.3283000946045,57.5003999710083,57.71073328653971,58.01119995117188,58.31373329162598,58.60026664733887,58.88826662699382,60.67159989674886,60.83279991149902,61.05169995625815,61.15456663767497,61.307066599527985,39166800.0,43616500.0,43682500.0,49722400.0,50878700.0,44991000.0,45067600.0,43656250.0,43693250.0,45440950.0,53488375.0,53796275.0,52899150.0,52147900.0,52888425.0,45814616.66666666,45777750.0,45049283.33333334,44678450.0,44527016.66666666,42724366.66666666,42826383.333333336,42655391.66666666,42389916.66666666,42562391.66666666,1
2019-03-28,55.43199920654297,56.066001892089844,55.02000045776367,55.7239990234375,33870500,1,53.84679946899414,54.12359962463379,55.53039970397949,57.267199961344396,60.29419987996419,41864800.0,45793600.0,51950550.0,46630300.0,42667033.333333336,54.96599960327149,53.55400085449219,52.08399963378906,52.90599822998047,54.80400085449219,53.66279983520508,53.613600158691405,53.60159988403321,53.96439971923828,54.40039978027344,54.350399780273435,54.63299980163574,54.9447998046875,55.55479965209961,55.946999740600596,55.942999839782715,56.34209995269775,56.64299983978272,57.026499938964854,57.3283000946045,57.46419995625814,57.71073328653971,58.01119995117188,58.31373329162598,58.60026664733887,60.47479985555014,60.67159989674886,60.83279991149902,61.05169995625815,61.15456663767497,41037800.0,39166800.0,43616500.0,43682500.0,49722400.0,45958250.0,44991000.0,45067600.0,43656250.0,43693250.0,52887200.0,53488375.0,53796275.0,52899150.0,52147900.0,46358216.66666666,45814616.66666666,45777750.0,45049283.33333334,44678450.0,42627716.66666666,42724366.66666666,42826383.333333336,42655391.66666666,42389916.66666666,0
2019-03-29,55.7400016784668,56.03200149536133,54.9000015258789,55.97200012207031,29956500,1,54.45999984741211,54.212199783325204,55.38109970092773,57.10779991149902,60.19333324432373,39110500.0,41396500.0,47720525.0,46762050.0,42194758.333333336,55.7239990234375,54.96599960327149,53.55400085449219,52.08399963378906,52.90599822998047,53.84679946899414,53.66279983520508,53.613600158691405,53.60159988403321,53.96439971923828,54.12359962463379,54.350399780273435,54.63299980163574,54.9447998046875,55.55479965209961,55.53039970397949,55.942999839782715,56.34209995269775,56.64299983978272,57.026499938964854,57.267199961344396,57.46419995625814,57.71073328653971,58.01119995117188,58.31373329162598,60.29419987996419,60.47479985555014,60.67159989674886,60.83279991149902,61.05169995625815,41864800.0,41037800.0,39166800.0,43616500.0,43682500.0,45793600.0,45958250.0,44991000.0,45067600.0,43656250.0,51950550.0,52887200.0,53488375.0,53796275.0,52899150.0,46630300.0,46358216.66666666,45814616.66666666,45777750.0,45049283.33333334,42667033.333333336,42627716.66666666,42724366.66666666,42826383.333333336,42655391.66666666,1
2019-04-01,56.52399826049805,57.84000015258789,56.25600051879883,57.83599853515625,40552000,0,55.61039962768554,54.605999755859365,55.41929969787598,56.98313318888346,60.156066576639816,37005900.0,40311200.0,45473925.0,47462966.66666666,42290191.66666666,55.97200012207031,55.7239990234375,54.96599960327149,53.55400085449219,52.08399963378906,54.45999984741211,53.84679946899414,53.66279983520508,53.613600158691405,53.60159988403321,54.212199783325204,54.12359962463379,54.350399780273435,54.63299980163574,54.9447998046875,55.38109970092773,55.53039970397949,55.942999839782715,56.34209995269775,56.64299983978272,57.10779991149902,57.267199961344396,57.46419995625814,57.71073328653971,58.01119995117188,60.19333324432373,60.29419987996419,60.47479985555014,60.67159989674886,60.83279991149902,39110500.0,41864800.0,41037800.0,39166800.0,43616500.0,41396500.0,45793600.0,45958250.0,44991000.0,45067600.0,47720525.0,51950550.0,52887200.0,53488375.0,53796275.0,46762050.0,46630300.0,46358216.66666666,45814616.66666666,45777750.0,42194758.333333336,42667033.333333336,42627716.66666666,42724366.66666666,42826383.333333336,0
2019-04-02,57.65999984741211,57.88800048828125,56.7760009765625,57.17599868774414,27394500,1,56.334799194335936,54.97419967651367,55.51269969940186,56.851399866739904,60.0500332514445,35133900.0,37150350.0,42152475.0,47681383.33333334,42130591.66666666,57.83599853515625,55.97200012207031,55.7239990234375,54.96599960327149,53.55400085449219,55.61039962768554,54.45999984741211,53.84679946899414,53.66279983520508,53.613600158691405,54.605999755859365,54.212199783325204,54.12359962463379,54.350399780273435,54.63299980163574,55.41929969787598,55.38109970092773,55.53039970397949,55.942999839782715,56.34209995269775,56.98313318888346,57.10779991149902,57.267199961344396,57.46419995625814,57.71073328653971,60.156066576639816,60.19333324432373,60.29419987996419,60.47479985555014,60.67159989674886,37005900.0,39110500.0,41864800.0,41037800.0,39166800.0,40311200.0,41396500.0,45793600.0,45958250.0,44991000.0,45473925.0,47720525.0,51950550.0,52887200.0,53488375.0,47462966.66666666,46762050.0,46630300.0,46358216.66666666,45814616.66666666,42290191.66666666,42194758.333333336,42667033.333333336,42627716.66666666,42724366.66666666,1
2019-04-03,57.4640007019043,59.23400115966797,57.433998107910156,58.36199951171875,39597000,0,57.01399917602539,55.33839950561524,55.66839962005615,56.77973314921061,59.90619996388753,34274100.0,37655950.0,41548450.0,47810933.33333334,42161275.0,57.17599868774414,57.83599853515625,55.97200012207031,55.7239990234375,54.96599960327149,56.334799194335936,55.61039962768554,54.45999984741211,53.84679946899414,53.66279983520508,54.97419967651367,54.605999755859365,54.212199783325204,54.12359962463379,54.350399780273435,55.51269969940186,55.41929969787598,55.38109970092773,55.53039970397949,55.942999839782715,56.851399866739904,56.98313318888346,57.10779991149902,57.267199961344396,57.46419995625814,60.0500332514445,60.156066576639816,60.19333324432373,60.29419987996419,60.47479985555014,35133900.0,37005900.0,39110500.0,41864800.0,41037800.0,37150350.0,40311200.0,41396500.0,45793600.0,45958250.0,42152475.0,45473925.0,47720525.0,51950550.0,52887200.0,47681383.33333334,47462966.66666666,46762050.0,46630300.0,46358216.66666666,42130591.66666666,42290191.66666666,42194758.333333336,42667033.333333336,42627716.66666666,0
2019-04-04,52.37799835205078,54.2400016784668,52.11800003051758,53.55599975585938,118603500,1,56.580399322509756,55.21359939575196,55.58029956817627,56.62339986165365,59.68096663157146,51220700.0,46542750.0,45118000.0,50279516.66666666,43553958.333333336,58.36199951171875,57.17599868774414,57.83599853515625,55.97200012207031,55.7239990234375,57.01399917602539,56.334799194335936,55.61039962768554,54.45999984741211,53.84679946899414,55.33839950561524,54.97419967651367,54.605999755859365,54.212199783325204,54.12359962463379,55.66839962005615,55.51269969940186,55.41929969787598,55.38109970092773,55.53039970397949,56.77973314921061,56.851399866739904,56.98313318888346,57.10779991149902,57.267199961344396,59.90619996388753,60.0500332514445,60.156066576639816,60.19333324432373,60.29419987996419,34274100.0,35133900.0,37005900.0,39110500.0,41864800.0,37655950.0,37150350.0,40311200.0,41396500.0,45793600.0,41548450.0,42152475.0,45473925.0,47720525.0,51950550.0,47810933.33333334,47681383.33333334,47462966.66666666,46762050.0,46630300.0,42161275.0,42130591.66666666,42290191.66666666,42194758.333333336,42667033.333333336,1
2019-04-05,53.97200012207031,55.22000122070313,53.22200012207031,54.99200057983398,65191500,0,56.3843994140625,55.422199630737296,55.48849964141846,56.49173316955567,59.46906661987305,58267700.0,48689100.0,46172675.0,51495800.0,44187741.66666666,53.55599975585938,58.36199951171875,57.17599868774414,57.83599853515625,55.97200012207031,56.580399322509756,57.01399917602539,56.334799194335936,55.61039962768554,54.45999984741211,55.21359939575196,55.33839950561524,54.97419967651367,54.605999755859365,54.212199783325204,55.58029956817627,55.66839962005615,55.51269969940186,55.41929969787598,55.38109970092773,56.62339986165365,56.77973314921061,56.851399866739904,56.98313318888346,57.10779991149902,59.68096663157146,59.90619996388753,60.0500332514445,60.156066576639816,60.19333324432373,51220700.0,34274100.0,35133900.0,37005900.0,39110500.0,46542750.0,37655950.0,37150350.0,40311200.0,41396500.0,45118000.0,41548450.0,42152475.0,45473925.0,47720525.0,50279516.66666666,47810933.33333334,47681383.33333334,47462966.66666666,46762050.0,43553958.333333336,42161275.0,42130591.66666666,42290191.66666666,42194758.333333336,1
2019-04-08,55.53799819946289,56.23199844360352,54.0880012512207,54.63999938964844,52052000,0,55.745199584960936,55.67779960632324,55.31129970550537,56.32126642862956,59.22983322143555,60567700.0,48786800.0,46927200.0,52126450.0,44550575.0,54.99200057983398,53.55599975585938,58.36199951171875,57.17599868774414,57.83599853515625,56.3843994140625,56.580399322509756,57.01399917602539,56.334799194335936,55.61039962768554,55.422199630737296,55.21359939575196,55.33839950561524,54.97419967651367,54.605999755859365,55.48849964141846,55.58029956817627,55.66839962005615,55.51269969940186,55.41929969787598,56.49173316955567,56.62339986165365,56.77973314921061,56.851399866739904,56.98313318888346,59.46906661987305,59.68096663157146,59.90619996388753,60.0500332514445,60.156066576639816,58267700.0,51220700.0,34274100.0,35133900.0,37005900.0,48689100.0,46542750.0,37655950.0,37150350.0,40311200.0,46172675.0,45118000.0,41548450.0,42152475.0,45473925.0,51495800.0,50279516.66666666,47810933.33333334,47681383.33333334,47462966.66666666,44187741.66666666,43553958.333333336,42161275.0,42130591.66666666,42290191.66666666,1
2019-04-09,54.33000183105469,55.0,53.92200088500977,54.46200180053711,29520000,1,55.20240020751953,55.768599700927744,55.200799751281735,56.150933202107744,58.979999860127776,60992800.0,48063350.0,46527175.0,51680033.33333334,44622650.0,54.63999938964844,54.99200057983398,53.55599975585938,58.36199951171875,57.17599868774414,55.745199584960936,56.3843994140625,56.580399322509756,57.01399917602539,56.334799194335936,55.67779960632324,55.422199630737296,55.21359939575196,55.33839950561524,54.97419967651367,55.31129970550537,55.48849964141846,55.58029956817627,55.66839962005615,55.51269969940186,56.32126642862956,56.49173316955567,56.62339986165365,56.77973314921061,56.851399866739904,59.22983322143555,59.46906661987305,59.68096663157146,59.90619996388753,60.0500332514445,60567700.0,58267700.0,51220700.0,34274100.0,35133900.0,48786800.0,48689100.0,46542750.0,37655950.0,37150350.0,46927200.0,46172675.0,45118000.0,41548450.0,42152475.0,52126450.0,51495800.0,50279516.66666666,47810933.33333334,47681383.33333334,44550575.0,44187741.66666666,43553958.333333336,42161275.0,42130591.66666666,1
2019-04-10,55.347999572753906,55.67599868774414,54.57799911499024,55.21200180053711,35306500,0,54.57240066528321,55.793199920654295,55.07179985046387,55.89306653340658,58.78553326924643,60134700.0,47204400.0,46581325.0,50992933.33333334,44773816.66666666,54.46200180053711,54.63999938964844,54.99200057983398,53.55599975585938,58.36199951171875,55.20240020751953,55.745199584960936,56.3843994140625,56.580399322509756,57.01399917602539,55.768599700927744,55.67779960632324,55.422199630737296,55.21359939575196,55.33839950561524,55.200799751281735,55.31129970550537,55.48849964141846,55.58029956817627,55.66839962005615,56.150933202107744,56.32126642862956,56.49173316955567,56.62339986165365,56.77973314921061,58.979999860127776,59.22983322143555,59.46906661987305,59.68096663157146,59.90619996388753,60992800.0,60567700.0,58267700.0,51220700.0,34274100.0,48063350.0,48786800.0,48689100.0,46542750.0,37655950.0,46527175.0,46927200.0,46172675.0,45118000.0,41548450.0,51680033.33333334,52126450.0,51495800.0,50279516.66666666,47810933.33333334,44622650.0,44550575.0,44187741.66666666,43553958.333333336,42161275.0,1
2019-04-11,53.65999984741211,54.099998474121094,53.11999893188477,53.683998107910156,49179500,0,54.59800033569336,55.58919982910156,54.85639972686768,55.549999745686854,58.53216654459636,46249900.0,48735300.0,47264450.0,50878800.0,45088758.33333334,55.21200180053711,54.46200180053711,54.63999938964844,54.99200057983398,53.55599975585938,54.57240066528321,55.20240020751953,55.745199584960936,56.3843994140625,56.580399322509756,55.793199920654295,55.768599700927744,55.67779960632324,55.422199630737296,55.21359939575196,55.07179985046387,55.200799751281735,55.31129970550537,55.48849964141846,55.58029956817627,55.89306653340658,56.150933202107744,56.32126642862956,56.49173316955567,56.62339986165365,58.78553326924643,58.979999860127776,59.22983322143555,59.46906661987305,59.68096663157146,60134700.0,60992800.0,60567700.0,58267700.0,51220700.0,47204400.0,48063350.0,48786800.0,48689100.0,46542750.0,46581325.0,46527175.0,46927200.0,46172675.0,45118000.0,50992933.33333334,51680033.33333334,52126450.0,51495800.0,50279516.66666666,44773816.66666666,44622650.0,44550575.0,44187741.66666666,43553958.333333336,0
2019-04-12,54.04399871826172,54.38999938964844,53.36600112915039,53.540000915527344,33730000,0,54.30760040283203,55.345999908447276,54.77909984588623,55.369399770100905,58.27099990844727,39957600.0,49112650.0,45254575.0,48184566.66666666,45259950.0,53.683998107910156,55.21200180053711,54.46200180053711,54.63999938964844,54.99200057983398,54.59800033569336,54.57240066528321,55.20240020751953,55.745199584960936,56.3843994140625,55.58919982910156,55.793199920654295,55.768599700927744,55.67779960632324,55.422199630737296,54.85639972686768,55.07179985046387,55.200799751281735,55.31129970550537,55.48849964141846,55.549999745686854,55.89306653340658,56.150933202107744,56.32126642862956,56.49173316955567,58.53216654459636,58.78553326924643,58.979999860127776,59.22983322143555,59.46906661987305,46249900.0,60134700.0,60992800.0,60567700.0,58267700.0,48735300.0,47204400.0,48063350.0,48786800.0,48689100.0,47264450.0,46581325.0,46527175.0,46927200.0,46172675.0,50878800.0,50992933.33333334,51680033.33333334,52126450.0,51495800.0,45088758.33333334,44773816.66666666,44622650.0,44550575.0,44187741.66666666,1
2019-04-15,53.72600173950195,53.7760009765625,51.72600173950195,53.2760009765625,50193000,1,54.034800720214854,54.89000015258789,54.74799995422363,55.24286651611328,58.00123329162598,39585800.0,50076750.0,45193975.0,47008200.0,45790108.33333334,53.540000915527344,53.683998107910156,55.21200180053711,54.46200180053711,54.63999938964844,54.30760040283203,54.59800033569336,54.57240066528321,55.20240020751953,55.745199584960936,55.345999908447276,55.58919982910156,55.793199920654295,55.768599700927744,55.67779960632324,54.77909984588623,54.85639972686768,55.07179985046387,55.200799751281735,55.31129970550537,55.369399770100905,55.549999745686854,55.89306653340658,56.150933202107744,56.32126642862956,58.27099990844727,58.53216654459636,58.78553326924643,58.979999860127776,59.22983322143555,39957600.0,46249900.0,60134700.0,60992800.0,60567700.0,49112650.0,48735300.0,47204400.0,48063350.0,48786800.0,45254575.0,47264450.0,46581325.0,46527175.0,46927200.0,48184566.66666666,50878800.0,50992933.33333334,51680033.33333334,52126450.0,45259950.0,45088758.33333334,44773816.66666666,44622650.0,44550575.0,0
2019-04-16,53.1500015258789,55.0,52.94400024414063,54.67200088500977,36364500,0,54.076800537109385,54.63960037231446,54.80690002441406,55.22166659037271,57.90489997863771,40954700.0,50973750.0,44062050.0,45092900.0,44383616.66666666,53.2760009765625,53.540000915527344,53.683998107910156,55.21200180053711,54.46200180053711,54.034800720214854,54.30760040283203,54.59800033569336,54.57240066528321,55.20240020751953,54.89000015258789,55.345999908447276,55.58919982910156,55.793199920654295,55.768599700927744,54.74799995422363,54.77909984588623,54.85639972686768,55.07179985046387,55.200799751281735,55.24286651611328,55.369399770100905,55.549999745686854,55.89306653340658,56.150933202107744,58.00123329162598,58.27099990844727,58.53216654459636,58.78553326924643,58.979999860127776,39585800.0,39957600.0,46249900.0,60134700.0,60992800.0,50076750.0,49112650.0,48735300.0,47204400.0,48063350.0,45193975.0,45254575.0,47264450.0,46581325.0,46527175.0,47008200.0,48184566.66666666,50878800.0,50992933.33333334,51680033.33333334,45790108.33333334,45259950.0,45088758.33333334,44773816.66666666,44622650.0,1
2019-04-17,54.95000076293945,54.95800018310547,53.70800018310547,54.24599838256836,25632500,1,53.88359985351561,54.22800025939942,54.783199882507326,55.18826649983725,57.81259994506836,39019900.0,49577300.0,43616625.0,44224733.333333336,43805266.66666666,54.67200088500977,53.2760009765625,53.540000915527344,53.683998107910156,55.21200180053711,54.076800537109385,54.034800720214854,54.30760040283203,54.59800033569336,54.57240066528321,54.63960037231446,54.89000015258789,55.345999908447276,55.58919982910156,55.793199920654295,54.80690002441406,54.74799995422363,54.77909984588623,54.85639972686768,55.07179985046387,55.22166659037271,55.24286651611328,55.369399770100905,55.549999745686854,55.89306653340658,57.90489997863771,58.00123329162598,58.27099990844727,58.53216654459636,58.78553326924643,40954700.0,39585800.0,39957600.0,46249900.0,60134700.0,50973750.0,50076750.0,49112650.0,48735300.0,47204400.0,44062050.0,45193975.0,45254575.0,47264450.0,46581325.0,45092900.0,47008200.0,48184566.66666666,50878800.0,50992933.33333334,44383616.66666666,45790108.33333334,45259950.0,45088758.33333334,44773816.66666666,1
2019-04-18,54.24599838256836,54.96799850463867,53.95000076293945,54.6520004272461,29381500,0,54.07720031738281,54.337600326538094,54.77559986114502,55.16606648763022,57.76483325958252,35060300.0,40655100.0,43598925.0,43630366.66666666,43250791.66666666,54.24599838256836,54.67200088500977,53.2760009765625,53.540000915527344,53.683998107910156,53.88359985351561,54.076800537109385,54.034800720214854,54.30760040283203,54.59800033569336,54.22800025939942,54.63960037231446,54.89000015258789,55.345999908447276,55.58919982910156,54.783199882507326,54.80690002441406,54.74799995422363,54.77909984588623,54.85639972686768,55.18826649983725,55.22166659037271,55.24286651611328,55.369399770100905,55.549999745686854,57.81259994506836,57.90489997863771,58.00123329162598,58.27099990844727,58.53216654459636,39019900.0,40954700.0,39585800.0,39957600.0,46249900.0,49577300.0,50973750.0,50076750.0,49112650.0,48735300.0,43616625.0,44062050.0,45193975.0,45254575.0,47264450.0,44224733.333333336,45092900.0,47008200.0,48184566.66666666,50878800.0,43805266.66666666,44383616.66666666,45790108.33333334,45259950.0,45088758.33333334,1
2019-04-22,53.79999923706055,53.93600082397461,52.49599838256836,52.54999923706055,60735500,1,53.87919998168945,54.093400192260745,54.75779991149902,55.02346649169922,57.668966611226395,40461400.0,40209500.0,44449300.0,44184950.0,43595366.66666666,54.6520004272461,54.24599838256836,54.67200088500977,53.2760009765625,53.540000915527344,54.07720031738281,53.88359985351561,54.076800537109385,54.034800720214854,54.30760040283203,54.337600326538094,54.22800025939942,54.63960037231446,54.89000015258789,55.345999908447276,54.77559986114502,54.783199882507326,54.80690002441406,54.74799995422363,54.77909984588623,55.16606648763022,55.18826649983725,55.22166659037271,55.24286651611328,55.369399770100905,57.76483325958252,57.81259994506836,57.90489997863771,58.00123329162598,58.27099990844727,35060300.0,39019900.0,40954700.0,39585800.0,39957600.0,40655100.0,49577300.0,50973750.0,50076750.0,49112650.0,43598925.0,43616625.0,44062050.0,45193975.0,45254575.0,43630366.66666666,44224733.333333336,45092900.0,47008200.0,48184566.66666666,43250791.66666666,43805266.66666666,44383616.66666666,45790108.33333334,45259950.0,1
2019-04-23,52.02999877929688,53.11999893188477,51.1500015258789,52.77999877929688,54719500,0,53.779999542236325,53.90740013122559,54.792599868774424,54.84333318074544,57.558499908447274,41366700.0,40476250.0,44631525.0,44776883.333333336,43903225.0,52.54999923706055,54.6520004272461,54.24599838256836,54.67200088500977,53.2760009765625,53.87919998168945,54.07720031738281,53.88359985351561,54.076800537109385,54.034800720214854,54.093400192260745,54.337600326538094,54.22800025939942,54.63960037231446,54.89000015258789,54.75779991149902,54.77559986114502,54.783199882507326,54.80690002441406,54.74799995422363,55.02346649169922,55.16606648763022,55.18826649983725,55.22166659037271,55.24286651611328,57.668966611226395,57.76483325958252,57.81259994506836,57.90489997863771,58.00123329162598,40461400.0,35060300.0,39019900.0,40954700.0,39585800.0,40209500.0,40655100.0,49577300.0,50973750.0,50076750.0,44449300.0,43598925.0,43616625.0,44062050.0,45193975.0,44184950.0,43630366.66666666,44224733.333333336,45092900.0,47008200.0,43595366.66666666,43250791.66666666,43805266.66666666,44383616.66666666,45790108.33333334,1
2019-04-24,52.77000045776367,53.06399917602539,51.599998474121094,51.73199844360352,53637500,0,53.19199905395508,53.634399795532225,54.70149974822998,54.67866643269858,57.43276653289795,44821300.0,42888000.0,45475675.0,45314116.66666666,44261908.333333336,52.77999877929688,52.54999923706055,54.6520004272461,54.24599838256836,54.67200088500977,53.779999542236325,53.87919998168945,54.07720031738281,53.88359985351561,54.076800537109385,53.90740013122559,54.093400192260745,54.337600326538094,54.22800025939942,54.63960037231446,54.792599868774424,54.75779991149902,54.77559986114502,54.783199882507326,54.80690002441406,54.84333318074544,55.02346649169922,55.16606648763022,55.18826649983725,55.22166659037271,57.558499908447274,57.668966611226395,57.76483325958252,57.81259994506836,57.90489997863771,41366700.0,40461400.0,35060300.0,39019900.0,40954700.0,40476250.0,40209500.0,40655100.0,49577300.0,50973750.0,44631525.0,44449300.0,43598925.0,43616625.0,44062050.0,44776883.333333336,44184950.0,43630366.66666666,44224733.333333336,45092900.0,43903225.0,43595366.66666666,43250791.66666666,43805266.66666666,44383616.66666666,1
2019-04-25,51.0,51.79999923706055,49.2140007019043,49.5260009765625,109247000,0,52.247999572753905,53.06579971313477,54.429499816894534,54.40313313802083,57.2666665395101,61544200.0,50282050.0,48743225.0,47814900.0,45697550.0,51.73199844360352,52.77999877929688,52.54999923706055,54.6520004272461,54.24599838256836,53.19199905395508,53.779999542236325,53.87919998168945,54.07720031738281,53.88359985351561,53.634399795532225,53.90740013122559,54.093400192260745,54.337600326538094,54.22800025939942,54.70149974822998,54.792599868774424,54.75779991149902,54.77559986114502,54.783199882507326,54.67866643269858,54.84333318074544,55.02346649169922,55.16606648763022,55.18826649983725,57.43276653289795,57.558499908447274,57.668966611226395,57.76483325958252,57.81259994506836,44821300.0,41366700.0,40461400.0,35060300.0,39019900.0,42888000.0,40476250.0,40209500.0,40655100.0,49577300.0,45475675.0,44631525.0,44449300.0,43598925.0,43616625.0,45314116.66666666,44776883.333333336,44184950.0,43630366.66666666,44224733.333333336,44261908.333333336,43903225.0,43595366.66666666,43250791.66666666,43805266.66666666,0
2019-04-26,49.29999923706055,49.33599853515625,46.22600173950195,47.02799987792969,111803500,1,50.72319946289063,52.40019989013672,53.99469985961914,54.03766644795736,57.02123317718506,78028600.0,56544450.0,52639875.0,50357783.33333334,46623416.66666666,49.5260009765625,51.73199844360352,52.77999877929688,52.54999923706055,54.6520004272461,52.247999572753905,53.19199905395508,53.779999542236325,53.87919998168945,54.07720031738281,53.06579971313477,53.634399795532225,53.90740013122559,54.093400192260745,54.337600326538094,54.429499816894534,54.70149974822998,54.792599868774424,54.75779991149902,54.77559986114502,54.40313313802083,54.67866643269858,54.84333318074544,55.02346649169922,55.16606648763022,57.2666665395101,57.43276653289795,57.558499908447274,57.668966611226395,57.76483325958252,61544200.0,44821300.0,41366700.0,40461400.0,35060300.0,50282050.0,42888000.0,40476250.0,40209500.0,40655100.0,48743225.0,45475675.0,44631525.0,44449300.0,43598925.0,47814900.0,45314116.66666666,44776883.333333336,44184950.0,43630366.66666666,45697550.0,44261908.333333336,43903225.0,43595366.66666666,43250791.66666666,1
2019-04-29,47.17200088500977,48.79600143432617,46.433998107910156,48.29399871826172,83572500,0,49.87199935913086,51.875599670410146,53.61079978942871,53.81126645406087,56.802733167012526,82596000.0,61528700.0,55320675.0,50679283.33333334,46968858.33333334,47.02799987792969,49.5260009765625,51.73199844360352,52.77999877929688,52.54999923706055,50.72319946289063,52.247999572753905,53.19199905395508,53.779999542236325,53.87919998168945,52.40019989013672,53.06579971313477,53.634399795532225,53.90740013122559,54.093400192260745,53.99469985961914,54.429499816894534,54.70149974822998,54.792599868774424,54.75779991149902,54.03766644795736,54.40313313802083,54.67866643269858,54.84333318074544,55.02346649169922,57.02123317718506,57.2666665395101,57.43276653289795,57.558499908447274,57.668966611226395,78028600.0,61544200.0,44821300.0,41366700.0,40461400.0,56544450.0,50282050.0,42888000.0,40476250.0,40209500.0,52639875.0,48743225.0,45475675.0,44631525.0,44449300.0,50357783.33333334,47814900.0,45314116.66666666,44776883.333333336,44184950.0,46623416.66666666,45697550.0,44261908.333333336,43903225.0,43595366.66666666,1
2019-04-30,48.4119987487793,48.84199905395508,47.4000015258789,47.737998962402344,47323000,0,48.86359939575196,51.32179946899414,53.10589981079102,53.6059331258138,56.557666460673005,81116700.0,61241700.0,55659225.0,50543216.66666666,47150625.0,48.29399871826172,47.02799987792969,49.5260009765625,51.73199844360352,52.77999877929688,49.87199935913086,50.72319946289063,52.247999572753905,53.19199905395508,53.779999542236325,51.875599670410146,52.40019989013672,53.06579971313477,53.634399795532225,53.90740013122559,53.61079978942871,53.99469985961914,54.429499816894534,54.70149974822998,54.792599868774424,53.81126645406087,54.03766644795736,54.40313313802083,54.67866643269858,54.84333318074544,56.802733167012526,57.02123317718506,57.2666665395101,57.43276653289795,57.558499908447274,82596000.0,78028600.0,61544200.0,44821300.0,41366700.0,61528700.0,56544450.0,50282050.0,42888000.0,40476250.0,55320675.0,52639875.0,48743225.0,45475675.0,44631525.0,50679283.33333334,50357783.33333334,47814900.0,45314116.66666666,44776883.333333336,46968858.33333334,46623416.66666666,45697550.0,44261908.333333336,43903225.0,1
2019-05-01,47.77000045776367,48.0,46.29999923706055,46.80199813842773,53522000,1,47.8775993347168,50.53479919433594,52.587199783325204,53.382866414388026,56.29473311106364,81093600.0,62957450.0,56965600.0,50360516.66666666,47429983.33333334,47.737998962402344,48.29399871826172,47.02799987792969,49.5260009765625,51.73199844360352,48.86359939575196,49.87199935913086,50.72319946289063,52.247999572753905,53.19199905395508,51.32179946899414,51.875599670410146,52.40019989013672,53.06579971313477,53.634399795532225,53.10589981079102,53.61079978942871,53.99469985961914,54.429499816894534,54.70149974822998,53.6059331258138,53.81126645406087,54.03766644795736,54.40313313802083,54.67866643269858,56.557666460673005,56.802733167012526,57.02123317718506,57.2666665395101,57.43276653289795,81116700.0,82596000.0,78028600.0,61544200.0,44821300.0,61241700.0,61528700.0,56544450.0,50282050.0,42888000.0,55659225.0,55320675.0,52639875.0,48743225.0,45475675.0,50543216.66666666,50679283.33333334,50357783.33333334,47814900.0,45314116.66666666,47150625.0,46968858.33333334,46623416.66666666,45697550.0,44261908.333333336,1
2019-05-02,49.10400009155274,49.42599868774414,47.54399871826172,48.81999969482422,90796500,1,47.73639907836914,49.99219932556152,52.11009979248047,53.18619969685872,56.03723316192627,77403500.0,69473850.0,59525575.0,52235700.0,48381358.33333334,46.80199813842773,47.737998962402344,48.29399871826172,47.02799987792969,49.5260009765625,47.8775993347168,48.86359939575196,49.87199935913086,50.72319946289063,52.247999572753905,50.53479919433594,51.32179946899414,51.875599670410146,52.40019989013672,53.06579971313477,52.587199783325204,53.10589981079102,53.61079978942871,53.99469985961914,54.429499816894534,53.382866414388026,53.6059331258138,53.81126645406087,54.03766644795736,54.40313313802083,56.29473311106364,56.557666460673005,56.802733167012526,57.02123317718506,57.2666665395101,81093600.0,81116700.0,82596000.0,78028600.0,61544200.0,62957450.0,61241700.0,61528700.0,56544450.0,50282050.0,56965600.0,55659225.0,55320675.0,52639875.0,48743225.0,50360516.66666666,50543216.66666666,50679283.33333334,50357783.33333334,47814900.0,47429983.33333334,47150625.0,46968858.33333334,46623416.66666666,45697550.0,0
2019-05-03,48.77199935913086,51.321998596191406,48.69800186157226,51.00600051879883,118534000,1,48.53199920654297,49.6275993347168,51.98259983062744,53.059599685668935,55.829933166503906,78749600.0,78389100.0,59522100.0,55195650.0,49937050.0,48.81999969482422,46.80199813842773,47.737998962402344,48.29399871826172,47.02799987792969,47.73639907836914,47.8775993347168,48.86359939575196,49.87199935913086,50.72319946289063,49.99219932556152,50.53479919433594,51.32179946899414,51.875599670410146,52.40019989013672,52.11009979248047,52.587199783325204,53.10589981079102,53.61079978942871,53.99469985961914,53.18619969685872,53.382866414388026,53.6059331258138,53.81126645406087,54.03766644795736,56.03723316192627,56.29473311106364,56.557666460673005,56.802733167012526,57.02123317718506,77403500.0,81093600.0,81116700.0,82596000.0,78028600.0,69473850.0,62957450.0,61241700.0,61528700.0,56544450.0,59525575.0,56965600.0,55659225.0,55320675.0,52639875.0,52235700.0,50360516.66666666,50543216.66666666,50679283.33333334,50357783.33333334,48381358.33333334,47429983.33333334,47150625.0,46968858.33333334,46623416.66666666,1
2019-05-06,50.00400161743164,51.66999816894531,49.70000076293945,51.06800079345703,54169500,0,49.08679962158203,49.479399490356435,51.786399841308594,52.998333104451504,55.65603319803874,72869000.0,77732500.0,58971000.0,55543700.0,50296491.66666666,51.00600051879883,48.81999969482422,46.80199813842773,47.737998962402344,48.29399871826172,48.53199920654297,47.73639907836914,47.8775993347168,48.86359939575196,49.87199935913086,49.6275993347168,49.99219932556152,50.53479919433594,51.32179946899414,51.875599670410146,51.98259983062744,52.11009979248047,52.587199783325204,53.10589981079102,53.61079978942871,53.059599685668935,53.18619969685872,53.382866414388026,53.6059331258138,53.81126645406087,55.829933166503906,56.03723316192627,56.29473311106364,56.557666460673005,56.802733167012526,78749600.0,77403500.0,81093600.0,81116700.0,82596000.0,78389100.0,69473850.0,62957450.0,61241700.0,61528700.0,59522100.0,59525575.0,56965600.0,55659225.0,55320675.0,55195650.0,52235700.0,50360516.66666666,50543216.66666666,50679283.33333334,49937050.0,48381358.33333334,47429983.33333334,47150625.0,46968858.33333334,1
2019-05-07,51.36000061035156,51.44200134277344,49.02000045776367,49.4119987487793,50657000,0,49.42159957885743,49.142599487304686,51.52499980926514,52.9092664082845,55.460233179728185,73535800.0,77326250.0,58901250.0,55529766.66666666,50653758.33333334,51.06800079345703,51.00600051879883,48.81999969482422,46.80199813842773,47.737998962402344,49.08679962158203,48.53199920654297,47.73639907836914,47.8775993347168,48.86359939575196,49.479399490356435,49.6275993347168,49.99219932556152,50.53479919433594,51.32179946899414,51.786399841308594,51.98259983062744,52.11009979248047,52.587199783325204,53.10589981079102,52.998333104451504,53.059599685668935,53.18619969685872,53.382866414388026,53.6059331258138,55.65603319803874,55.829933166503906,56.03723316192627,56.29473311106364,56.557666460673005,72869000.0,78749600.0,77403500.0,81093600.0,81116700.0,77732500.0,78389100.0,69473850.0,62957450.0,61241700.0,58971000.0,59522100.0,59525575.0,56965600.0,55659225.0,55543700.0,55195650.0,52235700.0,50360516.66666666,50543216.66666666,50296491.66666666,49937050.0,48381358.33333334,47429983.33333334,47150625.0,1
2019-05-08,49.38800048828125,50.11999893188477,48.84000015258789,48.96799850463867,30882000,0,49.85479965209961,48.8661994934082,51.25029964447022,52.756399663289386,55.23356647491456,69007800.0,75050700.0,58969350.0,55334016.66666666,50574316.66666666,49.4119987487793,51.06800079345703,51.00600051879883,48.81999969482422,46.80199813842773,49.42159957885743,49.08679962158203,48.53199920654297,47.73639907836914,47.8775993347168,49.142599487304686,49.479399490356435,49.6275993347168,49.99219932556152,50.53479919433594,51.52499980926514,51.786399841308594,51.98259983062744,52.11009979248047,52.587199783325204,52.9092664082845,52.998333104451504,53.059599685668935,53.18619969685872,53.382866414388026,55.460233179728185,55.65603319803874,55.829933166503906,56.03723316192627,56.29473311106364,73535800.0,72869000.0,78749600.0,77403500.0,81093600.0,77326250.0,77732500.0,78389100.0,69473850.0,62957450.0,58901250.0,58971000.0,59522100.0,59525575.0,56965600.0,55529766.66666666,55543700.0,55195650.0,52235700.0,50360516.66666666,50653758.33333334,50296491.66666666,49937050.0,48381358.33333334,47429983.33333334,1
2019-05-09,48.4000015258789,48.736000061035156,47.38800048828125,48.39599990844727,33557000,0,49.76999969482422,48.75319938659668,50.90949954986572,52.537399673461906,55.00079981486002,57559900.0,67481700.0,58881875.0,54989383.33333334,50673800.0,48.96799850463867,49.4119987487793,51.06800079345703,51.00600051879883,48.81999969482422,49.85479965209961,49.42159957885743,49.08679962158203,48.53199920654297,47.73639907836914,48.8661994934082,49.142599487304686,49.479399490356435,49.6275993347168,49.99219932556152,51.25029964447022,51.52499980926514,51.786399841308594,51.98259983062744,52.11009979248047,52.756399663289386,52.9092664082845,52.998333104451504,53.059599685668935,53.18619969685872,55.23356647491456,55.460233179728185,55.65603319803874,55.829933166503906,56.03723316192627,69007800.0,73535800.0,72869000.0,78749600.0,77403500.0,75050700.0,77326250.0,77732500.0,78389100.0,69473850.0,58969350.0,58901250.0,58971000.0,59522100.0,59525575.0,55334016.66666666,55529766.66666666,55543700.0,55195650.0,52235700.0,50574316.66666666,50653758.33333334,50296491.66666666,49937050.0,48381358.33333334,1
2019-05-10,47.95000076293945,48.39799880981445,47.20399856567383,47.90399932861328,35041500,0,49.14959945678711,48.84079933166504,50.62049961090088,52.27673301696778,54.77196648915609,40861400.0,59805500.0,58174975.0,55028416.66666666,50829358.33333334,48.39599990844727,48.96799850463867,49.4119987487793,51.06800079345703,51.00600051879883,49.76999969482422,49.85479965209961,49.42159957885743,49.08679962158203,48.53199920654297,48.75319938659668,48.8661994934082,49.142599487304686,49.479399490356435,49.6275993347168,50.90949954986572,51.25029964447022,51.52499980926514,51.786399841308594,51.98259983062744,52.537399673461906,52.756399663289386,52.9092664082845,52.998333104451504,53.059599685668935,55.00079981486002,55.23356647491456,55.460233179728185,55.65603319803874,55.829933166503906,57559900.0,69007800.0,73535800.0,72869000.0,78749600.0,67481700.0,75050700.0,77326250.0,77732500.0,78389100.0,58881875.0,58969350.0,58901250.0,58971000.0,59522100.0,54989383.33333334,55334016.66666666,55529766.66666666,55543700.0,55195650.0,50673800.0,50574316.66666666,50653758.33333334,50296491.66666666,49937050.0,1
2019-05-13,46.4020004272461,46.49399948120117,44.900001525878906,45.4020004272461,54174000,1,48.01639938354492,48.55159950256348,50.213599586486815,51.924399693806976,54.516099802652995,40862300.0,56865650.0,59197175.0,55835666.66666666,51298858.33333334,47.90399932861328,48.39599990844727,48.96799850463867,49.4119987487793,51.06800079345703,49.14959945678711,49.76999969482422,49.85479965209961,49.42159957885743,49.08679962158203,48.84079933166504,48.75319938659668,48.8661994934082,49.142599487304686,49.479399490356435,50.62049961090088,50.90949954986572,51.25029964447022,51.52499980926514,51.786399841308594,52.27673301696778,52.537399673461906,52.756399663289386,52.9092664082845,52.998333104451504,54.77196648915609,55.00079981486002,55.23356647491456,55.460233179728185,55.65603319803874,40861400.0,57559900.0,69007800.0,73535800.0,72869000.0,59805500.0,67481700.0,75050700.0,77326250.0,77732500.0,58174975.0,58881875.0,58969350.0,58901250.0,58971000.0,55028416.66666666,54989383.33333334,55334016.66666666,55529766.66666666,55543700.0,50829358.33333334,50673800.0,50574316.66666666,50653758.33333334,50296491.66666666,1
2019-05-14,45.86000061035156,46.9000015258789,45.599998474121094,46.46200180053711,36262000,0,47.426399993896474,48.42399978637695,49.87289962768555,51.54526646931966,54.26419982910157,37983300.0,55759550.0,58500625.0,55692666.66666666,51577816.66666666,45.4020004272461,47.90399932861328,48.39599990844727,48.96799850463867,49.4119987487793,48.01639938354492,49.14959945678711,49.76999969482422,49.85479965209961,49.42159957885743,48.55159950256348,48.84079933166504,48.75319938659668,48.8661994934082,49.142599487304686,50.213599586486815,50.62049961090088,50.90949954986572,51.25029964447022,51.52499980926514,51.924399693806976,52.27673301696778,52.537399673461906,52.756399663289386,52.9092664082845,54.516099802652995,54.77196648915609,55.00079981486002,55.23356647491456,55.460233179728185,40862300.0,40861400.0,57559900.0,69007800.0,73535800.0,56865650.0,59805500.0,67481700.0,75050700.0,77326250.0,59197175.0,58174975.0,58881875.0,58969350.0,58901250.0,55835666.66666666,55028416.66666666,54989383.33333334,55334016.66666666,55529766.66666666,51298858.33333334,50829358.33333334,50673800.0,50574316.66666666,50653758.33333334,0
2019-05-15,45.86399841308594,46.487998962402344,45.04999923706055,46.38999938964844,36480000,0,46.91080017089844,48.38279991149902,49.45879955291748,51.18573315938315,54.01856651306152,39102900.0,54055350.0,58506400.0,55995516.66666666,51838450.0,46.46200180053711,45.4020004272461,47.90399932861328,48.39599990844727,48.96799850463867,47.426399993896474,48.01639938354492,49.14959945678711,49.76999969482422,49.85479965209961,48.42399978637695,48.55159950256348,48.84079933166504,48.75319938659668,48.8661994934082,49.87289962768555,50.213599586486815,50.62049961090088,50.90949954986572,51.25029964447022,51.54526646931966,51.924399693806976,52.27673301696778,52.537399673461906,52.756399663289386,54.26419982910157,54.516099802652995,54.77196648915609,55.00079981486002,55.23356647491456,37983300.0,40862300.0,40861400.0,57559900.0,69007800.0,55759550.0,56865650.0,59805500.0,67481700.0,75050700.0,58500625.0,59197175.0,58174975.0,58881875.0,58969350.0,55692666.66666666,55835666.66666666,55028416.66666666,54989383.33333334,55334016.66666666,51577816.66666666,51298858.33333334,50829358.33333334,50673800.0,50574316.66666666,1
2019-05-16,45.89799880981445,46.20000076293945,45.29999923706055,45.66600036621094,37416500,0,46.36480026245117,48.0673999786377,49.02979965209961,50.76253318786621,53.771133168538405,39874800.0,48717350.0,59095600.0,55922833.33333334,51866883.33333334,46.38999938964844,46.46200180053711,45.4020004272461,47.90399932861328,48.39599990844727,46.91080017089844,47.426399993896474,48.01639938354492,49.14959945678711,49.76999969482422,48.38279991149902,48.42399978637695,48.55159950256348,48.84079933166504,48.75319938659668,49.45879955291748,49.87289962768555,50.213599586486815,50.62049961090088,50.90949954986572,51.18573315938315,51.54526646931966,51.924399693806976,52.27673301696778,52.537399673461906,54.01856651306152,54.26419982910157,54.516099802652995,54.77196648915609,55.00079981486002,39102900.0,37983300.0,40862300.0,40861400.0,57559900.0,54055350.0,55759550.0,56865650.0,59805500.0,67481700.0,58506400.0,58500625.0,59197175.0,58174975.0,58881875.0,55995516.66666666,55692666.66666666,55835666.66666666,55028416.66666666,54989383.33333334,51838450.0,51577816.66666666,51298858.33333334,50829358.33333334,50673800.0,1
2019-05-17,44.391998291015625,44.448001861572266,41.78400039672852,42.20600128173828,88933500,0,45.22520065307617,47.18740005493164,48.40749969482422,50.384199905395505,53.50379988352458,50653200.0,45757300.0,62073200.0,54933833.33333334,52606675.0,45.66600036621094,46.38999938964844,46.46200180053711,45.4020004272461,47.90399932861328,46.36480026245117,46.91080017089844,47.426399993896474,48.01639938354492,49.14959945678711,48.0673999786377,48.38279991149902,48.42399978637695,48.55159950256348,48.84079933166504,49.02979965209961,49.45879955291748,49.87289962768555,50.213599586486815,50.62049961090088,50.76253318786621,51.18573315938315,51.54526646931966,51.924399693806976,52.27673301696778,53.771133168538405,54.01856651306152,54.26419982910157,54.516099802652995,54.77196648915609,39874800.0,39102900.0,37983300.0,40862300.0,40861400.0,48717350.0,54055350.0,55759550.0,56865650.0,59805500.0,59095600.0,58506400.0,58500625.0,59197175.0,58174975.0,55922833.33333334,55995516.66666666,55692666.66666666,55835666.66666666,55028416.66666666,51866883.33333334,51838450.0,51577816.66666666,51298858.33333334,50829358.33333334,0
2019-05-20,40.560001373291016,41.20000076293945,39.04999923706055,41.071998596191406,102631000,0,44.359200286865224,46.18779983520508,47.83359966278076,49.92019983927409,53.20596650441488,60344600.0,50603450.0,64167975.0,56181816.66666666,53838808.33333334,42.20600128173828,45.66600036621094,46.38999938964844,46.46200180053711,45.4020004272461,45.22520065307617,46.36480026245117,46.91080017089844,47.426399993896474,48.01639938354492,47.18740005493164,48.0673999786377,48.38279991149902,48.42399978637695,48.55159950256348,48.40749969482422,49.02979965209961,49.45879955291748,49.87289962768555,50.213599586486815,50.384199905395505,50.76253318786621,51.18573315938315,51.54526646931966,51.924399693806976,53.50379988352458,53.771133168538405,54.01856651306152,54.26419982910157,54.516099802652995,50653200.0,39874800.0,39102900.0,37983300.0,40862300.0,45757300.0,48717350.0,54055350.0,55759550.0,56865650.0,62073200.0,59095600.0,58506400.0,58500625.0,59197175.0,54933833.33333334,55922833.33333334,55995516.66666666,55692666.66666666,55835666.66666666,52606675.0,51866883.33333334,51838450.0,51577816.66666666,51298858.33333334,1
2019-05-21,39.55199813842773,41.47999954223633,39.20800018310547,41.01599884033203,90019500,0,43.26999969482422,45.34819984436035,47.24539966583252,49.466066487630215,52.89366645812989,71096100.0,54539700.0,65932975.0,57447400.0,54786925.0,41.071998596191406,42.20600128173828,45.66600036621094,46.38999938964844,46.46200180053711,44.359200286865224,45.22520065307617,46.36480026245117,46.91080017089844,47.426399993896474,46.18779983520508,47.18740005493164,48.0673999786377,48.38279991149902,48.42399978637695,47.83359966278076,48.40749969482422,49.02979965209961,49.45879955291748,49.87289962768555,49.92019983927409,50.384199905395505,50.76253318786621,51.18573315938315,51.54526646931966,53.20596650441488,53.50379988352458,53.771133168538405,54.01856651306152,54.26419982910157,60344600.0,50653200.0,39874800.0,39102900.0,37983300.0,50603450.0,45757300.0,48717350.0,54055350.0,55759550.0,64167975.0,62073200.0,59095600.0,58506400.0,58500625.0,56181816.66666666,54933833.33333334,55922833.33333334,55995516.66666666,55692666.66666666,53838808.33333334,52606675.0,51866883.33333334,51838450.0,51577816.66666666,1
2019-05-22,39.81999969482422,40.78799819946289,38.35599899291992,38.54600143432617,93426000,1,41.701200103759774,44.3060001373291,46.586099815368655,48.93553314208985,52.5432331720988,82485300.0,60794100.0,67922400.0,59577600.0,55628816.66666666,41.01599884033203,41.071998596191406,42.20600128173828,45.66600036621094,46.38999938964844,43.26999969482422,44.359200286865224,45.22520065307617,46.36480026245117,46.91080017089844,45.34819984436035,46.18779983520508,47.18740005493164,48.0673999786377,48.38279991149902,47.24539966583252,47.83359966278076,48.40749969482422,49.02979965209961,49.45879955291748,49.466066487630215,49.92019983927409,50.384199905395505,50.76253318786621,51.18573315938315,52.89366645812989,53.20596650441488,53.50379988352458,53.771133168538405,54.01856651306152,71096100.0,60344600.0,50653200.0,39874800.0,39102900.0,54539700.0,50603450.0,45757300.0,48717350.0,54055350.0,65932975.0,64167975.0,62073200.0,59095600.0,58506400.0,57447400.0,56181816.66666666,54933833.33333334,55922833.33333334,55995516.66666666,54786925.0,53838808.33333334,52606675.0,51866883.33333334,51838450.0,1
2019-05-23,38.86800003051758,39.89400100708008,37.24399948120117,39.097999572753906,132735500,0,40.38759994506836,43.37620010375976,46.064699745178224,48.39839973449707,52.145733133951815,101549100.0,70711950.0,69096825.0,62825233.33333334,56909083.33333334,38.54600143432617,41.01599884033203,41.071998596191406,42.20600128173828,45.66600036621094,41.701200103759774,43.26999969482422,44.359200286865224,45.22520065307617,46.36480026245117,44.3060001373291,45.34819984436035,46.18779983520508,47.18740005493164,48.0673999786377,46.586099815368655,47.24539966583252,47.83359966278076,48.40749969482422,49.02979965209961,48.93553314208985,49.466066487630215,49.92019983927409,50.384199905395505,50.76253318786621,52.5432331720988,52.89366645812989,53.20596650441488,53.50379988352458,53.771133168538405,82485300.0,71096100.0,60344600.0,50653200.0,39874800.0,60794100.0,54539700.0,50603450.0,45757300.0,48717350.0,67922400.0,65932975.0,64167975.0,62073200.0,59095600.0,59577600.0,57447400.0,56181816.66666666,54933833.33333334,55922833.33333334,55628816.66666666,54786925.0,53838808.33333334,52606675.0,51866883.33333334,1
2019-05-24,39.96599960327149,39.99599838256836,37.75,38.1259994506836,70683000,0,39.57159957885742,42.398400115966794,45.61959972381592,47.87979977925618,51.714899762471525,97899000.0,74276100.0,67040800.0,63542016.66666666,57210408.33333334,39.097999572753906,38.54600143432617,41.01599884033203,41.071998596191406,42.20600128173828,40.38759994506836,41.701200103759774,43.26999969482422,44.359200286865224,45.22520065307617,43.37620010375976,44.3060001373291,45.34819984436035,46.18779983520508,47.18740005493164,46.064699745178224,46.586099815368655,47.24539966583252,47.83359966278076,48.40749969482422,48.39839973449707,48.93553314208985,49.466066487630215,49.92019983927409,50.384199905395505,52.145733133951815,52.5432331720988,52.89366645812989,53.20596650441488,53.50379988352458,101549100.0,82485300.0,71096100.0,60344600.0,50653200.0,70711950.0,60794100.0,54539700.0,50603450.0,45757300.0,69096825.0,67922400.0,65932975.0,64167975.0,62073200.0,62825233.33333334,59577600.0,57447400.0,56181816.66666666,54933833.33333334,56909083.33333334,55628816.66666666,54786925.0,53838808.33333334,52606675.0,1
2019-05-28,38.2400016784668,39.0,37.56999969482422,37.7400016784668,51564500,1,38.9052001953125,41.63220024108887,45.09189987182617,47.35313313802083,51.36126645406088,87685700.0,74015150.0,65440400.0,64136500.0,56160533.33333334,38.1259994506836,39.097999572753906,38.54600143432617,41.01599884033203,41.071998596191406,39.57159957885742,40.38759994506836,41.701200103759774,43.26999969482422,44.359200286865224,42.398400115966794,43.37620010375976,44.3060001373291,45.34819984436035,46.18779983520508,45.61959972381592,46.064699745178224,46.586099815368655,47.24539966583252,47.83359966278076,47.87979977925618,48.39839973449707,48.93553314208985,49.466066487630215,49.92019983927409,51.714899762471525,52.145733133951815,52.5432331720988,52.89366645812989,53.20596650441488,97899000.0,101549100.0,82485300.0,71096100.0,60344600.0,74276100.0,70711950.0,60794100.0,54539700.0,50603450.0,67040800.0,69096825.0,67922400.0,65932975.0,64167975.0,63542016.66666666,62825233.33333334,59577600.0,57447400.0,56181816.66666666,57210408.33333334,56909083.33333334,55628816.66666666,54786925.0,53838808.33333334,1
2019-05-29,37.41999816894531,38.47800064086914,37.007999420166016,37.97200012207031,59843000,0,38.296400451660155,40.783200073242185,44.60359992980957,46.84299977620444,51.042933146158845,81650400.0,76373250.0,66066400.0,64458166.66666666,55733183.33333334,37.7400016784668,38.1259994506836,39.097999572753906,38.54600143432617,41.01599884033203,38.9052001953125,39.57159957885742,40.38759994506836,41.701200103759774,43.26999969482422,41.63220024108887,42.398400115966794,43.37620010375976,44.3060001373291,45.34819984436035,45.09189987182617,45.61959972381592,46.064699745178224,46.586099815368655,47.24539966583252,47.35313313802083,47.87979977925618,48.39839973449707,48.93553314208985,49.466066487630215,51.36126645406088,51.714899762471525,52.145733133951815,52.5432331720988,52.89366645812989,87685700.0,97899000.0,101549100.0,82485300.0,71096100.0,74015150.0,74276100.0,70711950.0,60794100.0,54539700.0,65440400.0,67040800.0,69096825.0,67922400.0,65932975.0,64136500.0,63542016.66666666,62825233.33333334,59577600.0,57447400.0,56160533.33333334,57210408.33333334,56909083.33333334,55628816.66666666,54786925.0,1
2019-05-30,37.75,38.45199966430664,37.40399932861328,37.64400100708008,39632500,0,38.11600036621094,39.90860023498535,44.14570007324219,46.27539978027344,50.748533185323076,70891700.0,76688500.0,65371925.0,64567100.0,54830000.0,37.97200012207031,37.7400016784668,38.1259994506836,39.097999572753906,38.54600143432617,38.296400451660155,38.9052001953125,39.57159957885742,40.38759994506836,41.701200103759774,40.783200073242185,41.63220024108887,42.398400115966794,43.37620010375976,44.3060001373291,44.60359992980957,45.09189987182617,45.61959972381592,46.064699745178224,46.586099815368655,46.84299977620444,47.35313313802083,47.87979977925618,48.39839973449707,48.93553314208985,51.042933146158845,51.36126645406088,51.714899762471525,52.145733133951815,52.5432331720988,81650400.0,87685700.0,97899000.0,101549100.0,82485300.0,76373250.0,74015150.0,74276100.0,70711950.0,60794100.0,66066400.0,65440400.0,67040800.0,69096825.0,67922400.0,64458166.66666666,64136500.0,63542016.66666666,62825233.33333334,59577600.0,55733183.33333334,56160533.33333334,57210408.33333334,56909083.33333334,55628816.66666666,0
2019-05-31,37.02000045776367,37.98400115966797,36.81999969482422,37.03200149536133,52033500,0,37.70280075073242,39.04520034790039,43.55630016326904,45.7015998840332,50.44493319193521,54751300.0,78150200.0,63433775.0,65447133.33333334,54835933.33333334,37.64400100708008,37.97200012207031,37.7400016784668,38.1259994506836,39.097999572753906,38.11600036621094,38.296400451660155,38.9052001953125,39.57159957885742,40.38759994506836,39.90860023498535,40.783200073242185,41.63220024108887,42.398400115966794,43.37620010375976,44.14570007324219,44.60359992980957,45.09189987182617,45.61959972381592,46.064699745178224,46.27539978027344,46.84299977620444,47.35313313802083,47.87979977925618,48.39839973449707,50.748533185323076,51.042933146158845,51.36126645406088,51.714899762471525,52.145733133951815,70891700.0,81650400.0,87685700.0,97899000.0,101549100.0,76688500.0,76373250.0,74015150.0,74276100.0,70711950.0,65371925.0,66066400.0,65440400.0,67040800.0,69096825.0,64567100.0,64458166.66666666,64136500.0,63542016.66666666,62825233.33333334,54830000.0,55733183.33333334,56160533.33333334,57210408.33333334,56909083.33333334,0
2019-06-03,37.10200119018555,37.33599853515625,35.39799880981445,35.79399871826172,65322000,1,37.23640060424805,38.404000091552724,42.79570007324219,45.07299982706706,50.11953315734864,53679100.0,75789050.0,60773175.0,66645150.0,55137758.33333334,37.03200149536133,37.64400100708008,37.97200012207031,37.7400016784668,38.1259994506836,37.70280075073242,38.11600036621094,38.296400451660155,38.9052001953125,39.57159957885742,39.04520034790039,39.90860023498535,40.783200073242185,41.63220024108887,42.398400115966794,43.55630016326904,44.14570007324219,44.60359992980957,45.09189987182617,45.61959972381592,45.7015998840332,46.27539978027344,46.84299977620444,47.35313313802083,47.87979977925618,50.44493319193521,50.748533185323076,51.042933146158845,51.36126645406088,51.714899762471525,54751300.0,70891700.0,81650400.0,87685700.0,97899000.0,78150200.0,76688500.0,76373250.0,74015150.0,74276100.0,63433775.0,65371925.0,66066400.0,65440400.0,67040800.0,65447133.33333334,64567100.0,64458166.66666666,64136500.0,63542016.66666666,54835933.33333334,54830000.0,55733183.33333334,56160533.33333334,57210408.33333334,1
2019-06-04,36.22000122070313,38.79600143432617,35.92200088500977,38.72000122070313,69037500,1,37.43240051269531,38.168800354003906,42.178300094604495,44.611999893188475,49.817733192443846,57173700.0,72429700.0,61516575.0,66921883.33333334,55553416.66666666,35.79399871826172,37.03200149536133,37.64400100708008,37.97200012207031,37.7400016784668,37.23640060424805,37.70280075073242,38.11600036621094,38.296400451660155,38.9052001953125,38.404000091552724,39.04520034790039,39.90860023498535,40.783200073242185,41.63220024108887,42.79570007324219,43.55630016326904,44.14570007324219,44.60359992980957,45.09189987182617,45.07299982706706,45.7015998840332,46.27539978027344,46.84299977620444,47.35313313802083,50.11953315734864,50.44493319193521,50.748533185323076,51.042933146158845,51.36126645406088,53679100.0,54751300.0,70891700.0,81650400.0,87685700.0,75789050.0,78150200.0,76688500.0,76373250.0,74015150.0,60773175.0,63433775.0,65371925.0,66066400.0,65440400.0,66645150.0,65447133.33333334,64567100.0,64458166.66666666,64136500.0,55137758.33333334,54835933.33333334,54830000.0,55733183.33333334,56160533.33333334,0
2019-06-05,39.736000061035156,40.25600051879883,38.36999893188477,39.31800079345703,67554000,1,37.70160064697266,37.999000549316406,41.673600196838386,44.16326662699382,49.50329990386963,58715900.0,70183150.0,62361425.0,67349700.0,56063291.66666666,38.72000122070313,35.79399871826172,37.03200149536133,37.64400100708008,37.97200012207031,37.43240051269531,37.23640060424805,37.70280075073242,38.11600036621094,38.296400451660155,38.168800354003906,38.404000091552724,39.04520034790039,39.90860023498535,40.783200073242185,42.178300094604495,42.79570007324219,43.55630016326904,44.14570007324219,44.60359992980957,44.611999893188475,45.07299982706706,45.7015998840332,46.27539978027344,46.84299977620444,49.817733192443846,50.11953315734864,50.44493319193521,50.748533185323076,51.042933146158845,57173700.0,53679100.0,54751300.0,70891700.0,81650400.0,72429700.0,75789050.0,78150200.0,76688500.0,76373250.0,61516575.0,60773175.0,63433775.0,65371925.0,66066400.0,66921883.33333334,66645150.0,65447133.33333334,64567100.0,64458166.66666666,55553416.66666666,55137758.33333334,54835933.33333334,54830000.0,55733183.33333334,1
2019-06-06,40.88800048828125,42.20000076293945,40.36000061035156,41.18999862670898,101211000,0,38.41080017089844,38.26340026855469,41.28470020294189,43.811866633097324,49.24526653289795,71031600.0,70961650.0,65877875.0,68935483.33333333,57124800.0,39.31800079345703,38.72000122070313,35.79399871826172,37.03200149536133,37.64400100708008,37.70160064697266,37.43240051269531,37.23640060424805,37.70280075073242,38.11600036621094,37.999000549316406,38.168800354003906,38.404000091552724,39.04520034790039,39.90860023498535,41.673600196838386,42.178300094604495,42.79570007324219,43.55630016326904,44.14570007324219,44.16326662699382,44.611999893188475,45.07299982706706,45.7015998840332,46.27539978027344,49.50329990386963,49.817733192443846,50.11953315734864,50.44493319193521,50.748533185323076,58715900.0,57173700.0,53679100.0,54751300.0,70891700.0,70183150.0,72429700.0,75789050.0,78150200.0,76688500.0,62361425.0,61516575.0,60773175.0,63433775.0,65371925.0,67349700.0,66921883.33333334,66645150.0,65447133.33333334,64567100.0,56063291.66666666,55553416.66666666,55137758.33333334,54835933.33333334,54830000.0,1
2019-06-07,41.0,42.16799926757813,40.70000076293945,40.900001525878906,80017500,1,39.18440017700196,38.443600463867185,40.90990028381348,43.524333318074554,48.96373322804769,76628400.0,65689850.0,68200900.0,67961166.66666667,57888033.33333334,41.18999862670898,39.31800079345703,38.72000122070313,35.79399871826172,37.03200149536133,38.41080017089844,37.70160064697266,37.43240051269531,37.23640060424805,37.70280075073242,38.26340026855469,37.999000549316406,38.168800354003906,38.404000091552724,39.04520034790039,41.28470020294189,41.673600196838386,42.178300094604495,42.79570007324219,43.55630016326904,43.811866633097324,44.16326662699382,44.611999893188475,45.07299982706706,45.7015998840332,49.24526653289795,49.50329990386963,49.817733192443846,50.11953315734864,50.44493319193521,71031600.0,58715900.0,57173700.0,53679100.0,54751300.0,70961650.0,70183150.0,72429700.0,75789050.0,78150200.0,65877875.0,62361425.0,61516575.0,60773175.0,63433775.0,68935483.33333333,67349700.0,66921883.33333334,66645150.0,65447133.33333334,57124800.0,56063291.66666666,55553416.66666666,55137758.33333334,54835933.33333334,1
2019-06-10,42.04999923706055,43.38800048828125,41.80199813842773,42.57600021362305,52925000,1,40.54080047607422,38.888600540161136,40.64350032806397,43.37593332926431,48.70679988861084,74149000.0,63914050.0,69095075.0,65998550.0,58178166.66666666,40.900001525878906,41.18999862670898,39.31800079345703,38.72000122070313,35.79399871826172,39.18440017700196,38.41080017089844,37.70160064697266,37.43240051269531,37.23640060424805,38.443600463867185,38.26340026855469,37.999000549316406,38.168800354003906,38.404000091552724,40.90990028381348,41.28470020294189,41.673600196838386,42.178300094604495,42.79570007324219,43.524333318074554,43.811866633097324,44.16326662699382,44.611999893188475,45.07299982706706,48.96373322804769,49.24526653289795,49.50329990386963,49.817733192443846,50.11953315734864,76628400.0,71031600.0,58715900.0,57173700.0,53679100.0,65689850.0,70961650.0,70183150.0,72429700.0,75789050.0,68200900.0,65877875.0,62361425.0,61516575.0,60773175.0,67961166.66666667,68935483.33333333,67349700.0,66921883.33333334,66645150.0,57888033.33333334,57124800.0,56063291.66666666,55553416.66666666,55137758.33333334,1
2019-06-11,43.82799911499024,44.18000030517578,42.70000076293945,43.41999816894531,58267500,0,41.48079986572266,39.45660018920898,40.54440021514893,43.21346664428711,48.512366549174,71995000.0,64584350.0,69299750.0,65155050.0,57917166.66666666,42.57600021362305,40.900001525878906,41.18999862670898,39.31800079345703,38.72000122070313,40.54080047607422,39.18440017700196,38.41080017089844,37.70160064697266,37.43240051269531,38.888600540161136,38.443600463867185,38.26340026855469,37.999000549316406,38.168800354003906,40.64350032806397,40.90990028381348,41.28470020294189,41.673600196838386,42.178300094604495,43.37593332926431,43.524333318074554,43.811866633097324,44.16326662699382,44.611999893188475,48.70679988861084,48.96373322804769,49.24526653289795,49.50329990386963,49.817733192443846,74149000.0,76628400.0,71031600.0,58715900.0,57173700.0,63914050.0,65689850.0,70961650.0,70183150.0,72429700.0,69095075.0,68200900.0,65877875.0,62361425.0,61516575.0,65998550.0,67961166.66666667,68935483.33333333,67349700.0,66921883.33333334,58178166.66666666,57888033.33333334,57124800.0,56063291.66666666,55553416.66666666,1
2019-06-12,44.59000015258789,44.67599868774414,41.79999923706055,41.85200119018555,75987500,1,41.98759994506836,39.84460029602051,40.31390018463135,43.017266718546544,48.31159992218018,73681700.0,66198800.0,71286025.0,66110533.33333334,58326875.0,43.41999816894531,42.57600021362305,40.900001525878906,41.18999862670898,39.31800079345703,41.48079986572266,40.54080047607422,39.18440017700196,38.41080017089844,37.70160064697266,39.45660018920898,38.888600540161136,38.443600463867185,38.26340026855469,37.999000549316406,40.54440021514893,40.64350032806397,40.90990028381348,41.28470020294189,41.673600196838386,43.21346664428711,43.37593332926431,43.524333318074554,43.811866633097324,44.16326662699382,48.512366549174,48.70679988861084,48.96373322804769,49.24526653289795,49.50329990386963,71995000.0,74149000.0,76628400.0,71031600.0,58715900.0,64584350.0,63914050.0,65689850.0,70961650.0,70183150.0,69299750.0,69095075.0,68200900.0,65877875.0,62361425.0,65155050.0,65998550.0,67961166.66666667,68935483.33333333,67349700.0,57917166.66666666,58178166.66666666,57888033.33333334,57124800.0,56063291.66666666,1
2019-06-13,42.07600021362305,42.97999954223633,41.50199890136719,42.78200149536133,40841500,1,42.306000518798825,40.35840034484863,40.133500289917,42.883266830444335,48.13306662241618,61607800.0,66319700.0,71504100.0,65687850.0,58024183.33333334,41.85200119018555,43.41999816894531,42.57600021362305,40.900001525878906,41.18999862670898,41.98759994506836,41.48079986572266,40.54080047607422,39.18440017700196,38.41080017089844,39.84460029602051,39.45660018920898,38.888600540161136,38.443600463867185,38.26340026855469,40.31390018463135,40.54440021514893,40.64350032806397,40.90990028381348,41.28470020294189,43.017266718546544,43.21346664428711,43.37593332926431,43.524333318074554,43.811866633097324,48.31159992218018,48.512366549174,48.70679988861084,48.96373322804769,49.24526653289795,73681700.0,71995000.0,74149000.0,76628400.0,71031600.0,66198800.0,64584350.0,63914050.0,65689850.0,70961650.0,71286025.0,69299750.0,69095075.0,68200900.0,65877875.0,66110533.33333334,65155050.0,65998550.0,67961166.66666667,68935483.33333333,58326875.0,57917166.66666666,58178166.66666666,57888033.33333334,57124800.0,0
2019-06-14,42.25,43.33000183105469,42.08000183105469,42.98400115966797,37167000,1,42.72280044555664,40.953600311279295,39.999400329589854,42.68873354593913,47.937466621398926,53037700.0,64833050.0,71491625.0,63900200.0,58067950.0,42.78200149536133,41.85200119018555,43.41999816894531,42.57600021362305,40.900001525878906,42.306000518798825,41.98759994506836,41.48079986572266,40.54080047607422,39.18440017700196,40.35840034484863,39.84460029602051,39.45660018920898,38.888600540161136,38.443600463867185,40.133500289917,40.31390018463135,40.54440021514893,40.64350032806397,40.90990028381348,42.883266830444335,43.017266718546544,43.21346664428711,43.37593332926431,43.524333318074554,48.13306662241618,48.31159992218018,48.512366549174,48.70679988861084,48.96373322804769,61607800.0,73681700.0,71995000.0,74149000.0,76628400.0,66319700.0,66198800.0,64584350.0,63914050.0,65689850.0,71504100.0,71286025.0,69299750.0,69095075.0,68200900.0,65687850.0,66110533.33333334,65155050.0,65998550.0,67961166.66666667,58024183.33333334,58326875.0,57917166.66666666,58178166.66666666,57888033.33333334,1
2019-06-17,43.09600067138672,45.4000015258789,42.854000091552734,45.00600051879883,61584000,0,43.2088005065918,41.874800491333005,40.13940029144287,42.488733545939134,47.77416661580404,54769500.0,64459250.0,70124150.0,62001866.66666666,58598758.33333334,42.98400115966797,42.78200149536133,41.85200119018555,43.41999816894531,42.57600021362305,42.72280044555664,42.306000518798825,41.98759994506836,41.48079986572266,40.54080047607422,40.953600311279295,40.35840034484863,39.84460029602051,39.45660018920898,38.888600540161136,39.999400329589854,40.133500289917,40.31390018463135,40.54440021514893,40.64350032806397,42.68873354593913,42.883266830444335,43.017266718546544,43.21346664428711,43.37593332926431,47.937466621398926,48.13306662241618,48.31159992218018,48.512366549174,48.70679988861084,53037700.0,61607800.0,73681700.0,71995000.0,74149000.0,64833050.0,66319700.0,66198800.0,64584350.0,63914050.0,71491625.0,71504100.0,71286025.0,69299750.0,69095075.0,63900200.0,65687850.0,66110533.33333334,65155050.0,65998550.0,58067950.0,58024183.33333334,58326875.0,57917166.66666666,58178166.66666666,0
2019-06-18,45.74399948120117,46.94800186157226,44.512001037597656,44.948001861572266,63579000,1,43.514401245117185,42.49760055541992,40.33320045471192,42.284733581542966,47.64153334299725,55831800.0,63913400.0,68171550.0,62315516.66666666,58929608.33333334,45.00600051879883,42.98400115966797,42.78200149536133,41.85200119018555,43.41999816894531,43.2088005065918,42.72280044555664,42.306000518798825,41.98759994506836,41.48079986572266,41.874800491333005,40.953600311279295,40.35840034484863,39.84460029602051,39.45660018920898,40.13940029144287,39.999400329589854,40.133500289917,40.31390018463135,40.54440021514893,42.488733545939134,42.68873354593913,42.883266830444335,43.017266718546544,43.21346664428711,47.77416661580404,47.937466621398926,48.13306662241618,48.31159992218018,48.512366549174,54769500.0,53037700.0,61607800.0,73681700.0,71995000.0,64459250.0,64833050.0,66319700.0,66198800.0,64584350.0,70124150.0,71491625.0,71504100.0,71286025.0,69299750.0,62001866.66666666,63900200.0,65687850.0,66110533.33333334,65155050.0,58598758.33333334,58067950.0,58024183.33333334,58326875.0,57917166.66666666,0
2019-06-19,45.02199935913086,45.55400085449219,44.21200180053711,45.2859992980957,32875500,0,44.20120086669922,43.09440040588379,40.546700477600105,42.14720026652018,47.52823333740234,47209400.0,60445550.0,65314350.0,61722800.0,58626283.33333334,44.948001861572266,45.00600051879883,42.98400115966797,42.78200149536133,41.85200119018555,43.514401245117185,43.2088005065918,42.72280044555664,42.306000518798825,41.98759994506836,42.49760055541992,41.874800491333005,40.953600311279295,40.35840034484863,39.84460029602051,40.33320045471192,40.13940029144287,39.999400329589854,40.133500289917,40.31390018463135,42.284733581542966,42.488733545939134,42.68873354593913,42.883266830444335,43.017266718546544,47.64153334299725,47.77416661580404,47.937466621398926,48.13306662241618,48.31159992218018,55831800.0,54769500.0,53037700.0,61607800.0,73681700.0,63913400.0,64459250.0,64833050.0,66319700.0,66198800.0,68171550.0,70124150.0,71491625.0,71504100.0,71286025.0,62315516.66666666,62001866.66666666,63900200.0,65687850.0,66110533.33333334,58929608.33333334,58598758.33333334,58067950.0,58024183.33333334,58326875.0,1
2019-06-20,44.599998474121094,45.38000106811523,43.27000045776367,43.92399978637695,59317500,1,44.42960052490234,43.367800521850576,40.815600395202644,41.97906697591146,47.36773331960042,50904600.0,56256200.0,63608925.0,62670650.0,59002333.33333334,45.2859992980957,44.948001861572266,45.00600051879883,42.98400115966797,42.78200149536133,44.20120086669922,43.514401245117185,43.2088005065918,42.72280044555664,42.306000518798825,43.09440040588379,42.49760055541992,41.874800491333005,40.953600311279295,40.35840034484863,40.546700477600105,40.33320045471192,40.13940029144287,39.999400329589854,40.133500289917,42.14720026652018,42.284733581542966,42.488733545939134,42.68873354593913,42.883266830444335,47.52823333740234,47.64153334299725,47.77416661580404,47.937466621398926,48.13306662241618,47209400.0,55831800.0,54769500.0,53037700.0,61607800.0,60445550.0,63913400.0,64459250.0,64833050.0,66319700.0,65314350.0,68171550.0,70124150.0,71491625.0,71504100.0,61722800.0,62315516.66666666,62001866.66666666,63900200.0,65687850.0,58626283.33333334,58929608.33333334,58598758.33333334,58067950.0,58024183.33333334,1
2019-06-21,43.24399948120117,44.43600082397461,43.099998474121094,44.37200164794922,41010500,1,44.7072006225586,43.715000534057616,41.0793004989624,41.84493370056153,47.191166687011716,51673300.0,52355500.0,59022675.0,62919100.0,58954241.66666666,43.92399978637695,45.2859992980957,44.948001861572266,45.00600051879883,42.98400115966797,44.42960052490234,44.20120086669922,43.514401245117185,43.2088005065918,42.72280044555664,43.367800521850576,43.09440040588379,42.49760055541992,41.874800491333005,40.953600311279295,40.815600395202644,40.546700477600105,40.33320045471192,40.13940029144287,39.999400329589854,41.97906697591146,42.14720026652018,42.284733581542966,42.488733545939134,42.68873354593913,47.36773331960042,47.52823333740234,47.64153334299725,47.77416661580404,47.937466621398926,50904600.0,47209400.0,55831800.0,54769500.0,53037700.0,56256200.0,60445550.0,63913400.0,64459250.0,64833050.0,63608925.0,65314350.0,68171550.0,70124150.0,71491625.0,62670650.0,61722800.0,62315516.66666666,62001866.66666666,63900200.0,59002333.33333334,58626283.33333334,58929608.33333334,58598758.33333334,58067950.0,1
2019-06-24,44.64799880981445,45.17200088500977,44.20399856567383,44.72800064086914,28754000,0,44.651600646972646,43.93020057678223,41.40940055847168,41.73906707763672,47.00790004730224,45107300.0,49938400.0,56926225.0,62709516.66666666,58868966.66666666,44.37200164794922,43.92399978637695,45.2859992980957,44.948001861572266,45.00600051879883,44.7072006225586,44.42960052490234,44.20120086669922,43.514401245117185,43.2088005065918,43.715000534057616,43.367800521850576,43.09440040588379,42.49760055541992,41.874800491333005,41.0793004989624,40.815600395202644,40.546700477600105,40.33320045471192,40.13940029144287,41.84493370056153,41.97906697591146,42.14720026652018,42.284733581542966,42.488733545939134,47.191166687011716,47.36773331960042,47.52823333740234,47.64153334299725,47.77416661580404,51673300.0,50904600.0,47209400.0,55831800.0,54769500.0,52355500.0,56256200.0,60445550.0,63913400.0,64459250.0,59022675.0,63608925.0,65314350.0,68171550.0,70124150.0,62919100.0,62670650.0,61722800.0,62315516.66666666,62001866.66666666,58954241.66666666,59002333.33333334,58626283.33333334,58929608.33333334,58598758.33333334,1
2019-06-25,44.87799835205078,45.06800079345703,43.89799880981445,43.95199966430664,30910500,0,44.45240020751953,43.98340072631836,41.72000045776368,41.69073371887207,46.80756670633952,38573600.0,47202700.0,55893525.0,61934066.66666666,58884866.66666666,44.72800064086914,44.37200164794922,43.92399978637695,45.2859992980957,44.948001861572266,44.651600646972646,44.7072006225586,44.42960052490234,44.20120086669922,43.514401245117185,43.93020057678223,43.715000534057616,43.367800521850576,43.09440040588379,42.49760055541992,41.40940055847168,41.0793004989624,40.815600395202644,40.546700477600105,40.33320045471192,41.73906707763672,41.84493370056153,41.97906697591146,42.14720026652018,42.284733581542966,47.00790004730224,47.191166687011716,47.36773331960042,47.52823333740234,47.64153334299725,45107300.0,51673300.0,50904600.0,47209400.0,55831800.0,49938400.0,52355500.0,56256200.0,60445550.0,63913400.0,56926225.0,59022675.0,63608925.0,65314350.0,68171550.0,62709516.66666666,62919100.0,62670650.0,61722800.0,62315516.66666666,58868966.66666666,58954241.66666666,59002333.33333334,58626283.33333334,58929608.33333334,1
2019-06-26,44.0620002746582,45.44599914550781,43.61999893188477,43.854000091552734,42536000,1,44.16600036621094,44.18360061645508,42.01410045623779,41.60380032857259,46.574533398946116,40505700.0,43857550.0,55028175.0,62143200.0,58917933.33333334,43.95199966430664,44.72800064086914,44.37200164794922,43.92399978637695,45.2859992980957,44.45240020751953,44.651600646972646,44.7072006225586,44.42960052490234,44.20120086669922,43.98340072631836,43.93020057678223,43.715000534057616,43.367800521850576,43.09440040588379,41.72000045776368,41.40940055847168,41.0793004989624,40.815600395202644,40.546700477600105,41.69073371887207,41.73906707763672,41.84493370056153,41.97906697591146,42.14720026652018,46.80756670633952,47.00790004730224,47.191166687011716,47.36773331960042,47.52823333740234,38573600.0,45107300.0,51673300.0,50904600.0,47209400.0,47202700.0,49938400.0,52355500.0,56256200.0,60445550.0,55893525.0,56926225.0,59022675.0,63608925.0,65314350.0,61934066.66666666,62709516.66666666,62919100.0,62670650.0,61722800.0,58884866.66666666,58868966.66666666,58954241.66666666,59002333.33333334,58626283.33333334,1
2019-06-27,43.88999938964844,44.58000183105469,43.47000122070313,44.56800079345703,31698500,1,44.29480056762695,44.362200546264646,42.36030044555664,41.54306704203288,46.36440010070801,34981900.0,42943250.0,54631475.0,61983816.66666666,58989666.66666666,43.854000091552734,43.95199966430664,44.72800064086914,44.37200164794922,43.92399978637695,44.16600036621094,44.45240020751953,44.651600646972646,44.7072006225586,44.42960052490234,44.18360061645508,43.98340072631836,43.93020057678223,43.715000534057616,43.367800521850576,42.01410045623779,41.72000045776368,41.40940055847168,41.0793004989624,40.815600395202644,41.60380032857259,41.69073371887207,41.73906707763672,41.84493370056153,41.97906697591146,46.574533398946116,46.80756670633952,47.00790004730224,47.191166687011716,47.36773331960042,40505700.0,38573600.0,45107300.0,51673300.0,50904600.0,43857550.0,47202700.0,49938400.0,52355500.0,56256200.0,55028175.0,55893525.0,56926225.0,59022675.0,63608925.0,62143200.0,61934066.66666666,62709516.66666666,62919100.0,62670650.0,58917933.33333334,58884866.66666666,58868966.66666666,58954241.66666666,59002333.33333334,1
2019-06-28,44.198001861572266,45.03400039672852,44.15999984741211,44.69200134277344,34257000,1,44.3588005065918,44.533000564575204,42.74330043792725,41.5106004079183,46.13656679789224,33631200.0,42652250.0,53742650.0,61878500.0,58900666.66666666,44.56800079345703,43.854000091552734,43.95199966430664,44.72800064086914,44.37200164794922,44.29480056762695,44.16600036621094,44.45240020751953,44.651600646972646,44.7072006225586,44.362200546264646,44.18360061645508,43.98340072631836,43.93020057678223,43.715000534057616,42.36030044555664,42.01410045623779,41.72000045776368,41.40940055847168,41.0793004989624,41.54306704203288,41.60380032857259,41.69073371887207,41.73906707763672,41.84493370056153,46.36440010070801,46.574533398946116,46.80756670633952,47.00790004730224,47.191166687011716,34981900.0,40505700.0,38573600.0,45107300.0,51673300.0,42943250.0,43857550.0,47202700.0,49938400.0,52355500.0,54631475.0,55028175.0,55893525.0,56926225.0,59022675.0,61983816.66666666,62143200.0,61934066.66666666,62709516.66666666,62919100.0,58989666.66666666,58917933.33333334,58884866.66666666,58868966.66666666,58954241.66666666,1
2019-07-01,46.04199981689453,46.61999893188477,45.25600051879883,45.433998107910156,41067000,0,44.5,44.57580032348633,43.22530040740967,41.61820030212402,46.00120010375976,36093800.0,40600550.0,52529900.0,60282950.0,57608391.66666666,44.69200134277344,44.56800079345703,43.854000091552734,43.95199966430664,44.72800064086914,44.3588005065918,44.29480056762695,44.16600036621094,44.45240020751953,44.651600646972646,44.533000564575204,44.362200546264646,44.18360061645508,43.98340072631836,43.93020057678223,42.74330043792725,42.36030044555664,42.01410045623779,41.72000045776368,41.40940055847168,41.5106004079183,41.54306704203288,41.60380032857259,41.69073371887207,41.73906707763672,46.13656679789224,46.36440010070801,46.574533398946116,46.80756670633952,47.00790004730224,33631200.0,34981900.0,40505700.0,38573600.0,45107300.0,42652250.0,42943250.0,43857550.0,47202700.0,49938400.0,53742650.0,54631475.0,55028175.0,55893525.0,56926225.0,61878500.0,61983816.66666666,62143200.0,61934066.66666666,62709516.66666666,58900666.66666666,58989666.66666666,58917933.33333334,58884866.66666666,58868966.66666666,0
2019-07-02,45.77799987792969,45.83000183105469,44.44400024414063,44.90999984741211,46295000,1,44.691600036621104,44.57200012207032,43.534800338745114,41.746133677164714,45.83316675821939,39170700.0,38872150.0,51392775.0,58405083.33333334,57293450.0,45.433998107910156,44.69200134277344,44.56800079345703,43.854000091552734,43.95199966430664,44.5,44.3588005065918,44.29480056762695,44.16600036621094,44.45240020751953,44.57580032348633,44.533000564575204,44.362200546264646,44.18360061645508,43.98340072631836,43.22530040740967,42.74330043792725,42.36030044555664,42.01410045623779,41.72000045776368,41.61820030212402,41.5106004079183,41.54306704203288,41.60380032857259,41.69073371887207,46.00120010375976,46.13656679789224,46.36440010070801,46.574533398946116,46.80756670633952,36093800.0,33631200.0,34981900.0,40505700.0,38573600.0,40600550.0,42652250.0,42943250.0,43857550.0,47202700.0,52529900.0,53742650.0,54631475.0,55028175.0,55893525.0,60282950.0,61878500.0,61983816.66666666,62143200.0,61934066.66666666,57608391.66666666,58900666.66666666,58989666.66666666,58917933.33333334,58884866.66666666,0
2019-07-03,47.87799835205078,48.31399917602539,46.9020004272461,46.97999954223633,71005500,0,45.31679992675781,44.74140014648437,43.91790027618409,41.94493370056152,45.70550009409587,44864600.0,42685150.0,51565350.0,57771283.33333334,57609341.66666666,44.90999984741211,45.433998107910156,44.69200134277344,44.56800079345703,43.854000091552734,44.691600036621104,44.5,44.3588005065918,44.29480056762695,44.16600036621094,44.57200012207032,44.57580032348633,44.533000564575204,44.362200546264646,44.18360061645508,43.534800338745114,43.22530040740967,42.74330043792725,42.36030044555664,42.01410045623779,41.746133677164714,41.61820030212402,41.5106004079183,41.54306704203288,41.60380032857259,45.83316675821939,46.00120010375976,46.13656679789224,46.36440010070801,46.574533398946116,39170700.0,36093800.0,33631200.0,34981900.0,40505700.0,38872150.0,40600550.0,42652250.0,42943250.0,43857550.0,51392775.0,52529900.0,53742650.0,54631475.0,55028175.0,58405083.33333334,60282950.0,61878500.0,61983816.66666666,62143200.0,57293450.0,57608391.66666666,58900666.66666666,58989666.66666666,58917933.33333334,0
2019-07-05,46.91400146484375,47.09000015258789,46.15999984741211,46.61999893188477,35328500,0,45.72719955444336,45.011000061035155,44.18940029144287,42.214066950480145,45.57480004628499,45590600.0,40286250.0,48271225.0,55834700.0,57706150.0,46.97999954223633,44.90999984741211,45.433998107910156,44.69200134277344,44.56800079345703,45.31679992675781,44.691600036621104,44.5,44.3588005065918,44.29480056762695,44.74140014648437,44.57200012207032,44.57580032348633,44.533000564575204,44.362200546264646,43.91790027618409,43.534800338745114,43.22530040740967,42.74330043792725,42.36030044555664,41.94493370056152,41.746133677164714,41.61820030212402,41.5106004079183,41.54306704203288,45.70550009409587,45.83316675821939,46.00120010375976,46.13656679789224,46.36440010070801,44864600.0,39170700.0,36093800.0,33631200.0,34981900.0,42685150.0,38872150.0,40600550.0,42652250.0,42943250.0,51565350.0,51392775.0,52529900.0,53742650.0,54631475.0,57771283.33333334,58405083.33333334,60282950.0,61878500.0,61983816.66666666,57609341.66666666,57293450.0,57608391.66666666,58900666.66666666,58989666.66666666,1
2019-07-08,46.24800109863281,46.45000076293945,45.73199844360352,46.06800079345703,29402500,0,46.00239944458008,45.180599975585935,44.44780025482178,42.44640032450358,45.422400029500324,44619700.0,39125450.0,45740475.0,52390266.66666666,57607750.0,46.61999893188477,46.97999954223633,44.90999984741211,45.433998107910156,44.69200134277344,45.72719955444336,45.31679992675781,44.691600036621104,44.5,44.3588005065918,45.011000061035155,44.74140014648437,44.57200012207032,44.57580032348633,44.533000564575204,44.18940029144287,43.91790027618409,43.534800338745114,43.22530040740967,42.74330043792725,42.214066950480145,41.94493370056152,41.746133677164714,41.61820030212402,41.5106004079183,45.57480004628499,45.70550009409587,45.83316675821939,46.00120010375976,46.13656679789224,45590600.0,44864600.0,39170700.0,36093800.0,33631200.0,40286250.0,42685150.0,38872150.0,40600550.0,42652250.0,48271225.0,51565350.0,51392775.0,52529900.0,53742650.0,55834700.0,57771283.33333334,58405083.33333334,60282950.0,61878500.0,57706150.0,57609341.66666666,57293450.0,57608391.66666666,58900666.66666666,1
2019-07-09,45.79399871826172,46.20000076293945,45.45600128173828,46.012001037597656,30954000,1,46.11800003051758,45.30900001525879,44.61960029602051,42.70926704406738,45.294533411661774,42597100.0,39345450.0,44641925.0,51065966.66666666,57303991.66666666,46.06800079345703,46.61999893188477,46.97999954223633,44.90999984741211,45.433998107910156,46.00239944458008,45.72719955444336,45.31679992675781,44.691600036621104,44.5,45.180599975585935,45.011000061035155,44.74140014648437,44.57200012207032,44.57580032348633,44.44780025482178,44.18940029144287,43.91790027618409,43.534800338745114,43.22530040740967,42.44640032450358,42.214066950480145,41.94493370056152,41.746133677164714,41.61820030212402,45.422400029500324,45.57480004628499,45.70550009409587,45.83316675821939,46.00120010375976,44619700.0,45590600.0,44864600.0,39170700.0,36093800.0,39125450.0,40286250.0,42685150.0,38872150.0,40600550.0,45740475.0,48271225.0,51565350.0,51392775.0,52529900.0,52390266.66666666,55834700.0,57771283.33333334,58405083.33333334,60282950.0,57607750.0,57706150.0,57609341.66666666,57293450.0,57608391.66666666,1
2019-07-10,46.83000183105469,47.78799819946289,46.62799835205078,47.78400039672852,45728500,0,46.69280014038086,45.692200088500975,44.83780040740967,43.044067001342775,45.198600069681795,42483800.0,40827250.0,44014975.0,50871433.33333334,57503966.66666666,46.012001037597656,46.06800079345703,46.61999893188477,46.97999954223633,44.90999984741211,46.11800003051758,46.00239944458008,45.72719955444336,45.31679992675781,44.691600036621104,45.30900001525879,45.180599975585935,45.011000061035155,44.74140014648437,44.57200012207032,44.61960029602051,44.44780025482178,44.18940029144287,43.91790027618409,43.534800338745114,42.70926704406738,42.44640032450358,42.214066950480145,41.94493370056152,41.746133677164714,45.294533411661774,45.422400029500324,45.57480004628499,45.70550009409587,45.83316675821939,42597100.0,44619700.0,45590600.0,44864600.0,39170700.0,39345450.0,39125450.0,40286250.0,42685150.0,38872150.0,44641925.0,45740475.0,48271225.0,51565350.0,51392775.0,51065966.66666666,52390266.66666666,55834700.0,57771283.33333334,58405083.33333334,57303991.66666666,57607750.0,57706150.0,57609341.66666666,57293450.0,1
2019-07-11,47.62799835205078,48.29999923706055,47.15999984741211,47.72000122070313,37572000,1,46.84080047607422,46.07880020141602,45.13120040893555,43.369000371297204,45.10600007375081,35797100.0,40330850.0,42094200.0,50129066.66666666,57293616.66666666,47.78400039672852,46.012001037597656,46.06800079345703,46.61999893188477,46.97999954223633,46.69280014038086,46.11800003051758,46.00239944458008,45.72719955444336,45.31679992675781,45.692200088500975,45.30900001525879,45.180599975585935,45.011000061035155,44.74140014648437,44.83780040740967,44.61960029602051,44.44780025482178,44.18940029144287,43.91790027618409,43.044067001342775,42.70926704406738,42.44640032450358,42.214066950480145,41.94493370056152,45.198600069681795,45.294533411661774,45.422400029500324,45.57480004628499,45.70550009409587,42483800.0,42597100.0,44619700.0,45590600.0,44864600.0,40827250.0,39345450.0,39125450.0,40286250.0,42685150.0,44014975.0,44641925.0,45740475.0,48271225.0,51565350.0,50871433.33333334,51065966.66666666,52390266.66666666,55834700.0,57771283.33333334,57503966.66666666,57303991.66666666,57607750.0,57706150.0,57609341.66666666,1
2019-07-12,47.95000076293945,49.07600021362305,47.94200134277344,49.01599884033203,46002500,1,47.32000045776367,46.52360000610353,45.44290027618408,43.748066965738936,45.011733373006194,37931900.0,41761250.0,42352250.0,50341400.0,57454250.0,47.72000122070313,47.78400039672852,46.012001037597656,46.06800079345703,46.61999893188477,46.84080047607422,46.69280014038086,46.11800003051758,46.00239944458008,45.72719955444336,46.07880020141602,45.692200088500975,45.30900001525879,45.180599975585935,45.011000061035155,45.13120040893555,44.83780040740967,44.61960029602051,44.44780025482178,44.18940029144287,43.369000371297204,43.044067001342775,42.70926704406738,42.44640032450358,42.214066950480145,45.10600007375081,45.198600069681795,45.294533411661774,45.422400029500324,45.57480004628499,35797100.0,42483800.0,42597100.0,44619700.0,45590600.0,40330850.0,40827250.0,39345450.0,39125450.0,40286250.0,42094200.0,44014975.0,44641925.0,45740475.0,48271225.0,50129066.66666666,50871433.33333334,51065966.66666666,52390266.66666666,55834700.0,57293616.66666666,57503966.66666666,57303991.66666666,57607750.0,57706150.0,1
2019-07-15,49.599998474121094,50.88399887084961,48.97200012207031,50.70000076293945,55000500,0,48.24640045166016,47.12439994812011,45.82870025634766,44.20366694132486,44.95263341267904,43051500.0,43835600.0,43243925.0,50440300.0,57943716.66666666,49.01599884033203,47.72000122070313,47.78400039672852,46.012001037597656,46.06800079345703,47.32000045776367,46.84080047607422,46.69280014038086,46.11800003051758,46.00239944458008,46.52360000610353,46.07880020141602,45.692200088500975,45.30900001525879,45.180599975585935,45.44290027618408,45.13120040893555,44.83780040740967,44.61960029602051,44.44780025482178,43.748066965738936,43.369000371297204,43.044067001342775,42.70926704406738,42.44640032450358,45.011733373006194,45.10600007375081,45.198600069681795,45.294533411661774,45.422400029500324,37931900.0,35797100.0,42483800.0,42597100.0,44619700.0,41761250.0,40330850.0,40827250.0,39345450.0,39125450.0,42352250.0,42094200.0,44014975.0,44641925.0,45740475.0,50341400.0,50129066.66666666,50871433.33333334,51065966.66666666,52390266.66666666,57454250.0,57293616.66666666,57503966.66666666,57303991.66666666,57607750.0,1
2019-07-16,49.86000061035156,50.70600128173828,49.58599853515625,50.47600173950195,40745000,1,49.13920059204101,47.6286003112793,46.10220031738281,44.69306704203288,44.88303343454997,45009700.0,43803400.0,42201975.0,49621066.66666666,58133108.33333334,50.70000076293945,49.01599884033203,47.72000122070313,47.78400039672852,46.012001037597656,48.24640045166016,47.32000045776367,46.84080047607422,46.69280014038086,46.11800003051758,47.12439994812011,46.52360000610353,46.07880020141602,45.692200088500975,45.30900001525879,45.82870025634766,45.44290027618408,45.13120040893555,44.83780040740967,44.61960029602051,44.20366694132486,43.748066965738936,43.369000371297204,43.044067001342775,42.70926704406738,44.95263341267904,45.011733373006194,45.10600007375081,45.198600069681795,45.294533411661774,43051500.0,37931900.0,35797100.0,42483800.0,42597100.0,43835600.0,41761250.0,40330850.0,40827250.0,39345450.0,43243925.0,42352250.0,42094200.0,44014975.0,44641925.0,50440300.0,50341400.0,50129066.66666666,50871433.33333334,51065966.66666666,57943716.66666666,57454250.0,57293616.66666666,57503966.66666666,57303991.66666666,1
2019-07-17,51.13399887084961,51.6619987487793,50.66999816894531,50.97200012207031,48823500,0,49.77680053710939,48.23480033874512,46.40340023040771,45.10146700541178,44.85673344930014,45628700.0,44056250.0,41464200.0,48947266.66666666,57934575.0,50.47600173950195,50.70000076293945,49.01599884033203,47.72000122070313,47.78400039672852,49.13920059204101,48.24640045166016,47.32000045776367,46.84080047607422,46.69280014038086,47.6286003112793,47.12439994812011,46.52360000610353,46.07880020141602,45.692200088500975,46.10220031738281,45.82870025634766,45.44290027618408,45.13120040893555,44.83780040740967,44.69306704203288,44.20366694132486,43.748066965738936,43.369000371297204,43.044067001342775,44.88303343454997,44.95263341267904,45.011733373006194,45.10600007375081,45.198600069681795,45009700.0,43051500.0,37931900.0,35797100.0,42483800.0,43803400.0,43835600.0,41761250.0,40330850.0,40827250.0,42201975.0,43243925.0,42352250.0,42094200.0,44014975.0,49621066.66666666,50440300.0,50341400.0,50129066.66666666,50871433.33333334,58133108.33333334,57943716.66666666,57454250.0,57293616.66666666,57503966.66666666,1
2019-07-18,51.0099983215332,51.1500015258789,50.37799835205078,50.70800018310547,23793000,1,50.374400329589854,48.607600402832034,46.6745002746582,45.4811336517334,44.822200139363616,42872900.0,39335000.0,41010075.0,47488566.66666666,57419133.33333334,50.97200012207031,50.47600173950195,50.70000076293945,49.01599884033203,47.72000122070313,49.77680053710939,49.13920059204101,48.24640045166016,47.32000045776367,46.84080047607422,48.23480033874512,47.6286003112793,47.12439994812011,46.52360000610353,46.07880020141602,46.40340023040771,46.10220031738281,45.82870025634766,45.44290027618408,45.13120040893555,45.10146700541178,44.69306704203288,44.20366694132486,43.748066965738936,43.369000371297204,44.85673344930014,44.88303343454997,44.95263341267904,45.011733373006194,45.10600007375081,45628700.0,45009700.0,43051500.0,37931900.0,35797100.0,44056250.0,43803400.0,43835600.0,41761250.0,40330850.0,41464200.0,42201975.0,43243925.0,42352250.0,42094200.0,48947266.66666666,49621066.66666666,50440300.0,50341400.0,50129066.66666666,57934575.0,58133108.33333334,57943716.66666666,57454250.0,57293616.66666666,1
2019-07-19,51.13800048828125,51.99200057983398,50.92399978637695,51.63600158691406,35242000,0,50.89840087890625,49.109200668334964,47.060100364685056,45.829333750406896,44.820600191752106,40720800.0,39326350.0,39806300.0,45289600.0,57112541.66666666,50.70800018310547,50.97200012207031,50.47600173950195,50.70000076293945,49.01599884033203,50.374400329589854,49.77680053710939,49.13920059204101,48.24640045166016,47.32000045776367,48.607600402832034,48.23480033874512,47.6286003112793,47.12439994812011,46.52360000610353,46.6745002746582,46.40340023040771,46.10220031738281,45.82870025634766,45.44290027618408,45.4811336517334,45.10146700541178,44.69306704203288,44.20366694132486,43.748066965738936,44.822200139363616,44.85673344930014,44.88303343454997,44.95263341267904,45.011733373006194,42872900.0,45628700.0,45009700.0,43051500.0,37931900.0,39335000.0,44056250.0,43803400.0,43835600.0,41761250.0,41010075.0,41464200.0,42201975.0,43243925.0,42352250.0,47488566.66666666,48947266.66666666,49621066.66666666,50440300.0,50341400.0,57419133.33333334,57934575.0,58133108.33333334,57943716.66666666,57454250.0,1
2019-07-22,51.75,52.43000030517578,50.8380012512207,51.13600158691406,34212000,1,50.98560104370117,49.61600074768065,47.398300361633304,46.17053375244141,44.84743353525798,36563100.0,39807300.0,39466375.0,43762750.0,55861958.33333334,51.63600158691406,50.70800018310547,50.97200012207031,50.47600173950195,50.70000076293945,50.89840087890625,50.374400329589854,49.77680053710939,49.13920059204101,48.24640045166016,49.109200668334964,48.607600402832034,48.23480033874512,47.6286003112793,47.12439994812011,47.060100364685056,46.6745002746582,46.40340023040771,46.10220031738281,45.82870025634766,45.829333750406896,45.4811336517334,45.10146700541178,44.69306704203288,44.20366694132486,44.820600191752106,44.822200139363616,44.85673344930014,44.88303343454997,44.95263341267904,40720800.0,42872900.0,45628700.0,45009700.0,43051500.0,39326350.0,39335000.0,44056250.0,43803400.0,43835600.0,39806300.0,41010075.0,41464200.0,42201975.0,43243925.0,45289600.0,47488566.66666666,48947266.66666666,49621066.66666666,50440300.0,57112541.66666666,57419133.33333334,57934575.0,58133108.33333334,57943716.66666666,1
2019-07-23,51.34199905395508,52.09600067138672,50.9000015258789,52.03400039672852,25115500,1,51.29720077514649,50.21820068359375,47.76360034942627,46.48580042521159,44.930866877237946,33437200.0,39223450.0,39284450.0,42835766.66666666,54417158.33333334,51.13600158691406,51.63600158691406,50.70800018310547,50.97200012207031,50.47600173950195,50.98560104370117,50.89840087890625,50.374400329589854,49.77680053710939,49.13920059204101,49.61600074768065,49.109200668334964,48.607600402832034,48.23480033874512,47.6286003112793,47.398300361633304,47.060100364685056,46.6745002746582,46.40340023040771,46.10220031738281,46.17053375244141,45.829333750406896,45.4811336517334,45.10146700541178,44.69306704203288,44.84743353525798,44.820600191752106,44.822200139363616,44.85673344930014,44.88303343454997,36563100.0,40720800.0,42872900.0,45628700.0,45009700.0,39807300.0,39326350.0,39335000.0,44056250.0,43803400.0,39466375.0,39806300.0,41010075.0,41464200.0,42201975.0,43762750.0,45289600.0,47488566.66666666,48947266.66666666,49621066.66666666,55861958.33333334,57112541.66666666,57419133.33333334,57934575.0,58133108.33333334,1
2019-07-24,51.83399963378906,53.2140007019043,51.63199996948242,52.97600173950195,55364000,0,51.69800109863282,50.73740081787109,48.21480045318604,46.80433387756348,45.008900260925294,34745300.0,40187000.0,40507125.0,42738983.333333336,53947016.66666666,52.03400039672852,51.13600158691406,51.63600158691406,50.70800018310547,50.97200012207031,51.29720077514649,50.98560104370117,50.89840087890625,50.374400329589854,49.77680053710939,50.21820068359375,49.61600074768065,49.109200668334964,48.607600402832034,48.23480033874512,47.76360034942627,47.398300361633304,47.060100364685056,46.6745002746582,46.40340023040771,46.48580042521159,46.17053375244141,45.829333750406896,45.4811336517334,45.10146700541178,44.930866877237946,44.84743353525798,44.820600191752106,44.822200139363616,44.85673344930014,33437200.0,36563100.0,40720800.0,42872900.0,45628700.0,39223450.0,39807300.0,39326350.0,39335000.0,44056250.0,39284450.0,39466375.0,39806300.0,41010075.0,41464200.0,42835766.66666666,43762750.0,45289600.0,47488566.66666666,48947266.66666666,54417158.33333334,55861958.33333334,57112541.66666666,57419133.33333334,57934575.0,0
2019-07-25,46.70000076293945,46.9000015258789,45.11000061035156,45.76399993896485,112091500,0,50.70920104980469,50.541800689697276,48.31030044555664,46.934733835856115,44.97600027720135,52405000.0,47638950.0,43984900.0,43942450.0,55026491.66666666,52.97600173950195,52.03400039672852,51.13600158691406,51.63600158691406,50.70800018310547,51.69800109863282,51.29720077514649,50.98560104370117,50.89840087890625,50.374400329589854,50.73740081787109,50.21820068359375,49.61600074768065,49.109200668334964,48.607600402832034,48.21480045318604,47.76360034942627,47.398300361633304,47.060100364685056,46.6745002746582,46.80433387756348,46.48580042521159,46.17053375244141,45.829333750406896,45.4811336517334,45.008900260925294,44.930866877237946,44.84743353525798,44.820600191752106,44.822200139363616,34745300.0,33437200.0,36563100.0,40720800.0,42872900.0,40187000.0,39223450.0,39807300.0,39326350.0,39335000.0,40507125.0,39284450.0,39466375.0,39806300.0,41010075.0,42738983.333333336,42835766.66666666,43762750.0,45289600.0,47488566.66666666,53947016.66666666,54417158.33333334,55861958.33333334,57112541.66666666,57419133.33333334,0
2019-07-26,45.38399887084961,46.05199813842773,44.45000076293945,45.60800170898438,50138500,1,49.50360107421875,50.2010009765625,48.36230049133301,47.0289338429769,44.956100336710605,55384300.0,48052550.0,44906900.0,44252350.0,54970100.0,45.76399993896485,52.97600173950195,52.03400039672852,51.13600158691406,51.63600158691406,50.70920104980469,51.69800109863282,51.29720077514649,50.98560104370117,50.89840087890625,50.541800689697276,50.73740081787109,50.21820068359375,49.61600074768065,49.109200668334964,48.31030044555664,48.21480045318604,47.76360034942627,47.398300361633304,47.060100364685056,46.934733835856115,46.80433387756348,46.48580042521159,46.17053375244141,45.829333750406896,44.97600027720135,45.008900260925294,44.930866877237946,44.84743353525798,44.820600191752106,52405000.0,34745300.0,33437200.0,36563100.0,40720800.0,47638950.0,40187000.0,39223450.0,39807300.0,39326350.0,43984900.0,40507125.0,39284450.0,39466375.0,39806300.0,43942450.0,42738983.333333336,42835766.66666666,43762750.0,45289600.0,55026491.66666666,53947016.66666666,54417158.33333334,55861958.33333334,57112541.66666666,0
2019-07-29,45.41799926757813,47.1879997253418,45.20600128173828,47.15399932861328,46366500,1,48.7072006225586,49.84640083312989,48.485400390625,47.16793378194173,44.92833366394043,57815200.0,47189150.0,45512375.0,44559000.0,54229600.0,45.60800170898438,45.76399993896485,52.97600173950195,52.03400039672852,51.13600158691406,49.50360107421875,50.70920104980469,51.69800109863282,51.29720077514649,50.98560104370117,50.2010009765625,50.541800689697276,50.73740081787109,50.21820068359375,49.61600074768065,48.36230049133301,48.31030044555664,48.21480045318604,47.76360034942627,47.398300361633304,47.0289338429769,46.934733835856115,46.80433387756348,46.48580042521159,46.17053375244141,44.956100336710605,44.97600027720135,45.008900260925294,44.930866877237946,44.84743353525798,55384300.0,52405000.0,34745300.0,33437200.0,36563100.0,48052550.0,47638950.0,40187000.0,39223450.0,39807300.0,44906900.0,43984900.0,40507125.0,39284450.0,39466375.0,44252350.0,43942450.0,42738983.333333336,42835766.66666666,43762750.0,54970100.0,55026491.66666666,53947016.66666666,54417158.33333334,55861958.33333334,1
2019-07-30,46.58000183105469,48.67200088500977,46.43600082397461,48.45199966430664,40545000,0,47.99080047607422,49.64400062561035,48.63630046844482,47.282800420125334,44.88576698303223,60901100.0,47169150.0,45486275.0,43857700.0,52929783.33333334,47.15399932861328,45.60800170898438,45.76399993896485,52.97600173950195,52.03400039672852,48.7072006225586,49.50360107421875,50.70920104980469,51.69800109863282,51.29720077514649,49.84640083312989,50.2010009765625,50.541800689697276,50.73740081787109,50.21820068359375,48.485400390625,48.36230049133301,48.31030044555664,48.21480045318604,47.76360034942627,47.16793378194173,47.0289338429769,46.934733835856115,46.80433387756348,46.48580042521159,44.92833366394043,44.956100336710605,44.97600027720135,45.008900260925294,44.930866877237946,57815200.0,55384300.0,52405000.0,34745300.0,33437200.0,47189150.0,48052550.0,47638950.0,40187000.0,39223450.0,45512375.0,44906900.0,43984900.0,40507125.0,39284450.0,44559000.0,44252350.0,43942450.0,42738983.333333336,42835766.66666666,54229600.0,54970100.0,55026491.66666666,53947016.66666666,54417158.33333334,1
2019-07-31,48.599998474121094,49.33599853515625,47.33000183105469,48.321998596191406,45891000,0,47.05999984741211,49.37900047302246,48.80690040588379,47.395266977945965,44.84000027974447,59006500.0,46875900.0,45466075.0,43268100.0,52791808.33333334,48.45199966430664,47.15399932861328,45.60800170898438,45.76399993896485,52.97600173950195,47.99080047607422,48.7072006225586,49.50360107421875,50.70920104980469,51.69800109863282,49.64400062561035,49.84640083312989,50.2010009765625,50.541800689697276,50.73740081787109,48.63630046844482,48.485400390625,48.36230049133301,48.31030044555664,48.21480045318604,47.282800420125334,47.16793378194173,47.0289338429769,46.934733835856115,46.80433387756348,44.88576698303223,44.92833366394043,44.956100336710605,44.97600027720135,45.008900260925294,60901100.0,57815200.0,55384300.0,52405000.0,34745300.0,47169150.0,47189150.0,48052550.0,47638950.0,40187000.0,45486275.0,45512375.0,44906900.0,43984900.0,40507125.0,43857700.0,44559000.0,44252350.0,43942450.0,42738983.333333336,52929783.33333334,54229600.0,54970100.0,55026491.66666666,53947016.66666666,0
2019-08-01,48.52999877929688,48.9020004272461,46.35400009155274,46.77000045776367,41297500,1,47.26119995117188,48.98520050048828,48.796400451660155,47.444733683268225,44.795966974894206,44847700.0,48626350.0,43980675.0,43548833.333333336,52635816.66666666,48.321998596191406,48.45199966430664,47.15399932861328,45.60800170898438,45.76399993896485,47.05999984741211,47.99080047607422,48.7072006225586,49.50360107421875,50.70920104980469,49.37900047302246,49.64400062561035,49.84640083312989,50.2010009765625,50.541800689697276,48.80690040588379,48.63630046844482,48.485400390625,48.36230049133301,48.31030044555664,47.395266977945965,47.282800420125334,47.16793378194173,47.0289338429769,46.934733835856115,44.84000027974447,44.88576698303223,44.92833366394043,44.956100336710605,44.97600027720135,59006500.0,60901100.0,57815200.0,55384300.0,52405000.0,46875900.0,47169150.0,47189150.0,48052550.0,47638950.0,45466075.0,45486275.0,45512375.0,44906900.0,43984900.0,43268100.0,43857700.0,44559000.0,44252350.0,43942450.0,52791808.33333334,52929783.33333334,54229600.0,54970100.0,55026491.66666666,0
2019-08-02,46.27000045776367,47.25400161743164,45.84600067138672,46.86800003051758,30682500,0,47.513199615478506,48.50840034484863,48.80880050659179,47.54286702473959,44.76096700032553,40956500.0,48170400.0,43748375.0,42594333.333333336,52632491.66666666,46.77000045776367,48.321998596191406,48.45199966430664,47.15399932861328,45.60800170898438,47.26119995117188,47.05999984741211,47.99080047607422,48.7072006225586,49.50360107421875,48.98520050048828,49.37900047302246,49.64400062561035,49.84640083312989,50.2010009765625,48.796400451660155,48.80690040588379,48.63630046844482,48.485400390625,48.36230049133301,47.444733683268225,47.395266977945965,47.282800420125334,47.16793378194173,47.0289338429769,44.795966974894206,44.84000027974447,44.88576698303223,44.92833366394043,44.956100336710605,44847700.0,59006500.0,60901100.0,57815200.0,55384300.0,48626350.0,46875900.0,47169150.0,47189150.0,48052550.0,43980675.0,45466075.0,45486275.0,45512375.0,44906900.0,43548833.333333336,43268100.0,43857700.0,44559000.0,44252350.0,52635816.66666666,52791808.33333334,52929783.33333334,54229600.0,54970100.0,1
2019-08-05,45.91999816894531,46.27399826049805,45.15599822998047,45.66400146484375,35141500,1,47.21520004272461,47.9612003326416,48.78860054016114,47.58593368530274,44.71543369293213,38711500.0,48263350.0,44035325.0,42398700.0,52658900.0,46.86800003051758,46.77000045776367,48.321998596191406,48.45199966430664,47.15399932861328,47.513199615478506,47.26119995117188,47.05999984741211,47.99080047607422,48.7072006225586,48.50840034484863,48.98520050048828,49.37900047302246,49.64400062561035,49.84640083312989,48.80880050659179,48.796400451660155,48.80690040588379,48.63630046844482,48.485400390625,47.54286702473959,47.444733683268225,47.395266977945965,47.282800420125334,47.16793378194173,44.76096700032553,44.795966974894206,44.84000027974447,44.88576698303223,44.92833366394043,40956500.0,44847700.0,59006500.0,60901100.0,57815200.0,48170400.0,48626350.0,46875900.0,47169150.0,47189150.0,43748375.0,43980675.0,45466075.0,45486275.0,45512375.0,42594333.333333336,43548833.333333336,43268100.0,43857700.0,44559000.0,52632491.66666666,52635816.66666666,52791808.33333334,52929783.33333334,54229600.0,0
2019-08-06,46.3759994506836,46.5,45.1500015258789,46.1500015258789,27821000,1,46.754800415039064,47.37280044555664,48.795500564575185,47.633333714803065,44.686200396219895,36166700.0,48533900.0,43878675.0,42367600.0,52538558.33333334,45.66400146484375,46.86800003051758,46.77000045776367,48.321998596191406,48.45199966430664,47.21520004272461,47.513199615478506,47.26119995117188,47.05999984741211,47.99080047607422,47.9612003326416,48.50840034484863,48.98520050048828,49.37900047302246,49.64400062561035,48.78860054016114,48.80880050659179,48.796400451660155,48.80690040588379,48.63630046844482,47.58593368530274,47.54286702473959,47.444733683268225,47.395266977945965,47.282800420125334,44.71543369293213,44.76096700032553,44.795966974894206,44.84000027974447,44.88576698303223,38711500.0,40956500.0,44847700.0,59006500.0,60901100.0,48263350.0,48170400.0,48626350.0,46875900.0,47169150.0,44035325.0,43748375.0,43980675.0,45466075.0,45486275.0,42398700.0,42594333.333333336,43548833.333333336,43268100.0,43857700.0,52658900.0,52632491.66666666,52635816.66666666,52791808.33333334,52929783.33333334,1
2019-08-07,45.29999923706055,46.7140007019043,45.15999984741211,46.683998107910156,23882500,1,46.42720031738281,46.743600082397464,48.74050045013428,47.72440032958984,44.707567024230954,31765000.0,45385750.0,42786375.0,42133333.333333336,52033700.0,46.1500015258789,45.66400146484375,46.86800003051758,46.77000045776367,48.321998596191406,46.754800415039064,47.21520004272461,47.513199615478506,47.26119995117188,47.05999984741211,47.37280044555664,47.9612003326416,48.50840034484863,48.98520050048828,49.37900047302246,48.795500564575185,48.78860054016114,48.80880050659179,48.796400451660155,48.80690040588379,47.633333714803065,47.58593368530274,47.54286702473959,47.444733683268225,47.395266977945965,44.686200396219895,44.71543369293213,44.76096700032553,44.795966974894206,44.84000027974447,36166700.0,38711500.0,40956500.0,44847700.0,59006500.0,48533900.0,48263350.0,48170400.0,48626350.0,46875900.0,43878675.0,44035325.0,43748375.0,43980675.0,45466075.0,42367600.0,42398700.0,42594333.333333336,43548833.333333336,43268100.0,52538558.33333334,52658900.0,52632491.66666666,52635816.66666666,52791808.33333334,1
2019-08-08,46.88999938964844,47.959999084472656,46.52999877929688,47.65999984741211,26371500,0,46.6052001953125,46.93320007324219,48.73750038146973,47.851266988118496,44.727533658345536,28779800.0,36813750.0,42226350.0,41594516.66666666,51868858.33333334,46.683998107910156,46.1500015258789,45.66400146484375,46.86800003051758,46.77000045776367,46.42720031738281,46.754800415039064,47.21520004272461,47.513199615478506,47.26119995117188,46.743600082397464,47.37280044555664,47.9612003326416,48.50840034484863,48.98520050048828,48.74050045013428,48.795500564575185,48.78860054016114,48.80880050659179,48.796400451660155,47.72440032958984,47.633333714803065,47.58593368530274,47.54286702473959,47.444733683268225,44.707567024230954,44.686200396219895,44.71543369293213,44.76096700032553,44.795966974894206,31765000.0,36166700.0,38711500.0,40956500.0,44847700.0,45385750.0,48533900.0,48263350.0,48170400.0,48626350.0,42786375.0,43878675.0,44035325.0,43748375.0,43980675.0,42133333.333333336,42367600.0,42398700.0,42594333.333333336,43548833.333333336,52033700.0,52538558.33333334,52658900.0,52632491.66666666,52635816.66666666,1
2019-08-09,47.209999084472656,47.79199981689453,46.762001037597656,47.00199890136719,19491000,0,46.63199996948242,47.07259979248047,48.63680038452149,47.93240025838216,44.73773365020752,26541500.0,33749000.0,40900775.0,41187600.0,51585708.33333334,47.65999984741211,46.683998107910156,46.1500015258789,45.66400146484375,46.86800003051758,46.6052001953125,46.42720031738281,46.754800415039064,47.21520004272461,47.513199615478506,46.93320007324219,46.743600082397464,47.37280044555664,47.9612003326416,48.50840034484863,48.73750038146973,48.74050045013428,48.795500564575185,48.78860054016114,48.80880050659179,47.851266988118496,47.72440032958984,47.633333714803065,47.58593368530274,47.54286702473959,44.727533658345536,44.707567024230954,44.686200396219895,44.71543369293213,44.76096700032553,28779800.0,31765000.0,36166700.0,38711500.0,40956500.0,36813750.0,45385750.0,48533900.0,48263350.0,48170400.0,42226350.0,42786375.0,43878675.0,44035325.0,43748375.0,41594516.66666666,42133333.333333336,42367600.0,42398700.0,42594333.333333336,51868858.33333334,52033700.0,52538558.33333334,52658900.0,52632491.66666666,0
2019-08-12,46.597999572753906,47.15399932861328,45.75,45.80199813842773,23319500,1,46.65959930419922,46.937399673461904,48.3919002532959,47.969400151570646,44.74000027974447,24177100.0,31444300.0,39316725.0,40823016.66666666,51350758.33333334,47.00199890136719,47.65999984741211,46.683998107910156,46.1500015258789,45.66400146484375,46.63199996948242,46.6052001953125,46.42720031738281,46.754800415039064,47.21520004272461,47.07259979248047,46.93320007324219,46.743600082397464,47.37280044555664,47.9612003326416,48.63680038452149,48.73750038146973,48.74050045013428,48.795500564575185,48.78860054016114,47.93240025838216,47.851266988118496,47.72440032958984,47.633333714803065,47.58593368530274,44.73773365020752,44.727533658345536,44.707567024230954,44.686200396219895,44.71543369293213,26541500.0,28779800.0,31765000.0,36166700.0,38711500.0,33749000.0,36813750.0,45385750.0,48533900.0,48263350.0,40900775.0,42226350.0,42786375.0,43878675.0,44035325.0,41187600.0,41594516.66666666,42133333.333333336,42367600.0,42398700.0,51585708.33333334,51868858.33333334,52033700.0,52538558.33333334,52658900.0,1
2019-08-13,45.762001037597656,47.20000076293945,45.5099983215332,47.0,24240500,0,46.82959899902344,46.79219970703125,48.2181001663208,48.021600214640294,44.819900258382155,23461000.0,29813850.0,38491500.0,40262133.333333336,50272541.66666666,45.80199813842773,47.00199890136719,47.65999984741211,46.683998107910156,46.1500015258789,46.65959930419922,46.63199996948242,46.6052001953125,46.42720031738281,46.754800415039064,46.937399673461904,47.07259979248047,46.93320007324219,46.743600082397464,47.37280044555664,48.3919002532959,48.63680038452149,48.73750038146973,48.74050045013428,48.795500564575185,47.969400151570646,47.93240025838216,47.851266988118496,47.72440032958984,47.633333714803065,44.74000027974447,44.73773365020752,44.727533658345536,44.707567024230954,44.686200396219895,24177100.0,26541500.0,28779800.0,31765000.0,36166700.0,31444300.0,33749000.0,36813750.0,45385750.0,48533900.0,39316725.0,40900775.0,42226350.0,42786375.0,43878675.0,40823016.66666666,41187600.0,41594516.66666666,42133333.333333336,42367600.0,51350758.33333334,51585708.33333334,51868858.33333334,52033700.0,52538558.33333334,0
2019-08-14,46.24200057983398,46.29999923706055,43.3380012512207,43.92399978637695,47813000,0,46.2775993347168,46.35239982604981,47.86570014953613,47.988733545939134,44.867433611551924,28247100.0,30006050.0,38440975.0,40312733.333333336,49358908.33333334,47.0,45.80199813842773,47.00199890136719,47.65999984741211,46.683998107910156,46.82959899902344,46.65959930419922,46.63199996948242,46.6052001953125,46.42720031738281,46.79219970703125,46.937399673461904,47.07259979248047,46.93320007324219,46.743600082397464,48.2181001663208,48.3919002532959,48.63680038452149,48.73750038146973,48.74050045013428,48.021600214640294,47.969400151570646,47.93240025838216,47.851266988118496,47.72440032958984,44.819900258382155,44.74000027974447,44.73773365020752,44.727533658345536,44.707567024230954,23461000.0,24177100.0,26541500.0,28779800.0,31765000.0,29813850.0,31444300.0,33749000.0,36813750.0,45385750.0,38491500.0,39316725.0,40900775.0,42226350.0,42786375.0,40262133.333333336,40823016.66666666,41187600.0,41594516.66666666,42133333.333333336,50272541.66666666,51350758.33333334,51585708.33333334,51868858.33333334,52033700.0,0
2019-08-15,44.17200088500977,44.3120002746582,42.310001373291016,43.12799835205078,40798000,1,45.37119903564453,45.98819961547851,47.4867000579834,47.86033350626628,44.902633603413896,31132400.0,29956100.0,39291225.0,39305816.66666666,48538550.0,43.92399978637695,47.0,45.80199813842773,47.00199890136719,47.65999984741211,46.2775993347168,46.82959899902344,46.65959930419922,46.63199996948242,46.6052001953125,46.35239982604981,46.79219970703125,46.937399673461904,47.07259979248047,46.93320007324219,47.86570014953613,48.2181001663208,48.3919002532959,48.63680038452149,48.73750038146973,47.988733545939134,48.021600214640294,47.969400151570646,47.93240025838216,47.851266988118496,44.867433611551924,44.819900258382155,44.74000027974447,44.73773365020752,44.727533658345536,28247100.0,23461000.0,24177100.0,26541500.0,28779800.0,30006050.0,29813850.0,31444300.0,33749000.0,36813750.0,38440975.0,38491500.0,39316725.0,40900775.0,42226350.0,40312733.333333336,40262133.333333336,40823016.66666666,41187600.0,41594516.66666666,49358908.33333334,50272541.66666666,51350758.33333334,51585708.33333334,51868858.33333334,0
2019-08-16,43.33200073242188,44.448001861572266,43.20399856567383,43.987998962402344,25492500,1,44.76839904785156,45.70019950866699,47.10429992675781,47.7726001739502,44.99333356221518,32332700.0,29437100.0,38803750.0,38977950.0,47406325.0,43.12799835205078,43.92399978637695,47.0,45.80199813842773,47.00199890136719,45.37119903564453,46.2775993347168,46.82959899902344,46.65959930419922,46.63199996948242,45.98819961547851,46.35239982604981,46.79219970703125,46.937399673461904,47.07259979248047,47.4867000579834,47.86570014953613,48.2181001663208,48.3919002532959,48.63680038452149,47.86033350626628,47.988733545939134,48.021600214640294,47.969400151570646,47.93240025838216,44.902633603413896,44.867433611551924,44.819900258382155,44.74000027974447,44.73773365020752,31132400.0,28247100.0,23461000.0,24177100.0,26541500.0,29956100.0,30006050.0,29813850.0,31444300.0,33749000.0,39291225.0,38440975.0,38491500.0,39316725.0,40900775.0,39305816.66666666,40312733.333333336,40262133.333333336,40823016.66666666,41187600.0,48538550.0,49358908.33333334,50272541.66666666,51350758.33333334,51585708.33333334,0
2019-08-19,44.84199905395508,45.566001892089844,44.34000015258789,45.36600112915039,26548000,0,44.681199645996095,45.670399475097646,46.81579990386963,47.74920018513998,45.09780025482178,32978400.0,28577750.0,38420550.0,38882800.0,45636533.33333334,43.987998962402344,43.12799835205078,43.92399978637695,47.0,45.80199813842773,44.76839904785156,45.37119903564453,46.2775993347168,46.82959899902344,46.65959930419922,45.70019950866699,45.98819961547851,46.35239982604981,46.79219970703125,46.937399673461904,47.10429992675781,47.4867000579834,47.86570014953613,48.2181001663208,48.3919002532959,47.7726001739502,47.86033350626628,47.988733545939134,48.021600214640294,47.969400151570646,44.99333356221518,44.902633603413896,44.867433611551924,44.819900258382155,44.74000027974447,32332700.0,31132400.0,28247100.0,23461000.0,24177100.0,29437100.0,29956100.0,30006050.0,29813850.0,31444300.0,38803750.0,39291225.0,38440975.0,38491500.0,39316725.0,38977950.0,39305816.66666666,40312733.333333336,40262133.333333336,40823016.66666666,47406325.0,48538550.0,49358908.33333334,50272541.66666666,51350758.33333334,0
2019-08-20,45.52399826049805,45.81800079345703,44.90800094604492,45.17200088500977,20626000,0,44.315599822998045,45.57259941101074,46.47269992828369,47.721200180053714,45.21523361206054,32255500.0,27858250.0,38196075.0,38538533.333333336,44802250.0,45.36600112915039,43.987998962402344,43.12799835205078,43.92399978637695,47.0,44.681199645996095,44.76839904785156,45.37119903564453,46.2775993347168,46.82959899902344,45.670399475097646,45.70019950866699,45.98819961547851,46.35239982604981,46.79219970703125,46.81579990386963,47.10429992675781,47.4867000579834,47.86570014953613,48.2181001663208,47.74920018513998,47.7726001739502,47.86033350626628,47.988733545939134,48.021600214640294,45.09780025482178,44.99333356221518,44.902633603413896,44.867433611551924,44.819900258382155,32978400.0,32332700.0,31132400.0,28247100.0,23461000.0,28577750.0,29437100.0,29956100.0,30006050.0,29813850.0,38420550.0,38803750.0,39291225.0,38440975.0,38491500.0,38882800.0,38977950.0,39305816.66666666,40312733.333333336,40262133.333333336,45636533.33333334,47406325.0,48538550.0,49358908.33333334,50272541.66666666,0
2019-08-21,44.402000427246094,44.64400100708008,43.52000045776367,44.16600036621094,38971500,1,44.36399993896485,45.32079963684082,46.03219985961914,47.60060017903646,45.32233359018962,30487200.0,29367150.0,37376450.0,38313300.0,44592366.66666666,45.17200088500977,45.36600112915039,43.987998962402344,43.12799835205078,43.92399978637695,44.315599822998045,44.681199645996095,44.76839904785156,45.37119903564453,46.2775993347168,45.57259941101074,45.670399475097646,45.70019950866699,45.98819961547851,46.35239982604981,46.47269992828369,46.81579990386963,47.10429992675781,47.4867000579834,47.86570014953613,47.721200180053714,47.74920018513998,47.7726001739502,47.86033350626628,47.988733545939134,45.21523361206054,45.09780025482178,44.99333356221518,44.902633603413896,44.867433611551924,32255500.0,32978400.0,32332700.0,31132400.0,28247100.0,27858250.0,28577750.0,29437100.0,29956100.0,30006050.0,38196075.0,38420550.0,38803750.0,39291225.0,38440975.0,38538533.333333336,38882800.0,38977950.0,39305816.66666666,40312733.333333336,44802250.0,45636533.33333334,47406325.0,48538550.0,49358908.33333334,0
2019-08-22,44.560001373291016,45.08000183105469,43.64400100708008,44.43000030517578,32795000,0,44.624400329589854,44.997799682617185,45.96549987792969,47.49093348185222,45.42996692657471,28886600.0,30009500.0,33411625.0,38154066.66666666,44141566.66666666,44.16600036621094,45.17200088500977,45.36600112915039,43.987998962402344,43.12799835205078,44.36399993896485,44.315599822998045,44.681199645996095,44.76839904785156,45.37119903564453,45.32079963684082,45.57259941101074,45.670399475097646,45.70019950866699,45.98819961547851,46.03219985961914,46.47269992828369,46.81579990386963,47.10429992675781,47.4867000579834,47.60060017903646,47.721200180053714,47.74920018513998,47.7726001739502,47.86033350626628,45.32233359018962,45.21523361206054,45.09780025482178,44.99333356221518,44.902633603413896,30487200.0,32255500.0,32978400.0,32332700.0,31132400.0,29367150.0,27858250.0,28577750.0,29437100.0,29956100.0,37376450.0,38196075.0,38420550.0,38803750.0,39291225.0,38313300.0,38538533.333333336,38882800.0,38977950.0,39305816.66666666,44592366.66666666,44802250.0,45636533.33333334,47406325.0,48538550.0,0
2019-08-23,43.99399948120117,44.23400115966797,42.20000076293945,42.27999877929688,42693000,1,44.28280029296875,44.52559967041016,45.79909973144531,47.266400146484365,45.50723355611165,32326700.0,32329700.0,33039350.0,38043750.0,44192575.0,44.43000030517578,44.16600036621094,45.17200088500977,45.36600112915039,43.987998962402344,44.624400329589854,44.36399993896485,44.315599822998045,44.681199645996095,44.76839904785156,44.997799682617185,45.32079963684082,45.57259941101074,45.670399475097646,45.70019950866699,45.96549987792969,46.03219985961914,46.47269992828369,46.81579990386963,47.10429992675781,47.49093348185222,47.60060017903646,47.721200180053714,47.74920018513998,47.7726001739502,45.42996692657471,45.32233359018962,45.21523361206054,45.09780025482178,44.99333356221518,28886600.0,30487200.0,32255500.0,32978400.0,32332700.0,30009500.0,29367150.0,27858250.0,28577750.0,29437100.0,33411625.0,37376450.0,38196075.0,38420550.0,38803750.0,38154066.66666666,38313300.0,38538533.333333336,38882800.0,38977950.0,44141566.66666666,44592366.66666666,44802250.0,45636533.33333334,47406325.0,0
2019-08-26,42.72000122070313,43.00400161743164,42.30799865722656,43.0,25259500,0,43.80960006713868,44.24539985656738,45.59139976501465,47.009733454386385,45.60670019785564,32069000.0,32523700.0,31984000.0,37052383.333333336,43746341.66666666,42.27999877929688,44.43000030517578,44.16600036621094,45.17200088500977,45.36600112915039,44.28280029296875,44.624400329589854,44.36399993896485,44.315599822998045,44.681199645996095,44.52559967041016,44.997799682617185,45.32079963684082,45.57259941101074,45.670399475097646,45.79909973144531,45.96549987792969,46.03219985961914,46.47269992828369,46.81579990386963,47.266400146484365,47.49093348185222,47.60060017903646,47.721200180053714,47.74920018513998,45.50723355611165,45.42996692657471,45.32233359018962,45.21523361206054,45.09780025482178,32326700.0,28886600.0,30487200.0,32255500.0,32978400.0,32329700.0,30009500.0,29367150.0,27858250.0,28577750.0,33039350.0,33411625.0,37376450.0,38196075.0,38420550.0,38043750.0,38154066.66666666,38313300.0,38538533.333333336,38882800.0,44192575.0,44141566.66666666,44592366.66666666,44802250.0,45636533.33333334,0
2019-08-27,43.14799880981445,43.7599983215332,42.40599822998047,42.816001892089844,27081000,1,43.338400268554686,43.827000045776366,45.30959987640381,46.754400126139316,45.723733584086105,33360000.0,32807750.0,31310800.0,36596916.66666666,43108991.66666666,43.0,42.27999877929688,44.43000030517578,44.16600036621094,45.17200088500977,43.80960006713868,44.28280029296875,44.624400329589854,44.36399993896485,44.315599822998045,44.24539985656738,44.52559967041016,44.997799682617185,45.32079963684082,45.57259941101074,45.59139976501465,45.79909973144531,45.96549987792969,46.03219985961914,46.47269992828369,47.009733454386385,47.266400146484365,47.49093348185222,47.60060017903646,47.721200180053714,45.60670019785564,45.50723355611165,45.42996692657471,45.32233359018962,45.21523361206054,32069000.0,32326700.0,28886600.0,30487200.0,32255500.0,32523700.0,32329700.0,30009500.0,29367150.0,27858250.0,31984000.0,33039350.0,33411625.0,37376450.0,38196075.0,37052383.333333336,38043750.0,38154066.66666666,38313300.0,38538533.333333336,43746341.66666666,44192575.0,44141566.66666666,44592366.66666666,44802250.0,1
2019-08-28,42.737998962402344,43.45000076293945,42.46200180053711,43.11800003051758,16127500,1,43.128800201416006,43.74640007019043,45.04939994812012,46.492600123087556,45.797033564249666,28791200.0,29639200.0,29822625.0,35507050.0,42227158.333333336,42.816001892089844,43.0,42.27999877929688,44.43000030517578,44.16600036621094,43.338400268554686,43.80960006713868,44.28280029296875,44.624400329589854,44.36399993896485,43.827000045776366,44.24539985656738,44.52559967041016,44.997799682617185,45.32079963684082,45.30959987640381,45.59139976501465,45.79909973144531,45.96549987792969,46.03219985961914,46.754400126139316,47.009733454386385,47.266400146484365,47.49093348185222,47.60060017903646,45.723733584086105,45.60670019785564,45.50723355611165,45.42996692657471,45.32233359018962,33360000.0,32069000.0,32326700.0,28886600.0,30487200.0,32807750.0,32523700.0,32329700.0,30009500.0,29367150.0,31310800.0,31984000.0,33039350.0,33411625.0,37376450.0,36596916.66666666,37052383.333333336,38043750.0,38154066.66666666,38313300.0,43108991.66666666,43746341.66666666,44192575.0,44141566.66666666,44592366.66666666,1
2019-08-29,43.79999923706055,44.68000030517578,43.599998474121094,44.34199905395508,25897500,1,43.11119995117188,43.86780014038086,44.927999877929686,46.280400085449216,45.88076686859131,27411700.0,28149150.0,29052625.0,35577200.0,41532883.333333336,43.11800003051758,42.816001892089844,43.0,42.27999877929688,44.43000030517578,43.128800201416006,43.338400268554686,43.80960006713868,44.28280029296875,44.624400329589854,43.74640007019043,43.827000045776366,44.24539985656738,44.52559967041016,44.997799682617185,45.04939994812012,45.30959987640381,45.59139976501465,45.79909973144531,45.96549987792969,46.492600123087556,46.754400126139316,47.009733454386385,47.266400146484365,47.49093348185222,45.797033564249666,45.723733584086105,45.60670019785564,45.50723355611165,45.42996692657471,28791200.0,33360000.0,32069000.0,32326700.0,28886600.0,29639200.0,32807750.0,32523700.0,32329700.0,30009500.0,29822625.0,31310800.0,31984000.0,33039350.0,33411625.0,35507050.0,36596916.66666666,37052383.333333336,38043750.0,38154066.66666666,42227158.333333336,43108991.66666666,43746341.66666666,44192575.0,44141566.66666666,1
2019-08-30,45.83000183105469,46.487998962402344,44.84199905395508,45.12200164794922,46603000,0,43.67960052490234,43.98120040893555,44.84069995880127,46.06326675415039,45.946300252278654,28193700.0,30260200.0,29848650.0,35955900.0,40622750.0,44.34199905395508,43.11800003051758,42.816001892089844,43.0,42.27999877929688,43.11119995117188,43.128800201416006,43.338400268554686,43.80960006713868,44.28280029296875,43.86780014038086,43.74640007019043,43.827000045776366,44.24539985656738,44.52559967041016,44.927999877929686,45.04939994812012,45.30959987640381,45.59139976501465,45.79909973144531,46.280400085449216,46.492600123087556,46.754400126139316,47.009733454386385,47.266400146484365,45.88076686859131,45.797033564249666,45.723733584086105,45.60670019785564,45.50723355611165,27411700.0,28791200.0,33360000.0,32069000.0,32326700.0,28149150.0,29639200.0,32807750.0,32523700.0,32329700.0,29052625.0,29822625.0,31310800.0,31984000.0,33039350.0,35577200.0,35507050.0,36596916.66666666,37052383.333333336,38043750.0,41532883.333333336,42227158.333333336,43108991.66666666,43746341.66666666,44192575.0,0
2019-09-03,44.816001892089844,45.790000915527344,44.63199996948242,45.00199890136719,26770500,0,44.08000030517578,43.94480018615722,44.80759983062744,45.8587999979655,46.01466687520346,28495900.0,30282450.0,29430100.0,35707850.0,39735300.0,45.12200164794922,44.34199905395508,43.11800003051758,42.816001892089844,43.0,43.67960052490234,43.11119995117188,43.128800201416006,43.338400268554686,43.80960006713868,43.98120040893555,43.86780014038086,43.74640007019043,43.827000045776366,44.24539985656738,44.84069995880127,44.927999877929686,45.04939994812012,45.30959987640381,45.59139976501465,46.06326675415039,46.280400085449216,46.492600123087556,46.754400126139316,47.009733454386385,45.946300252278654,45.88076686859131,45.797033564249666,45.723733584086105,45.60670019785564,28193700.0,27411700.0,28791200.0,33360000.0,32069000.0,30260200.0,28149150.0,29639200.0,32807750.0,32523700.0,29848650.0,29052625.0,29822625.0,31310800.0,31984000.0,35955900.0,35577200.0,35507050.0,36596916.66666666,37052383.333333336,40622750.0,41532883.333333336,42227158.333333336,43108991.66666666,43746341.66666666,0
2019-09-04,45.37799835205078,45.69200134277344,43.84199905395508,44.13600158691406,28805000,1,44.344000244140624,43.841200256347655,44.7068998336792,45.59553337097168,46.040666898091644,28840700.0,31100350.0,29479300.0,35830833.333333336,39333300.0,45.00199890136719,45.12200164794922,44.34199905395508,43.11800003051758,42.816001892089844,44.08000030517578,43.67960052490234,43.11119995117188,43.128800201416006,43.338400268554686,43.94480018615722,43.98120040893555,43.86780014038086,43.74640007019043,43.827000045776366,44.80759983062744,44.84069995880127,44.927999877929686,45.04939994812012,45.30959987640381,45.8587999979655,46.06326675415039,46.280400085449216,46.492600123087556,46.754400126139316,46.01466687520346,45.946300252278654,45.88076686859131,45.797033564249666,45.723733584086105,28495900.0,28193700.0,27411700.0,28791200.0,33360000.0,30282450.0,30260200.0,28149150.0,29639200.0,32807750.0,29430100.0,29848650.0,29052625.0,29822625.0,31310800.0,35707850.0,35955900.0,35577200.0,35507050.0,36596916.66666666,39735300.0,40622750.0,41532883.333333336,42227158.333333336,43108991.66666666,0
2019-09-05,44.5,45.959999084472656,44.16999816894531,45.91600036621094,36976500,0,44.9036003112793,44.01620025634766,44.66849994659424,45.360199991861975,46.08226693471273,33010500.0,30900850.0,30134000.0,35217916.666666664,38978450.0,44.13600158691406,45.00199890136719,45.12200164794922,44.34199905395508,43.11800003051758,44.344000244140624,44.08000030517578,43.67960052490234,43.11119995117188,43.128800201416006,43.841200256347655,43.94480018615722,43.98120040893555,43.86780014038086,43.74640007019043,44.7068998336792,44.80759983062744,44.84069995880127,44.927999877929686,45.04939994812012,45.59553337097168,45.8587999979655,46.06326675415039,46.280400085449216,46.492600123087556,46.040666898091644,46.01466687520346,45.946300252278654,45.88076686859131,45.797033564249666,28840700.0,28495900.0,28193700.0,27411700.0,28791200.0,31100350.0,30282450.0,30260200.0,28149150.0,29639200.0,29479300.0,29430100.0,29848650.0,29052625.0,29822625.0,35830833.333333336,35707850.0,35955900.0,35577200.0,35507050.0,39333300.0,39735300.0,40622750.0,41532883.333333336,42227158.333333336,0
2019-09-06,45.43999862670898,45.928001403808594,45.03400039672852,45.4900016784668,20947000,1,45.13320083618164,44.122200393676756,44.560000038146974,45.35106671651205,46.14290027618408,32020400.0,29716050.0,29862775.0,32179766.66666667,38061108.333333336,45.91600036621094,44.13600158691406,45.00199890136719,45.12200164794922,44.34199905395508,44.9036003112793,44.344000244140624,44.08000030517578,43.67960052490234,43.11119995117188,44.01620025634766,43.841200256347655,43.94480018615722,43.98120040893555,43.86780014038086,44.66849994659424,44.7068998336792,44.80759983062744,44.84069995880127,44.927999877929686,45.360199991861975,45.59553337097168,45.8587999979655,46.06326675415039,46.280400085449216,46.08226693471273,46.040666898091644,46.01466687520346,45.946300252278654,45.88076686859131,33010500.0,28840700.0,28495900.0,28193700.0,27411700.0,30900850.0,31100350.0,30282450.0,30260200.0,28149150.0,30134000.0,29479300.0,29430100.0,29848650.0,29052625.0,35217916.666666664,35830833.333333336,35707850.0,35955900.0,35577200.0,38978450.0,39333300.0,39735300.0,40622750.0,41532883.333333336,0
2019-09-09,46.0,46.75199890136719,45.84600067138672,46.35800170898438,24013500,1,45.38040084838868,44.53000068664551,44.52780017852783,45.37606671651204,46.20250027974446,27502500.0,27848100.0,30088900.0,31308933.33333333,37780641.66666666,45.4900016784668,45.91600036621094,44.13600158691406,45.00199890136719,45.12200164794922,45.13320083618164,44.9036003112793,44.344000244140624,44.08000030517578,43.67960052490234,44.122200393676756,44.01620025634766,43.841200256347655,43.94480018615722,43.98120040893555,44.560000038146974,44.66849994659424,44.7068998336792,44.80759983062744,44.84069995880127,45.35106671651205,45.360199991861975,45.59553337097168,45.8587999979655,46.06326675415039,46.14290027618408,46.08226693471273,46.040666898091644,46.01466687520346,45.946300252278654,32020400.0,33010500.0,28840700.0,28495900.0,28193700.0,29716050.0,30900850.0,31100350.0,30282450.0,30260200.0,29862775.0,30134000.0,29479300.0,29430100.0,29848650.0,32179766.66666667,35217916.666666664,35830833.333333336,35707850.0,35955900.0,38061108.333333336,38978450.0,39333300.0,39735300.0,40622750.0,0
2019-09-10,46.15999984741211,47.10800170898438,45.78799819946289,47.10800170898438,24418500,1,45.80160140991211,44.940800857543955,44.593100357055654,45.374533462524404,46.271233622233076,27032100.0,27764000.0,30143850.0,30577333.33333333,37568166.66666666,46.35800170898438,45.4900016784668,45.91600036621094,44.13600158691406,45.00199890136719,45.38040084838868,45.13320083618164,44.9036003112793,44.344000244140624,44.08000030517578,44.53000068664551,44.122200393676756,44.01620025634766,43.841200256347655,43.94480018615722,44.52780017852783,44.560000038146974,44.66849994659424,44.7068998336792,44.80759983062744,45.37606671651204,45.35106671651205,45.360199991861975,45.59553337097168,45.8587999979655,46.20250027974446,46.14290027618408,46.08226693471273,46.040666898091644,46.01466687520346,27502500.0,32020400.0,33010500.0,28840700.0,28495900.0,27848100.0,29716050.0,30900850.0,31100350.0,30282450.0,30088900.0,29862775.0,30134000.0,29479300.0,29430100.0,31308933.33333333,32179766.66666667,35217916.666666664,35830833.333333336,35707850.0,37780641.66666666,38061108.333333336,38978450.0,39333300.0,39735300.0,1
2019-09-11,47.47600173950195,49.63399887084961,47.20000076293945,49.41999816894531,50214000,0,46.85840072631836,45.60120048522949,44.71410026550293,45.4068000793457,46.344800249735506,31313900.0,30077300.0,31442525.0,30899633.33333333,37378666.66666666,47.10800170898438,46.35800170898438,45.4900016784668,45.91600036621094,44.13600158691406,45.80160140991211,45.38040084838868,45.13320083618164,44.9036003112793,44.344000244140624,44.940800857543955,44.53000068664551,44.122200393676756,44.01620025634766,43.841200256347655,44.593100357055654,44.52780017852783,44.560000038146974,44.66849994659424,44.7068998336792,45.374533462524404,45.37606671651204,45.35106671651205,45.360199991861975,45.59553337097168,46.271233622233076,46.20250027974446,46.14290027618408,46.08226693471273,46.040666898091644,27032100.0,27502500.0,32020400.0,33010500.0,28840700.0,27764000.0,27848100.0,29716050.0,30900850.0,31100350.0,30143850.0,30088900.0,29862775.0,30134000.0,29479300.0,30577333.33333333,31308933.33333333,32179766.66666667,35217916.666666664,35830833.333333336,37568166.66666666,37780641.66666666,38061108.333333336,38978450.0,39333300.0,0
2019-09-12,49.540000915527344,50.70000076293945,48.88000106811523,49.17399978637695,42906000,0,47.51000061035156,46.20680046081543,44.97660026550293,45.435200119018546,46.415233548482256,32499800.0,32755150.0,31197175.0,30800133.33333333,37034116.66666666,49.41999816894531,47.10800170898438,46.35800170898438,45.4900016784668,45.91600036621094,46.85840072631836,45.80160140991211,45.38040084838868,45.13320083618164,44.9036003112793,45.60120048522949,44.940800857543955,44.53000068664551,44.122200393676756,44.01620025634766,44.71410026550293,44.593100357055654,44.52780017852783,44.560000038146974,44.66849994659424,45.4068000793457,45.374533462524404,45.37606671651204,45.35106671651205,45.360199991861975,46.344800249735506,46.271233622233076,46.20250027974446,46.14290027618408,46.08226693471273,31313900.0,27032100.0,27502500.0,32020400.0,33010500.0,30077300.0,27764000.0,27848100.0,29716050.0,30900850.0,31442525.0,30143850.0,30088900.0,29862775.0,30134000.0,30899633.33333333,30577333.33333333,31308933.33333333,32179766.66666667,35217916.666666664,37378666.66666666,37568166.66666666,37780641.66666666,38061108.333333336,38978450.0,0
2019-09-13,49.39199829101562,49.68999862670898,48.9739990234375,49.040000915527344,26565500,0,48.22000045776368,46.67660064697266,45.272200393676755,45.510866800944,46.47780024210611,33623500.0,32821950.0,30485550.0,30309066.66666667,36928950.0,49.17399978637695,49.41999816894531,47.10800170898438,46.35800170898438,45.4900016784668,47.51000061035156,46.85840072631836,45.80160140991211,45.38040084838868,45.13320083618164,46.20680046081543,45.60120048522949,44.940800857543955,44.53000068664551,44.122200393676756,44.97660026550293,44.71410026550293,44.593100357055654,44.52780017852783,44.560000038146974,45.435200119018546,45.4068000793457,45.374533462524404,45.37606671651204,45.35106671651205,46.415233548482256,46.344800249735506,46.271233622233076,46.20250027974446,46.14290027618408,32499800.0,31313900.0,27032100.0,27502500.0,32020400.0,32755150.0,30077300.0,27764000.0,27848100.0,29716050.0,31197175.0,31442525.0,30143850.0,30088900.0,29862775.0,30800133.33333333,30899633.33333333,30577333.33333333,31308933.33333333,32179766.66666667,37034116.66666666,37378666.66666666,37568166.66666666,37780641.66666666,38061108.333333336,0
2019-09-16,49.20000076293945,49.486000061035156,48.23400115966797,48.5620002746582,23640500,1,48.66080017089844,47.020600509643565,45.500900459289554,45.567333475748704,46.55510025024414,33548900.0,30525700.0,30392950.0,30074333.33333333,36334333.333333336,49.040000915527344,49.17399978637695,49.41999816894531,47.10800170898438,46.35800170898438,48.22000045776368,47.51000061035156,46.85840072631836,45.80160140991211,45.38040084838868,46.67660064697266,46.20680046081543,45.60120048522949,44.940800857543955,44.53000068664551,45.272200393676755,44.97660026550293,44.71410026550293,44.593100357055654,44.52780017852783,45.510866800944,45.435200119018546,45.4068000793457,45.374533462524404,45.37606671651204,46.47780024210611,46.415233548482256,46.344800249735506,46.271233622233076,46.20250027974446,33623500.0,32499800.0,31313900.0,27032100.0,27502500.0,32821950.0,32755150.0,30077300.0,27764000.0,27848100.0,30485550.0,31197175.0,31442525.0,30143850.0,30088900.0,30309066.66666667,30800133.33333333,30899633.33333333,30577333.33333333,31308933.33333333,36928950.0,37034116.66666666,37378666.66666666,37568166.66666666,37780641.66666666,0
2019-09-17,48.49399948120117,49.11999893188477,48.07400131225586,48.95800018310547,19327000,0,49.030799865722656,47.41620063781738,45.680500411987296,45.67713343302409,46.63153355916341,32530600.0,29781350.0,30031900.0,29547183.33333333,35972941.666666664,48.5620002746582,49.040000915527344,49.17399978637695,49.41999816894531,47.10800170898438,48.66080017089844,48.22000045776368,47.51000061035156,46.85840072631836,45.80160140991211,47.020600509643565,46.67660064697266,46.20680046081543,45.60120048522949,44.940800857543955,45.500900459289554,45.272200393676755,44.97660026550293,44.71410026550293,44.593100357055654,45.567333475748704,45.510866800944,45.435200119018546,45.4068000793457,45.374533462524404,46.55510025024414,46.47780024210611,46.415233548482256,46.344800249735506,46.271233622233076,33548900.0,33623500.0,32499800.0,31313900.0,27032100.0,30525700.0,32821950.0,32755150.0,30077300.0,27764000.0,30392950.0,30485550.0,31197175.0,31442525.0,30143850.0,30074333.33333333,30309066.66666667,30800133.33333333,30899633.33333333,30577333.33333333,36334333.333333336,36928950.0,37034116.66666666,37378666.66666666,37568166.66666666,0
2019-09-18,49.0,49.63399887084961,48.4739990234375,48.69800186157226,20851000,1,48.886400604248045,47.8724006652832,45.85680046081543,45.762066777547204,46.69770024617514,26658000.0,28985950.0,30043150.0,29314850.0,35841225.0,48.95800018310547,48.5620002746582,49.040000915527344,49.17399978637695,49.41999816894531,49.030799865722656,48.66080017089844,48.22000045776368,47.51000061035156,46.85840072631836,47.41620063781738,47.020600509643565,46.67660064697266,46.20680046081543,45.60120048522949,45.680500411987296,45.500900459289554,45.272200393676755,44.97660026550293,44.71410026550293,45.67713343302409,45.567333475748704,45.510866800944,45.435200119018546,45.4068000793457,46.63153355916341,46.55510025024414,46.47780024210611,46.415233548482256,46.344800249735506,32530600.0,33548900.0,33623500.0,32499800.0,31313900.0,29781350.0,30525700.0,32821950.0,32755150.0,30077300.0,30031900.0,30392950.0,30485550.0,31197175.0,31442525.0,29547183.33333333,30074333.33333333,30309066.66666667,30800133.33333333,30899633.33333333,35972941.666666664,36334333.333333336,36928950.0,37034116.66666666,37378666.66666666,1
2019-09-19,49.20000076293945,49.5880012512207,48.96799850463867,49.31999969482422,23979000,0,48.9156005859375,48.21280059814453,46.11450042724609,45.849933497110996,46.78716691335042,22872600.0,27686200.0,29293525.0,29318066.66666667,35725700.0,48.69800186157226,48.95800018310547,48.5620002746582,49.040000915527344,49.17399978637695,48.886400604248045,49.030799865722656,48.66080017089844,48.22000045776368,47.51000061035156,47.8724006652832,47.41620063781738,47.020600509643565,46.67660064697266,46.20680046081543,45.85680046081543,45.680500411987296,45.500900459289554,45.272200393676755,44.97660026550293,45.762066777547204,45.67713343302409,45.567333475748704,45.510866800944,45.435200119018546,46.69770024617514,46.63153355916341,46.55510025024414,46.47780024210611,46.415233548482256,26658000.0,32530600.0,33548900.0,33623500.0,32499800.0,28985950.0,29781350.0,30525700.0,32821950.0,32755150.0,30043150.0,30031900.0,30392950.0,30485550.0,31197175.0,29314850.0,29547183.33333333,30074333.33333333,30309066.66666667,30800133.33333333,35841225.0,35972941.666666664,36334333.333333336,36928950.0,37034116.66666666,1
2019-09-20,49.29800033569336,49.38999938964844,47.63199996948242,48.124000549316406,31765000,1,48.732400512695314,48.47620048522949,46.29920043945312,45.86540018717447,46.85833358764648,23912500.0,28768000.0,29242025.0,29497850.0,35546183.333333336,49.31999969482422,48.69800186157226,48.95800018310547,48.5620002746582,49.040000915527344,48.9156005859375,48.886400604248045,49.030799865722656,48.66080017089844,48.22000045776368,48.21280059814453,47.8724006652832,47.41620063781738,47.020600509643565,46.67660064697266,46.11450042724609,45.85680046081543,45.680500411987296,45.500900459289554,45.272200393676755,45.849933497110996,45.762066777547204,45.67713343302409,45.567333475748704,45.510866800944,46.78716691335042,46.69770024617514,46.63153355916341,46.55510025024414,46.47780024210611,22872600.0,26658000.0,32530600.0,33548900.0,33623500.0,27686200.0,28985950.0,29781350.0,30525700.0,32821950.0,29293525.0,30043150.0,30031900.0,30392950.0,30485550.0,29318066.66666667,29314850.0,29547183.33333333,30074333.33333333,30309066.66666667,35725700.0,35841225.0,35972941.666666664,36334333.333333336,36928950.0,0
2019-09-23,48.0,49.0359992980957,47.84400177001953,48.24599838256836,21701000,0,48.669200134277354,48.66500015258789,46.5975004196167,45.90686683654785,46.91963354746501,23524600.0,28536750.0,28192425.0,29571516.66666667,35379558.333333336,48.124000549316406,49.31999969482422,48.69800186157226,48.95800018310547,48.5620002746582,48.732400512695314,48.9156005859375,48.886400604248045,49.030799865722656,48.66080017089844,48.47620048522949,48.21280059814453,47.8724006652832,47.41620063781738,47.020600509643565,46.29920043945312,46.11450042724609,45.85680046081543,45.680500411987296,45.500900459289554,45.86540018717447,45.849933497110996,45.762066777547204,45.67713343302409,45.567333475748704,46.85833358764648,46.78716691335042,46.69770024617514,46.63153355916341,46.55510025024414,23912500.0,22872600.0,26658000.0,32530600.0,33548900.0,28768000.0,27686200.0,28985950.0,29781350.0,30525700.0,29242025.0,29293525.0,30043150.0,30031900.0,30392950.0,29497850.0,29318066.66666667,29314850.0,29547183.33333333,30074333.33333333,35546183.333333336,35725700.0,35841225.0,35972941.666666664,36334333.333333336,0
2019-09-24,48.30400085449219,48.39799880981445,44.52199935913086,44.641998291015625,64457500,1,47.80599975585938,48.41839981079102,46.67960033416748,45.86820017496745,46.91880016326904,32550700.0,32540650.0,30152325.0,30942783.33333333,35882900.0,48.24599838256836,48.124000549316406,49.31999969482422,48.69800186157226,48.95800018310547,48.669200134277354,48.732400512695314,48.9156005859375,48.886400604248045,49.030799865722656,48.66500015258789,48.47620048522949,48.21280059814453,47.8724006652832,47.41620063781738,46.5975004196167,46.29920043945312,46.11450042724609,45.85680046081543,45.680500411987296,45.90686683654785,45.86540018717447,45.849933497110996,45.762066777547204,45.67713343302409,46.91963354746501,46.85833358764648,46.78716691335042,46.69770024617514,46.63153355916341,23524600.0,23912500.0,22872600.0,26658000.0,32530600.0,28536750.0,28768000.0,27686200.0,28985950.0,29781350.0,28192425.0,29242025.0,29293525.0,30043150.0,30031900.0,29571516.66666667,29497850.0,29318066.66666667,29314850.0,29547183.33333333,35379558.333333336,35546183.333333336,35725700.0,35841225.0,35972941.666666664,0
2019-09-25,44.9119987487793,45.79600143432617,43.67200088500977,45.7400016784668,47135500,1,47.21439971923828,48.050400161743156,46.82580032348633,45.82620023091635,46.92390022277832,37807600.0,32232800.0,31155050.0,31705950.0,35984041.666666664,44.641998291015625,48.24599838256836,48.124000549316406,49.31999969482422,48.69800186157226,47.80599975585938,48.669200134277354,48.732400512695314,48.9156005859375,48.886400604248045,48.41839981079102,48.66500015258789,48.47620048522949,48.21280059814453,47.8724006652832,46.67960033416748,46.5975004196167,46.29920043945312,46.11450042724609,45.85680046081543,45.86820017496745,45.90686683654785,45.86540018717447,45.849933497110996,45.762066777547204,46.91880016326904,46.91963354746501,46.85833358764648,46.78716691335042,46.69770024617514,32550700.0,23524600.0,23912500.0,22872600.0,26658000.0,32540650.0,28536750.0,28768000.0,27686200.0,28985950.0,30152325.0,28192425.0,29242025.0,29293525.0,30043150.0,30942783.33333333,29571516.66666667,29497850.0,29318066.66666667,29314850.0,35882900.0,35379558.333333336,35546183.333333336,35725700.0,35841225.0,1
2019-09-26,46.13199996948242,48.6619987487793,45.47999954223633,48.512001037597656,59422500,0,47.052799987792966,47.984200286865224,47.09550037384033,45.97913360595703,46.98393357594808,44896300.0,33884450.0,33319800.0,32092933.33333333,36202833.333333336,45.7400016784668,44.641998291015625,48.24599838256836,48.124000549316406,49.31999969482422,47.21439971923828,47.80599975585938,48.669200134277354,48.732400512695314,48.9156005859375,48.050400161743156,48.41839981079102,48.66500015258789,48.47620048522949,48.21280059814453,46.82580032348633,46.67960033416748,46.5975004196167,46.29920043945312,46.11450042724609,45.82620023091635,45.86820017496745,45.90686683654785,45.86540018717447,45.849933497110996,46.92390022277832,46.91880016326904,46.91963354746501,46.85833358764648,46.78716691335042,37807600.0,32550700.0,23524600.0,23912500.0,22872600.0,32232800.0,32540650.0,28536750.0,28768000.0,27686200.0,31155050.0,30152325.0,28192425.0,29242025.0,29293525.0,31705950.0,30942783.33333333,29571516.66666667,29497850.0,29318066.66666667,35984041.666666664,35882900.0,35379558.333333336,35546183.333333336,35725700.0,1
2019-09-27,48.43999862670898,49.74200057983398,47.74599838256836,48.42599868774414,55582000,0,47.11319961547851,47.92280006408691,47.29970035552979,46.155733617146815,47.00803356170654,49659700.0,36786100.0,34804025.0,32585733.33333333,35945775.0,48.512001037597656,45.7400016784668,44.641998291015625,48.24599838256836,48.124000549316406,47.052799987792966,47.21439971923828,47.80599975585938,48.669200134277354,48.732400512695314,47.984200286865224,48.050400161743156,48.41839981079102,48.66500015258789,48.47620048522949,47.09550037384033,46.82580032348633,46.67960033416748,46.5975004196167,46.29920043945312,45.97913360595703,45.82620023091635,45.86820017496745,45.90686683654785,45.86540018717447,46.98393357594808,46.92390022277832,46.91880016326904,46.91963354746501,46.85833358764648,44896300.0,37807600.0,32550700.0,23524600.0,23912500.0,33884450.0,32232800.0,32540650.0,28536750.0,28768000.0,33319800.0,31155050.0,30152325.0,28192425.0,29242025.0,32092933.33333333,31705950.0,30942783.33333333,29571516.66666667,29497850.0,36202833.333333336,35984041.666666664,35882900.0,35379558.333333336,35546183.333333336,1
2019-09-30,48.599998474121094,48.79600143432617,47.22200012207031,48.17399978637695,29399000,1,47.098799896240244,47.88400001525879,47.45230026245118,46.295266977945964,47.033933575948076,51199300.0,37361950.0,33943825.0,32715950.0,35846950.0,48.42599868774414,48.512001037597656,45.7400016784668,44.641998291015625,48.24599838256836,47.11319961547851,47.052799987792966,47.21439971923828,47.80599975585938,48.669200134277354,47.92280006408691,47.984200286865224,48.050400161743156,48.41839981079102,48.66500015258789,47.29970035552979,47.09550037384033,46.82580032348633,46.67960033416748,46.5975004196167,46.155733617146815,45.97913360595703,45.82620023091635,45.86820017496745,45.90686683654785,47.00803356170654,46.98393357594808,46.92390022277832,46.91880016326904,46.91963354746501,49659700.0,44896300.0,37807600.0,32550700.0,23524600.0,36786100.0,33884450.0,32232800.0,32540650.0,28536750.0,34804025.0,33319800.0,31155050.0,30152325.0,28192425.0,32585733.33333333,32092933.33333333,31705950.0,30942783.33333333,29571516.66666667,35945775.0,36202833.333333336,35984041.666666664,35882900.0,35379558.333333336,1
2019-10-01,48.29999923706055,49.18999862670898,47.82600021362305,48.9379997253418,30813000,0,47.95800018310547,47.88199996948242,47.6491003036499,46.414333597819,47.08176689147949,44470400.0,38510550.0,34145950.0,32858116.66666667,35870458.333333336,48.17399978637695,48.42599868774414,48.512001037597656,45.7400016784668,44.641998291015625,47.098799896240244,47.11319961547851,47.052799987792966,47.21439971923828,47.80599975585938,47.88400001525879,47.92280006408691,47.984200286865224,48.050400161743156,48.41839981079102,47.45230026245118,47.29970035552979,47.09550037384033,46.82580032348633,46.67960033416748,46.295266977945964,46.155733617146815,45.97913360595703,45.82620023091635,45.86820017496745,47.033933575948076,47.00803356170654,46.98393357594808,46.92390022277832,46.91880016326904,51199300.0,49659700.0,44896300.0,37807600.0,32550700.0,37361950.0,36786100.0,33884450.0,32232800.0,32540650.0,33943825.0,34804025.0,33319800.0,31155050.0,30152325.0,32715950.0,32585733.33333333,32092933.33333333,31705950.0,30942783.33333333,35846950.0,35945775.0,36202833.333333336,35984041.666666664,35882900.0,0
2019-10-02,48.65800094604492,48.93000030517578,47.88600158691406,48.6259994506836,28157000,0,48.53519973754883,47.87479972839356,47.87360019683838,46.52946688334146,47.1253335316976,40674700.0,39241150.0,34113550.0,33109150.0,35823841.666666664,48.9379997253418,48.17399978637695,48.42599868774414,48.512001037597656,45.7400016784668,47.95800018310547,47.098799896240244,47.11319961547851,47.052799987792966,47.21439971923828,47.88199996948242,47.88400001525879,47.92280006408691,47.984200286865224,48.050400161743156,47.6491003036499,47.45230026245118,47.29970035552979,47.09550037384033,46.82580032348633,46.414333597819,46.295266977945964,46.155733617146815,45.97913360595703,45.82620023091635,47.08176689147949,47.033933575948076,47.00803356170654,46.98393357594808,46.92390022277832,44470400.0,51199300.0,49659700.0,44896300.0,37807600.0,38510550.0,37361950.0,36786100.0,33884450.0,32232800.0,34145950.0,33943825.0,34804025.0,33319800.0,31155050.0,32858116.66666667,32715950.0,32585733.33333333,32092933.33333333,31705950.0,35870458.333333336,35846950.0,35945775.0,36202833.333333336,35984041.666666664,1
2019-10-03,46.37200164794922,46.89599990844727,44.85599899291992,46.60599899291992,75422500,0,48.15399932861328,47.60339965820312,47.90810012817383,46.610800170898436,47.10570017496745,43874700.0,44385500.0,36035850.0,34324183.333333336,36318741.66666666,48.6259994506836,48.9379997253418,48.17399978637695,48.42599868774414,48.512001037597656,48.53519973754883,47.95800018310547,47.098799896240244,47.11319961547851,47.052799987792966,47.87479972839356,47.88199996948242,47.88400001525879,47.92280006408691,47.984200286865224,47.87360019683838,47.6491003036499,47.45230026245118,47.29970035552979,47.09550037384033,46.52946688334146,46.414333597819,46.295266977945964,46.155733617146815,45.97913360595703,47.1253335316976,47.08176689147949,47.033933575948076,47.00803356170654,46.98393357594808,40674700.0,44470400.0,51199300.0,49659700.0,44896300.0,39241150.0,38510550.0,37361950.0,36786100.0,33884450.0,34113550.0,34145950.0,33943825.0,34804025.0,33319800.0,33109150.0,32858116.66666667,32715950.0,32585733.33333333,32092933.33333333,35823841.666666664,35870458.333333336,35846950.0,35945775.0,36202833.333333336,0
2019-10-04,46.321998596191406,46.95600128173828,45.61399841308594,46.2859992980957,39975000,1,47.7259994506836,47.41959953308106,47.94790000915528,46.672666803995774,47.081800142923996,40753300.0,45206500.0,36987250.0,34563516.666666664,36358791.66666666,46.60599899291992,48.6259994506836,48.9379997253418,48.17399978637695,48.42599868774414,48.15399932861328,48.53519973754883,47.95800018310547,47.098799896240244,47.11319961547851,47.60339965820312,47.87479972839356,47.88199996948242,47.88400001525879,47.92280006408691,47.90810012817383,47.87360019683838,47.6491003036499,47.45230026245118,47.29970035552979,46.610800170898436,46.52946688334146,46.414333597819,46.295266977945964,46.155733617146815,47.10570017496745,47.1253335316976,47.08176689147949,47.033933575948076,47.00803356170654,43874700.0,40674700.0,44470400.0,51199300.0,49659700.0,44385500.0,39241150.0,38510550.0,37361950.0,36786100.0,36035850.0,34113550.0,34145950.0,33943825.0,34804025.0,34324183.333333336,33109150.0,32858116.66666667,32715950.0,32585733.33333333,36318741.66666666,35823841.666666664,35870458.333333336,35846950.0,35945775.0,0
2019-10-07,45.959999084472656,47.71200180053711,45.709999084472656,47.54399871826172,40321000,1,47.59999923706054,47.34939956665039,48.00719985961914,46.84813346862793,47.057266807556154,42937700.0,47068500.0,37802625.0,34484450.0,36264100.0,46.2859992980957,46.60599899291992,48.6259994506836,48.9379997253418,48.17399978637695,47.7259994506836,48.15399932861328,48.53519973754883,47.95800018310547,47.098799896240244,47.41959953308106,47.60339965820312,47.87479972839356,47.88199996948242,47.88400001525879,47.94790000915528,47.90810012817383,47.87360019683838,47.6491003036499,47.45230026245118,46.672666803995774,46.610800170898436,46.52946688334146,46.414333597819,46.295266977945964,47.081800142923996,47.10570017496745,47.1253335316976,47.08176689147949,47.033933575948076,40753300.0,43874700.0,40674700.0,44470400.0,51199300.0,45206500.0,44385500.0,39241150.0,38510550.0,37361950.0,36987250.0,36035850.0,34113550.0,34145950.0,33943825.0,34563516.666666664,34324183.333333336,33109150.0,32858116.66666667,32715950.0,36358791.66666666,36318741.66666666,35823841.666666664,35870458.333333336,35846950.0,1
2019-10-08,47.17399978637695,48.78799819946289,46.9000015258789,48.0099983215332,43391000,1,47.41439895629882,47.68619956970215,48.052299690246585,47.01513341267904,47.01243343353271,45453300.0,44961850.0,38751250.0,35088833.333333336,36070608.333333336,47.54399871826172,46.2859992980957,46.60599899291992,48.6259994506836,48.9379997253418,47.59999923706054,47.7259994506836,48.15399932861328,48.53519973754883,47.95800018310547,47.34939956665039,47.41959953308106,47.60339965820312,47.87479972839356,47.88199996948242,48.00719985961914,47.94790000915528,47.90810012817383,47.87360019683838,47.6491003036499,46.84813346862793,46.672666803995774,46.610800170898436,46.52946688334146,46.414333597819,47.057266807556154,47.081800142923996,47.10570017496745,47.1253335316976,47.08176689147949,42937700.0,40753300.0,43874700.0,40674700.0,44470400.0,47068500.0,45206500.0,44385500.0,39241150.0,38510550.0,37802625.0,36987250.0,36035850.0,34113550.0,34145950.0,34484450.0,34563516.666666664,34324183.333333336,33109150.0,32858116.66666667,36264100.0,36358791.66666666,36318741.66666666,35823841.666666664,35870458.333333336,0
2019-10-09,48.26399993896485,49.459999084472656,48.13000106811523,48.90599822998047,34472000,1,47.4703987121582,48.002799224853526,48.02659969329834,47.21813329060873,46.986266708374025,46716300.0,43695500.0,37964150.0,35335200.0,35966058.333333336,48.0099983215332,47.54399871826172,46.2859992980957,46.60599899291992,48.6259994506836,47.41439895629882,47.59999923706054,47.7259994506836,48.15399932861328,48.53519973754883,47.68619956970215,47.34939956665039,47.41959953308106,47.60339965820312,47.87479972839356,48.052299690246585,48.00719985961914,47.94790000915528,47.90810012817383,47.87360019683838,47.01513341267904,46.84813346862793,46.672666803995774,46.610800170898436,46.52946688334146,47.01243343353271,47.057266807556154,47.081800142923996,47.10570017496745,47.1253335316976,45453300.0,42937700.0,40753300.0,43874700.0,40674700.0,44961850.0,47068500.0,45206500.0,44385500.0,39241150.0,38751250.0,37802625.0,36987250.0,36035850.0,34113550.0,35088833.333333336,34484450.0,34563516.666666664,34324183.333333336,33109150.0,36070608.333333336,36264100.0,36358791.66666666,36318741.66666666,35823841.666666664,1
2019-10-10,49.05599975585938,49.85599899291992,48.316001892089844,48.94800186157226,31416500,1,47.93879928588867,48.04639930725098,48.015299797058105,47.412466684977204,46.952533404032394,37915100.0,40894900.0,37389675.0,35844833.333333336,35675941.666666664,48.90599822998047,48.0099983215332,47.54399871826172,46.2859992980957,46.60599899291992,47.4703987121582,47.41439895629882,47.59999923706054,47.7259994506836,48.15399932861328,48.002799224853526,47.68619956970215,47.34939956665039,47.41959953308106,47.60339965820312,48.02659969329834,48.052299690246585,48.00719985961914,47.94790000915528,47.90810012817383,47.21813329060873,47.01513341267904,46.84813346862793,46.672666803995774,46.610800170898436,46.986266708374025,47.01243343353271,47.057266807556154,47.081800142923996,47.10570017496745,46716300.0,45453300.0,42937700.0,40753300.0,43874700.0,43695500.0,44961850.0,47068500.0,45206500.0,44385500.0,37964150.0,38751250.0,37802625.0,36987250.0,36035850.0,35335200.0,35088833.333333336,34484450.0,34563516.666666664,34324183.333333336,35966058.333333336,36070608.333333336,36264100.0,36358791.66666666,36318741.66666666,0
2019-10-11,49.43000030517578,50.21599960327149,49.36199951171875,49.57799911499024,42377000,1,48.597199249267575,48.161599349975596,48.04219970703125,47.58700002034505,46.93370005289714,38395500.0,39574400.0,38180250.0,36394150.0,35985675.0,48.94800186157226,48.90599822998047,48.0099983215332,47.54399871826172,46.2859992980957,47.93879928588867,47.4703987121582,47.41439895629882,47.59999923706054,47.7259994506836,48.04639930725098,48.002799224853526,47.68619956970215,47.34939956665039,47.41959953308106,48.015299797058105,48.02659969329834,48.052299690246585,48.00719985961914,47.94790000915528,47.412466684977204,47.21813329060873,47.01513341267904,46.84813346862793,46.672666803995774,46.952533404032394,46.986266708374025,47.01243343353271,47.057266807556154,47.081800142923996,37915100.0,46716300.0,45453300.0,42937700.0,40753300.0,40894900.0,43695500.0,44961850.0,47068500.0,45206500.0,37389675.0,37964150.0,38751250.0,37802625.0,36987250.0,35844833.333333336,35335200.0,35088833.333333336,34484450.0,34563516.666666664,35675941.666666664,35966058.333333336,36070608.333333336,36264100.0,36358791.66666666,1
2019-10-14,49.58000183105469,51.709999084472656,49.42599868774414,51.39199829101562,51025000,1,49.36679916381836,48.48339920043945,48.18369960784912,47.79599990844726,46.92963333129883,40536300.0,41737000.0,39549475.0,36541550.0,36248725.0,49.57799911499024,48.94800186157226,48.90599822998047,48.0099983215332,47.54399871826172,48.597199249267575,47.93879928588867,47.4703987121582,47.41439895629882,47.59999923706054,48.161599349975596,48.04639930725098,48.002799224853526,47.68619956970215,47.34939956665039,48.04219970703125,48.015299797058105,48.02659969329834,48.052299690246585,48.00719985961914,47.58700002034505,47.412466684977204,47.21813329060873,47.01513341267904,46.84813346862793,46.93370005289714,46.952533404032394,46.986266708374025,47.01243343353271,47.057266807556154,38395500.0,37915100.0,46716300.0,45453300.0,42937700.0,39574400.0,40894900.0,43695500.0,44961850.0,47068500.0,38180250.0,37389675.0,37964150.0,38751250.0,37802625.0,36394150.0,35844833.333333336,35335200.0,35088833.333333336,34484450.0,35985675.0,35675941.666666664,35966058.333333336,36070608.333333336,36264100.0,0
2019-10-15,51.540000915527344,52.0,50.82400131225586,51.57799911499024,32164000,1,50.080399322509756,48.74739913940429,48.31469955444336,48.015199915568026,46.936999956766755,38290900.0,41872100.0,40191325.0,36721333.333333336,36214591.66666666,51.39199829101562,49.57799911499024,48.94800186157226,48.90599822998047,48.0099983215332,49.36679916381836,48.597199249267575,47.93879928588867,47.4703987121582,47.41439895629882,48.48339920043945,48.161599349975596,48.04639930725098,48.002799224853526,47.68619956970215,48.18369960784912,48.04219970703125,48.015299797058105,48.02659969329834,48.052299690246585,47.79599990844726,47.58700002034505,47.412466684977204,47.21813329060873,47.01513341267904,46.92963333129883,46.93370005289714,46.952533404032394,46.986266708374025,47.01243343353271,40536300.0,38395500.0,37915100.0,46716300.0,45453300.0,41737000.0,39574400.0,40894900.0,43695500.0,44961850.0,39549475.0,38180250.0,37389675.0,37964150.0,38751250.0,36541550.0,36394150.0,35844833.333333336,35335200.0,35088833.333333336,36248725.0,35985675.0,35675941.666666664,35966058.333333336,36070608.333333336,0
2019-10-16,51.47800064086914,52.41999816894531,51.38399887084961,51.95000076293945,33420500,1,50.68919982910156,49.07979927062989,48.477299499511716,48.27566655476889,46.935599962870285,38080600.0,42398450.0,40819800.0,36875183.333333336,36353008.333333336,51.57799911499024,51.39199829101562,49.57799911499024,48.94800186157226,48.90599822998047,50.080399322509756,49.36679916381836,48.597199249267575,47.93879928588867,47.4703987121582,48.74739913940429,48.48339920043945,48.161599349975596,48.04639930725098,48.002799224853526,48.31469955444336,48.18369960784912,48.04219970703125,48.015299797058105,48.02659969329834,48.015199915568026,47.79599990844726,47.58700002034505,47.412466684977204,47.21813329060873,46.936999956766755,46.92963333129883,46.93370005289714,46.952533404032394,46.986266708374025,38290900.0,40536300.0,38395500.0,37915100.0,46716300.0,41872100.0,41737000.0,39574400.0,40894900.0,43695500.0,40191325.0,39549475.0,38180250.0,37389675.0,37964150.0,36721333.333333336,36541550.0,36394150.0,35844833.333333336,35335200.0,36214591.66666666,36248725.0,35985675.0,35675941.666666664,35966058.333333336,1
2019-10-17,52.5,52.95600128173828,52.03400039672852,52.39400100708008,23846500,0,51.378399658203115,49.6585994720459,48.63099956512451,48.49159990946452,46.92589995066325,36566600.0,37240850.0,40813175.0,36437516.66666666,35827716.666666664,51.95000076293945,51.57799911499024,51.39199829101562,49.57799911499024,48.94800186157226,50.68919982910156,50.080399322509756,49.36679916381836,48.597199249267575,47.93879928588867,49.07979927062989,48.74739913940429,48.48339920043945,48.161599349975596,48.04639930725098,48.477299499511716,48.31469955444336,48.18369960784912,48.04219970703125,48.015299797058105,48.27566655476889,48.015199915568026,47.79599990844726,47.58700002034505,47.412466684977204,46.935599962870285,46.936999956766755,46.92963333129883,46.93370005289714,46.952533404032394,38080600.0,38290900.0,40536300.0,38395500.0,37915100.0,42398450.0,41872100.0,41737000.0,39574400.0,40894900.0,40819800.0,40191325.0,39549475.0,38180250.0,37389675.0,36875183.333333336,36721333.333333336,36541550.0,36394150.0,35844833.333333336,36353008.333333336,36214591.66666666,36248725.0,35985675.0,35675941.666666664,1
2019-10-18,52.13999938964844,52.56000137329102,51.02000045776367,51.38999938964844,28749000,0,51.740799713134756,50.16899948120117,48.79429950714111,48.68826649983725,47.01966660817464,33841000.0,36118250.0,40662375.0,36697583.333333336,34438675.0,52.39400100708008,51.95000076293945,51.57799911499024,51.39199829101562,49.57799911499024,51.378399658203115,50.68919982910156,50.080399322509756,49.36679916381836,48.597199249267575,49.6585994720459,49.07979927062989,48.74739913940429,48.48339920043945,48.161599349975596,48.63099956512451,48.477299499511716,48.31469955444336,48.18369960784912,48.04219970703125,48.49159990946452,48.27566655476889,48.015199915568026,47.79599990844726,47.58700002034505,46.92589995066325,46.935599962870285,46.936999956766755,46.92963333129883,46.93370005289714,36566600.0,38080600.0,38290900.0,40536300.0,38395500.0,37240850.0,42398450.0,41872100.0,41737000.0,39574400.0,40813175.0,40819800.0,40191325.0,39549475.0,38180250.0,36437516.66666666,36875183.333333336,36721333.333333336,36541550.0,36394150.0,35827716.666666664,36353008.333333336,36214591.66666666,36248725.0,35985675.0,0
2019-10-21,51.66600036621094,51.9000015258789,50.0359992980957,50.70000076293945,25101500,1,51.60240020751953,50.484599685668954,48.916999626159665,48.832999801635744,47.1045332590739,28656300.0,34596300.0,40832400.0,36733850.0,34021391.666666664,51.38999938964844,52.39400100708008,51.95000076293945,51.57799911499024,51.39199829101562,51.740799713134756,51.378399658203115,50.68919982910156,50.080399322509756,49.36679916381836,50.16899948120117,49.6585994720459,49.07979927062989,48.74739913940429,48.48339920043945,48.79429950714111,48.63099956512451,48.477299499511716,48.31469955444336,48.18369960784912,48.68826649983725,48.49159990946452,48.27566655476889,48.015199915568026,47.79599990844726,47.01966660817464,46.92589995066325,46.935599962870285,46.936999956766755,46.92963333129883,33841000.0,36566600.0,38080600.0,38290900.0,40536300.0,36118250.0,37240850.0,42398450.0,41872100.0,41737000.0,40662375.0,40813175.0,40819800.0,40191325.0,39549475.0,36697583.333333336,36437516.66666666,36875183.333333336,36721333.333333336,36541550.0,34438675.0,35827716.666666664,36353008.333333336,36214591.66666666,36248725.0,0
2019-10-22,50.86399841308594,51.66600036621094,50.16999816894531,51.11600112915039,23004000,0,51.51000061035156,50.79519996643065,49.240699768066406,48.96659978230794,47.17056662241618,26824300.0,32557600.0,38759725.0,36686700.0,33632016.666666664,50.70000076293945,51.38999938964844,52.39400100708008,51.95000076293945,51.57799911499024,51.60240020751953,51.740799713134756,51.378399658203115,50.68919982910156,50.080399322509756,50.484599685668954,50.16899948120117,49.6585994720459,49.07979927062989,48.74739913940429,48.916999626159665,48.79429950714111,48.63099956512451,48.477299499511716,48.31469955444336,48.832999801635744,48.68826649983725,48.49159990946452,48.27566655476889,48.015199915568026,47.1045332590739,47.01966660817464,46.92589995066325,46.935599962870285,46.936999956766755,28656300.0,33841000.0,36566600.0,38080600.0,38290900.0,34596300.0,36118250.0,37240850.0,42398450.0,41872100.0,40832400.0,40662375.0,40813175.0,40819800.0,40191325.0,36733850.0,36697583.333333336,36437516.66666666,36875183.333333336,36721333.333333336,34021391.666666664,34438675.0,35827716.666666664,36353008.333333336,36214591.66666666,0
2019-10-23,50.9000015258789,51.22800064086914,50.27000045776367,50.93600082397461,26305500,1,51.307200622558604,50.998200225830075,49.5004997253418,49.017133204142254,47.21196664174398,25401300.0,31740950.0,37718225.0,35889750.0,33394691.66666667,51.11600112915039,50.70000076293945,51.38999938964844,52.39400100708008,51.95000076293945,51.51000061035156,51.60240020751953,51.740799713134756,51.378399658203115,50.68919982910156,50.79519996643065,50.484599685668954,50.16899948120117,49.6585994720459,49.07979927062989,49.240699768066406,48.916999626159665,48.79429950714111,48.63099956512451,48.477299499511716,48.96659978230794,48.832999801635744,48.68826649983725,48.49159990946452,48.27566655476889,47.17056662241618,47.1045332590739,47.01966660817464,46.92589995066325,46.935599962870285,26824300.0,28656300.0,33841000.0,36566600.0,38080600.0,32557600.0,34596300.0,36118250.0,37240850.0,42398450.0,38759725.0,40832400.0,40662375.0,40813175.0,40819800.0,36686700.0,36733850.0,36697583.333333336,36437516.66666666,36875183.333333336,33632016.666666664,34021391.666666664,34438675.0,35827716.666666664,36353008.333333336,0
2019-10-24,59.67399978637695,60.986000061035156,57.84000015258789,59.93600082397461,148604500,1,52.8156005859375,52.09700012207031,50.071699714660646,49.375866572062165,47.40553334554036,50352900.0,43459750.0,42177325.0,39413033.333333336,35106583.333333336,50.93600082397461,51.11600112915039,50.70000076293945,51.38999938964844,52.39400100708008,51.307200622558604,51.51000061035156,51.60240020751953,51.740799713134756,51.378399658203115,50.998200225830075,50.79519996643065,50.484599685668954,50.16899948120117,49.6585994720459,49.5004997253418,49.240699768066406,48.916999626159665,48.79429950714111,48.63099956512451,49.017133204142254,48.96659978230794,48.832999801635744,48.68826649983725,48.49159990946452,47.21196664174398,47.17056662241618,47.1045332590739,47.01966660817464,46.92589995066325,25401300.0,26824300.0,28656300.0,33841000.0,36566600.0,31740950.0,32557600.0,34596300.0,36118250.0,37240850.0,37718225.0,38759725.0,40832400.0,40662375.0,40813175.0,35889750.0,36686700.0,36733850.0,36697583.333333336,36437516.66666666,33394691.66666667,33632016.666666664,34021391.666666664,34438675.0,35827716.666666664,0
2019-10-25,59.54399871826172,66.0,59.22200012207031,65.62599945068361,150030500,0,55.66280059814453,53.701800155639646,50.93169975280762,49.928733189900726,47.71979999542236,74609200.0,54225100.0,46899750.0,43528533.333333336,36918800.0,59.93600082397461,50.93600082397461,51.11600112915039,50.70000076293945,51.38999938964844,52.8156005859375,51.307200622558604,51.51000061035156,51.60240020751953,51.740799713134756,52.09700012207031,50.998200225830075,50.79519996643065,50.484599685668954,50.16899948120117,50.071699714660646,49.5004997253418,49.240699768066406,48.916999626159665,48.79429950714111,49.375866572062165,49.017133204142254,48.96659978230794,48.832999801635744,48.68826649983725,47.40553334554036,47.21196664174398,47.17056662241618,47.1045332590739,47.01966660817464,50352900.0,25401300.0,26824300.0,28656300.0,33841000.0,43459750.0,31740950.0,32557600.0,34596300.0,36118250.0,42177325.0,37718225.0,38759725.0,40832400.0,40662375.0,39413033.333333336,35889750.0,36686700.0,36733850.0,36697583.333333336,35106583.333333336,33394691.66666667,33632016.666666664,34021391.666666664,34438675.0,0
2019-10-28,65.50800323486328,68.16799926757811,64.51999664306639,65.54199981689453,94351500,0,58.63120040893555,55.11680030822754,51.800099754333495,50.49473317464194,48.03103332519531,88459200.0,58557750.0,50147375.0,45885566.66666666,37979950.0,65.62599945068361,59.93600082397461,50.93600082397461,51.11600112915039,50.70000076293945,55.66280059814453,52.8156005859375,51.307200622558604,51.51000061035156,51.60240020751953,53.701800155639646,52.09700012207031,50.998200225830075,50.79519996643065,50.484599685668954,50.93169975280762,50.071699714660646,49.5004997253418,49.240699768066406,48.916999626159665,49.928733189900726,49.375866572062165,49.017133204142254,48.96659978230794,48.832999801635744,47.71979999542236,47.40553334554036,47.21196664174398,47.17056662241618,47.1045332590739,74609200.0,50352900.0,25401300.0,26824300.0,28656300.0,54225100.0,43459750.0,31740950.0,32557600.0,34596300.0,46899750.0,42177325.0,37718225.0,38759725.0,40832400.0,43528533.333333336,39413033.333333336,35889750.0,36686700.0,36733850.0,36918800.0,35106583.333333336,33394691.66666667,33632016.666666664,34021391.666666664,1
2019-10-29,63.99800109863281,64.86000061035156,62.95000076293945,63.24399948120117,63421500,0,61.056800079345706,56.28340034484863,52.51539974212646,50.97093315124512,48.3240332921346,96542700.0,61683500.0,51777800.0,47355383.33333334,38451283.333333336,65.54199981689453,65.62599945068361,59.93600082397461,50.93600082397461,51.11600112915039,58.63120040893555,55.66280059814453,52.8156005859375,51.307200622558604,51.51000061035156,55.11680030822754,53.701800155639646,52.09700012207031,50.998200225830075,50.79519996643065,51.800099754333495,50.93169975280762,50.071699714660646,49.5004997253418,49.240699768066406,50.49473317464194,49.928733189900726,49.375866572062165,49.017133204142254,48.96659978230794,48.03103332519531,47.71979999542236,47.40553334554036,47.21196664174398,47.17056662241618,88459200.0,74609200.0,50352900.0,25401300.0,26824300.0,58557750.0,54225100.0,43459750.0,31740950.0,32557600.0,50147375.0,46899750.0,42177325.0,37718225.0,38759725.0,45885566.66666666,43528533.333333336,39413033.333333336,35889750.0,36686700.0,37979950.0,36918800.0,35106583.333333336,33394691.66666667,33632016.666666664,1
2019-10-30,62.599998474121094,63.75799942016602,61.99399948120117,63.00199890136719,48209000,0,63.46999969482422,57.388600158691396,53.23419971466065,51.44773305257162,48.604899915059406,100923400.0,63162350.0,52780400.0,48267316.66666666,38791083.333333336,63.24399948120117,65.54199981689453,65.62599945068361,59.93600082397461,50.93600082397461,61.056800079345706,58.63120040893555,55.66280059814453,52.8156005859375,51.307200622558604,56.28340034484863,55.11680030822754,53.701800155639646,52.09700012207031,50.998200225830075,52.51539974212646,51.800099754333495,50.93169975280762,50.071699714660646,49.5004997253418,50.97093315124512,50.49473317464194,49.928733189900726,49.375866572062165,49.017133204142254,48.3240332921346,48.03103332519531,47.71979999542236,47.40553334554036,47.21196664174398,96542700.0,88459200.0,74609200.0,50352900.0,25401300.0,61683500.0,58557750.0,54225100.0,43459750.0,31740950.0,51777800.0,50147375.0,46899750.0,42177325.0,37718225.0,47355383.33333334,45885566.66666666,43528533.333333336,39413033.333333336,35889750.0,38451283.333333336,37979950.0,36918800.0,35106583.333333336,33394691.66666667,1
2019-10-31,62.61999893188477,63.79999923706055,62.599998474121094,62.98400115966797,25335000,0,64.0795997619629,58.447600173950185,54.05309982299805,51.90319976806641,48.87656663258871,76269500.0,63311200.0,50276025.0,48312516.66666666,38815291.66666666,63.00199890136719,63.24399948120117,65.54199981689453,65.62599945068361,59.93600082397461,63.46999969482422,61.056800079345706,58.63120040893555,55.66280059814453,52.8156005859375,57.388600158691396,56.28340034484863,55.11680030822754,53.701800155639646,52.09700012207031,53.23419971466065,52.51539974212646,51.800099754333495,50.93169975280762,50.071699714660646,51.44773305257162,50.97093315124512,50.49473317464194,49.928733189900726,49.375866572062165,48.604899915059406,48.3240332921346,48.03103332519531,47.71979999542236,47.40553334554036,100923400.0,96542700.0,88459200.0,74609200.0,50352900.0,63162350.0,61683500.0,58557750.0,54225100.0,43459750.0,52780400.0,51777800.0,50147375.0,46899750.0,42177325.0,48267316.66666666,47355383.33333334,45885566.66666666,43528533.333333336,39413033.333333336,38791083.333333336,38451283.333333336,37979950.0,36918800.0,35106583.333333336,0
2019-11-01,63.26399993896485,63.29600143432617,61.959999084472656,62.6619987487793,31919500,1,63.48679962158203,59.57480010986328,54.87189979553223,52.3877997080485,49.126599947611496,52647300.0,63628250.0,49873250.0,48317666.66666666,38907758.333333336,62.98400115966797,63.00199890136719,63.24399948120117,65.54199981689453,65.62599945068361,64.0795997619629,63.46999969482422,61.056800079345706,58.63120040893555,55.66280059814453,58.447600173950185,57.388600158691396,56.28340034484863,55.11680030822754,53.701800155639646,54.05309982299805,53.23419971466065,52.51539974212646,51.800099754333495,50.93169975280762,51.90319976806641,51.44773305257162,50.97093315124512,50.49473317464194,49.928733189900726,48.87656663258871,48.604899915059406,48.3240332921346,48.03103332519531,47.71979999542236,76269500.0,100923400.0,96542700.0,88459200.0,74609200.0,63311200.0,63162350.0,61683500.0,58557750.0,54225100.0,50276025.0,52780400.0,51777800.0,50147375.0,46899750.0,48312516.66666666,48267316.66666666,47355383.33333334,45885566.66666666,43528533.333333336,38815291.66666666,38791083.333333336,38451283.333333336,37979950.0,36918800.0,1
2019-11-04,62.959999084472656,64.38800048828125,61.85200119018555,63.49399948120117,43935000,0,63.07719955444336,60.85419998168946,55.6693998336792,52.89606641133626,49.40146662394206,42564000.0,65511600.0,50053950.0,49058800.0,39315158.333333336,62.6619987487793,62.98400115966797,63.00199890136719,63.24399948120117,65.54199981689453,63.48679962158203,64.0795997619629,63.46999969482422,61.056800079345706,58.63120040893555,59.57480010986328,58.447600173950185,57.388600158691396,56.28340034484863,55.11680030822754,54.87189979553223,54.05309982299805,53.23419971466065,52.51539974212646,51.800099754333495,52.3877997080485,51.90319976806641,51.44773305257162,50.97093315124512,50.49473317464194,49.126599947611496,48.87656663258871,48.604899915059406,48.3240332921346,48.03103332519531,52647300.0,76269500.0,100923400.0,96542700.0,88459200.0,63628250.0,63311200.0,63162350.0,61683500.0,58557750.0,49873250.0,50276025.0,52780400.0,51777800.0,50147375.0,48317666.66666666,48312516.66666666,48267316.66666666,47355383.33333334,45885566.66666666,38907758.333333336,38815291.66666666,38791083.333333336,38451283.333333336,37979950.0,0
2019-11-05,63.92399978637695,64.70200347900389,63.2239990234375,63.44400024414063,34717000,1,63.11719970703125,62.08699989318848,56.44109992980957,53.52279980977377,49.69549999237061,36823100.0,66682900.0,49620250.0,48067450.0,39505116.66666666,63.49399948120117,62.6619987487793,62.98400115966797,63.00199890136719,63.24399948120117,63.07719955444336,63.48679962158203,64.0795997619629,63.46999969482422,61.056800079345706,60.85419998168946,59.57480010986328,58.447600173950185,57.388600158691396,56.28340034484863,55.6693998336792,54.87189979553223,54.05309982299805,53.23419971466065,52.51539974212646,52.89606641133626,52.3877997080485,51.90319976806641,51.44773305257162,50.97093315124512,49.40146662394206,49.126599947611496,48.87656663258871,48.604899915059406,48.3240332921346,42564000.0,52647300.0,76269500.0,100923400.0,96542700.0,65511600.0,63628250.0,63311200.0,63162350.0,61683500.0,50053950.0,49873250.0,50276025.0,52780400.0,51777800.0,49058800.0,48317666.66666666,48312516.66666666,48267316.66666666,47355383.33333334,39315158.333333336,38907758.333333336,38815291.66666666,38791083.333333336,38451283.333333336,0
2019-11-06,63.599998474121094,65.34400177001953,62.9000015258789,65.31600189208984,39704500,1,63.58000030517578,63.525,57.26160011291504,54.175333150227864,50.0007666905721,35122200.0,68022800.0,49881875.0,47819750.0,39762850.0,63.44400024414063,63.49399948120117,62.6619987487793,62.98400115966797,63.00199890136719,63.11719970703125,63.07719955444336,63.48679962158203,64.0795997619629,63.46999969482422,62.08699989318848,60.85419998168946,59.57480010986328,58.447600173950185,57.388600158691396,56.44109992980957,55.6693998336792,54.87189979553223,54.05309982299805,53.23419971466065,53.52279980977377,52.89606641133626,52.3877997080485,51.90319976806641,51.44773305257162,49.69549999237061,49.40146662394206,49.126599947611496,48.87656663258871,48.604899915059406,36823100.0,42564000.0,52647300.0,76269500.0,100923400.0,66682900.0,65511600.0,63628250.0,63311200.0,63162350.0,49620250.0,50053950.0,49873250.0,50276025.0,52780400.0,48067450.0,49058800.0,48317666.66666666,48312516.66666666,48267316.66666666,39505116.66666666,39315158.333333336,38907758.333333336,38815291.66666666,38791083.333333336,0
2019-11-07,65.8280029296875,68.30000305175781,65.60399627685547,67.10800170898439,72336500,1,64.40480041503906,64.24220008850098,58.169600105285646,54.79519983927409,50.38716672261557,44522500.0,60396000.0,51927875.0,48250216.66666666,40171575.0,65.31600189208984,63.44400024414063,63.49399948120117,62.6619987487793,62.98400115966797,63.58000030517578,63.11719970703125,63.07719955444336,63.48679962158203,64.0795997619629,63.525,62.08699989318848,60.85419998168946,59.57480010986328,58.447600173950185,57.26160011291504,56.44109992980957,55.6693998336792,54.87189979553223,54.05309982299805,54.175333150227864,53.52279980977377,52.89606641133626,52.3877997080485,51.90319976806641,50.0007666905721,49.69549999237061,49.40146662394206,49.126599947611496,48.87656663258871,35122200.0,36823100.0,42564000.0,52647300.0,76269500.0,68022800.0,66682900.0,65511600.0,63628250.0,63311200.0,49881875.0,49620250.0,50053950.0,49873250.0,50276025.0,47819750.0,48067450.0,49058800.0,48317666.66666666,48312516.66666666,39762850.0,39505116.66666666,39315158.333333336,38907758.333333336,38815291.66666666,1
2019-11-08,66.90000152587889,67.49199676513672,66.5,67.42800140380861,30346000,1,65.35800094604492,64.42240028381347,59.06210021972656,55.42859992980957,50.792166773478186,44207800.0,48427550.0,51326325.0,47409016.66666666,39997375.0,67.10800170898439,65.31600189208984,63.44400024414063,63.49399948120117,62.6619987487793,64.40480041503906,63.58000030517578,63.11719970703125,63.07719955444336,63.48679962158203,64.24220008850098,63.525,62.08699989318848,60.85419998168946,59.57480010986328,58.169600105285646,57.26160011291504,56.44109992980957,55.6693998336792,54.87189979553223,54.79519983927409,54.175333150227864,53.52279980977377,52.89606641133626,52.3877997080485,50.38716672261557,50.0007666905721,49.69549999237061,49.40146662394206,49.126599947611496,44522500.0,35122200.0,36823100.0,42564000.0,52647300.0,60396000.0,68022800.0,66682900.0,65511600.0,63628250.0,51927875.0,49881875.0,49620250.0,50053950.0,49873250.0,48250216.66666666,47819750.0,48067450.0,49058800.0,48317666.66666666,40171575.0,39762850.0,39505116.66666666,39315158.333333336,38907758.333333336,1
2019-11-11,68.79000091552734,69.83799743652344,68.40000152587889,69.01799774169922,49933500,1,66.46280059814453,64.77000007629394,59.94340019226074,56.12339986165365,51.20933341979981,45407500.0,43985750.0,51271750.0,48093500.0,40404725.0,67.42800140380861,67.10800170898439,65.31600189208984,63.44400024414063,63.49399948120117,65.35800094604492,64.40480041503906,63.58000030517578,63.11719970703125,63.07719955444336,64.42240028381347,64.24220008850098,63.525,62.08699989318848,60.85419998168946,59.06210021972656,58.169600105285646,57.26160011291504,56.44109992980957,55.6693998336792,55.42859992980957,54.79519983927409,54.175333150227864,53.52279980977377,52.89606641133626,50.792166773478186,50.38716672261557,50.0007666905721,49.69549999237061,49.40146662394206,44207800.0,44522500.0,35122200.0,36823100.0,42564000.0,48427550.0,60396000.0,68022800.0,66682900.0,65511600.0,51326325.0,51927875.0,49881875.0,49620250.0,50053950.0,47409016.66666666,48250216.66666666,47819750.0,48067450.0,49058800.0,39997375.0,40171575.0,39762850.0,39505116.66666666,39315158.333333336,1
2019-11-12,69.37999725341797,70.07399749755861,68.80799865722656,69.98600006103516,36797000,0,67.77120056152344,65.44420013427734,60.86380023956299,56.82499987284343,51.61966673533122,45823500.0,41323300.0,51503400.0,48292966.66666666,40575541.66666666,69.01799774169922,67.42800140380861,67.10800170898439,65.31600189208984,63.44400024414063,66.46280059814453,65.35800094604492,64.40480041503906,63.58000030517578,63.11719970703125,64.77000007629394,64.42240028381347,64.24220008850098,63.525,62.08699989318848,59.94340019226074,59.06210021972656,58.169600105285646,57.26160011291504,56.44109992980957,56.12339986165365,55.42859992980957,54.79519983927409,54.175333150227864,53.52279980977377,51.20933341979981,50.792166773478186,50.38716672261557,50.0007666905721,49.69549999237061,45407500.0,44207800.0,44522500.0,35122200.0,36823100.0,43985750.0,48427550.0,60396000.0,68022800.0,66682900.0,51271750.0,51326325.0,51927875.0,49881875.0,49620250.0,48093500.0,47409016.66666666,48250216.66666666,47819750.0,48067450.0,40404725.0,39997375.0,40171575.0,39762850.0,39505116.66666666,1
2019-11-13,71.0,71.26599884033203,69.03600311279297,69.22200012207031,42100500,1,68.55240020751953,66.06620025634766,61.72740020751953,57.51153322855632,52.020500055948894,46302700.0,40712450.0,51937400.0,48757750.0,40933450.0,69.98600006103516,69.01799774169922,67.42800140380861,67.10800170898439,65.31600189208984,67.77120056152344,66.46280059814453,65.35800094604492,64.40480041503906,63.58000030517578,65.44420013427734,64.77000007629394,64.42240028381347,64.24220008850098,63.525,60.86380023956299,59.94340019226074,59.06210021972656,58.169600105285646,57.26160011291504,56.82499987284343,56.12339986165365,55.42859992980957,54.79519983927409,54.175333150227864,51.61966673533122,51.20933341979981,50.792166773478186,50.38716672261557,50.0007666905721,45823500.0,45407500.0,44207800.0,44522500.0,35122200.0,41323300.0,43985750.0,48427550.0,60396000.0,68022800.0,51503400.0,51271750.0,51326325.0,51927875.0,49881875.0,48292966.66666666,48093500.0,47409016.66666666,48250216.66666666,47819750.0,40575541.66666666,40404725.0,39997375.0,40171575.0,39762850.0,0
2019-11-14,69.22200012207031,70.76799774169922,68.58200073242189,69.87000274658203,32324500,1,69.10480041503907,66.75480041503906,62.60120029449463,58.28700002034506,52.448900095621745,38300300.0,41411400.0,52361300.0,47321150.0,40822666.66666666,69.22200012207031,69.98600006103516,69.01799774169922,67.42800140380861,67.10800170898439,68.55240020751953,67.77120056152344,66.46280059814453,65.35800094604492,64.40480041503906,66.06620025634766,65.44420013427734,64.77000007629394,64.42240028381347,64.24220008850098,61.72740020751953,60.86380023956299,59.94340019226074,59.06210021972656,58.169600105285646,57.51153322855632,56.82499987284343,56.12339986165365,55.42859992980957,54.79519983927409,52.020500055948894,51.61966673533122,51.20933341979981,50.792166773478186,50.38716672261557,46302700.0,45823500.0,45407500.0,44207800.0,44522500.0,40712450.0,41323300.0,43985750.0,48427550.0,60396000.0,51937400.0,51503400.0,51271750.0,51326325.0,51927875.0,48757750.0,48292966.66666666,48093500.0,47409016.66666666,48250216.66666666,40933450.0,40575541.66666666,40404725.0,39997375.0,40171575.0,0
2019-11-15,70.12799835205078,70.55999755859375,69.6719970703125,70.43399810791016,24045000,0,69.70599975585938,67.53200035095215,63.55340023040772,59.09193331400554,52.88230005900064,37040100.0,40623950.0,52126100.0,46790150.0,40676833.333333336,69.87000274658203,69.22200012207031,69.98600006103516,69.01799774169922,67.42800140380861,69.10480041503907,68.55240020751953,67.77120056152344,66.46280059814453,65.35800094604492,66.75480041503906,66.06620025634766,65.44420013427734,64.77000007629394,64.42240028381347,62.60120029449463,61.72740020751953,60.86380023956299,59.94340019226074,59.06210021972656,58.28700002034506,57.51153322855632,56.82499987284343,56.12339986165365,55.42859992980957,52.448900095621745,52.020500055948894,51.61966673533122,51.20933341979981,50.792166773478186,38300300.0,46302700.0,45823500.0,45407500.0,44207800.0,41411400.0,40712450.0,41323300.0,43985750.0,48427550.0,52361300.0,51937400.0,51503400.0,51271750.0,51326325.0,47321150.0,48757750.0,48292966.66666666,48093500.0,47409016.66666666,40822666.66666666,40933450.0,40575541.66666666,40404725.0,39997375.0,1
2019-11-18,70.58399963378906,70.62999725341797,69.22000122070311,69.99800109863281,22002000,1,69.90200042724611,68.18240051269531,64.51830024719239,59.84040006001791,53.34426676432292,31453800.0,38430650.0,51971125.0,46179516.66666666,40331983.333333336,70.43399810791016,69.87000274658203,69.22200012207031,69.98600006103516,69.01799774169922,69.70599975585938,69.10480041503907,68.55240020751953,67.77120056152344,66.46280059814453,67.53200035095215,66.75480041503906,66.06620025634766,65.44420013427734,64.77000007629394,63.55340023040772,62.60120029449463,61.72740020751953,60.86380023956299,59.94340019226074,59.09193331400554,58.28700002034506,57.51153322855632,56.82499987284343,56.12339986165365,52.88230005900064,52.448900095621745,52.020500055948894,51.61966673533122,51.20933341979981,37040100.0,38300300.0,46302700.0,45823500.0,45407500.0,40623950.0,41411400.0,40712450.0,41323300.0,43985750.0,52126100.0,52361300.0,51937400.0,51503400.0,51271750.0,46790150.0,47321150.0,48757750.0,48292966.66666666,48093500.0,40676833.333333336,40822666.66666666,40933450.0,40575541.66666666,40404725.0,0
2019-11-19,70.34999847412111,71.99800109863281,69.55999755859375,71.90399932861328,38624000,0,70.28560028076171,69.02840042114258,65.55770015716553,60.63686676025391,53.826000086466465,31819200.0,38821350.0,52752125.0,46020616.66666666,40554725.0,69.99800109863281,70.43399810791016,69.87000274658203,69.22200012207031,69.98600006103516,69.90200042724611,69.70599975585938,69.10480041503907,68.55240020751953,67.77120056152344,68.18240051269531,67.53200035095215,66.75480041503906,66.06620025634766,65.44420013427734,64.51830024719239,63.55340023040772,62.60120029449463,61.72740020751953,60.86380023956299,59.84040006001791,59.09193331400554,58.28700002034506,57.51153322855632,56.82499987284343,53.34426676432292,52.88230005900064,52.448900095621745,52.020500055948894,51.61966673533122,31453800.0,37040100.0,38300300.0,46302700.0,45823500.0,38430650.0,40623950.0,41411400.0,40712450.0,41323300.0,51971125.0,52126100.0,52361300.0,51937400.0,51503400.0,46179516.66666666,46790150.0,47321150.0,48757750.0,48292966.66666666,40331983.333333336,40676833.333333336,40822666.66666666,40933450.0,40575541.66666666,1
2019-11-20,72.0,72.23999786376953,69.91400146484375,70.44400024414062,33625500,1,70.53000030517578,69.54120025634765,66.53310012817383,61.35480016072591,54.286466725667324,30124200.0,38213450.0,53118125.0,45992400.0,40663800.0,71.90399932861328,69.99800109863281,70.43399810791016,69.87000274658203,69.22200012207031,70.28560028076171,69.90200042724611,69.70599975585938,69.10480041503907,68.55240020751953,69.02840042114258,68.18240051269531,67.53200035095215,66.75480041503906,66.06620025634766,65.55770015716553,64.51830024719239,63.55340023040772,62.60120029449463,61.72740020751953,60.63686676025391,59.84040006001791,59.09193331400554,58.28700002034506,57.51153322855632,53.826000086466465,53.34426676432292,52.88230005900064,52.448900095621745,52.020500055948894,31819200.0,31453800.0,37040100.0,38300300.0,46302700.0,38821350.0,38430650.0,40623950.0,41411400.0,40712450.0,52752125.0,51971125.0,52126100.0,52361300.0,51937400.0,46020616.66666666,46179516.66666666,46790150.0,47321150.0,48757750.0,40554725.0,40331983.333333336,40676833.333333336,40822666.66666666,40933450.0,0
2019-11-21,70.9020004272461,72.16799926757812,70.80000305175781,70.96600341796875,30550000,0,70.74920043945312,69.9270004272461,67.08460025787353,62.08873354593913,54.75060011545818,29769300.0,34034800.0,47215400.0,45963516.66666666,40904175.0,70.44400024414062,71.90399932861328,69.99800109863281,70.43399810791016,69.87000274658203,70.53000030517578,70.28560028076171,69.90200042724611,69.70599975585938,69.10480041503907,69.54120025634765,69.02840042114258,68.18240051269531,67.53200035095215,66.75480041503906,66.53310012817383,65.55770015716553,64.51830024719239,63.55340023040772,62.60120029449463,61.35480016072591,60.63686676025391,59.84040006001791,59.09193331400554,58.28700002034506,54.286466725667324,53.826000086466465,53.34426676432292,52.88230005900064,52.448900095621745,30124200.0,31819200.0,31453800.0,37040100.0,38300300.0,38213450.0,38821350.0,38430650.0,40623950.0,41411400.0,53118125.0,52752125.0,51971125.0,52126100.0,52361300.0,45992400.0,46020616.66666666,46179516.66666666,46790150.0,47321150.0,40663800.0,40554725.0,40331983.333333336,40676833.333333336,40822666.66666666,1
2019-11-22,68.03199768066406,68.19999694824219,66.0,66.60800170898439,84353000,1,69.98400115966797,69.84500045776367,67.13370037078857,62.656400299072274,55.12170015970865,41830900.0,39435500.0,43931525.0,47362716.66666666,41878433.333333336,70.96600341796875,70.44400024414062,71.90399932861328,69.99800109863281,70.43399810791016,70.74920043945312,70.53000030517578,70.28560028076171,69.90200042724611,69.70599975585938,69.9270004272461,69.54120025634765,69.02840042114258,68.18240051269531,67.53200035095215,67.08460025787353,66.53310012817383,65.55770015716553,64.51830024719239,63.55340023040772,62.08873354593913,61.35480016072591,60.63686676025391,59.84040006001791,59.09193331400554,54.75060011545818,54.286466725667324,53.826000086466465,53.34426676432292,52.88230005900064,29769300.0,30124200.0,31819200.0,31453800.0,37040100.0,34034800.0,38213450.0,38821350.0,38430650.0,40623950.0,47215400.0,53118125.0,52752125.0,51971125.0,52126100.0,45963516.66666666,45992400.0,46020616.66666666,46179516.66666666,46790150.0,40904175.0,40663800.0,40554725.0,40331983.333333336,40676833.333333336,0
2019-11-25,68.86399841308594,68.91400146484375,66.89199829101561,67.26799774169922,61697500,0,69.43800048828125,69.67000045776368,67.22000026702881,63.18560028076172,55.4908000946045,49770000.0,40611900.0,42298825.0,47718466.66666666,42130008.333333336,66.60800170898439,70.96600341796875,70.44400024414062,71.90399932861328,69.99800109863281,69.98400115966797,70.74920043945312,70.53000030517578,70.28560028076171,69.90200042724611,69.84500045776367,69.9270004272461,69.54120025634765,69.02840042114258,68.18240051269531,67.13370037078857,67.08460025787353,66.53310012817383,65.55770015716553,64.51830024719239,62.656400299072274,62.08873354593913,61.35480016072591,60.63686676025391,59.84040006001791,55.12170015970865,54.75060011545818,54.286466725667324,53.826000086466465,53.34426676432292,41830900.0,29769300.0,30124200.0,31819200.0,31453800.0,39435500.0,34034800.0,38213450.0,38821350.0,38430650.0,43931525.0,47215400.0,53118125.0,52752125.0,51971125.0,47362716.66666666,45963516.66666666,45992400.0,46020616.66666666,46179516.66666666,41878433.333333336,40904175.0,40663800.0,40554725.0,40331983.333333336,1
2019-11-26,67.05400085449219,67.09999847412111,65.41999816894531,65.78399658203125,39737000,1,68.21399993896485,69.24980010986329,67.34700012207031,63.659133529663094,55.837166722615564,49992600.0,40905900.0,41114600.0,47970900.0,42346116.66666666,67.26799774169922,66.60800170898439,70.96600341796875,70.44400024414062,71.90399932861328,69.43800048828125,69.98400115966797,70.74920043945312,70.53000030517578,70.28560028076171,69.67000045776368,69.84500045776367,69.9270004272461,69.54120025634765,69.02840042114258,67.22000026702881,67.13370037078857,67.08460025787353,66.53310012817383,65.55770015716553,63.18560028076172,62.656400299072274,62.08873354593913,61.35480016072591,60.63686676025391,55.4908000946045,55.12170015970865,54.75060011545818,54.286466725667324,53.826000086466465,49770000.0,41830900.0,29769300.0,30124200.0,31819200.0,40611900.0,39435500.0,34034800.0,38213450.0,38821350.0,42298825.0,43931525.0,47215400.0,53118125.0,52752125.0,47718466.66666666,47362716.66666666,45963516.66666666,45992400.0,46020616.66666666,42130008.333333336,41878433.333333336,40904175.0,40663800.0,40554725.0,1
2019-11-27,66.2239990234375,66.78600311279297,65.71399688720703,66.25800323486328,27778000,0,67.37680053710939,68.95340042114258,67.50980033874512,64.13606694539389,56.205866750081384,48823100.0,39473650.0,40093050.0,47782816.66666666,42329000.0,65.78399658203125,67.26799774169922,66.60800170898439,70.96600341796875,70.44400024414062,68.21399993896485,69.43800048828125,69.98400115966797,70.74920043945312,70.53000030517578,69.24980010986329,69.67000045776368,69.84500045776367,69.9270004272461,69.54120025634765,67.34700012207031,67.22000026702881,67.13370037078857,67.08460025787353,66.53310012817383,63.659133529663094,63.18560028076172,62.656400299072274,62.08873354593913,61.35480016072591,55.837166722615564,55.4908000946045,55.12170015970865,54.75060011545818,54.286466725667324,49992600.0,49770000.0,41830900.0,29769300.0,30124200.0,40905900.0,40611900.0,39435500.0,34034800.0,38213450.0,41114600.0,42298825.0,43931525.0,47215400.0,53118125.0,47970900.0,47718466.66666666,47362716.66666666,45963516.66666666,45992400.0,42346116.66666666,42130008.333333336,41878433.333333336,40904175.0,40663800.0,1
2019-11-29,66.22200012207031,66.25199890136719,65.5,65.98799896240234,12328000,1,66.38119964599609,68.56520004272461,67.66000022888184,64.58920021057129,56.5404000600179,45178700.0,37474000.0,39442700.0,47398866.66666666,41918191.66666666,66.25800323486328,65.78399658203125,67.26799774169922,66.60800170898439,70.96600341796875,67.37680053710939,68.21399993896485,69.43800048828125,69.98400115966797,70.74920043945312,68.95340042114258,69.24980010986329,69.67000045776368,69.84500045776367,69.9270004272461,67.50980033874512,67.34700012207031,67.22000026702881,67.13370037078857,67.08460025787353,64.13606694539389,63.659133529663094,63.18560028076172,62.656400299072274,62.08873354593913,56.205866750081384,55.837166722615564,55.4908000946045,55.12170015970865,54.75060011545818,48823100.0,49992600.0,49770000.0,41830900.0,29769300.0,39473650.0,40905900.0,40611900.0,39435500.0,34034800.0,40093050.0,41114600.0,42298825.0,43931525.0,47215400.0,47782816.66666666,47970900.0,47718466.66666666,47362716.66666666,45963516.66666666,42329000.0,42346116.66666666,42130008.333333336,41878433.333333336,40904175.0,1
2019-12-02,65.87999725341797,67.2760009765625,65.73799896240234,66.9739990234375,30372500,1,66.45439910888672,68.21920013427734,67.87560024261475,65.10866686503093,56.89846668243408,34382600.0,38106750.0,39365350.0,47452983.33333334,42075283.333333336,65.98799896240234,66.25800323486328,65.78399658203125,67.26799774169922,66.60800170898439,66.38119964599609,67.37680053710939,68.21399993896485,69.43800048828125,69.98400115966797,68.56520004272461,68.95340042114258,69.24980010986329,69.67000045776368,69.84500045776367,67.66000022888184,67.50980033874512,67.34700012207031,67.22000026702881,67.13370037078857,64.58920021057129,64.13606694539389,63.659133529663094,63.18560028076172,62.656400299072274,56.5404000600179,56.205866750081384,55.837166722615564,55.4908000946045,55.12170015970865,45178700.0,48823100.0,49992600.0,49770000.0,41830900.0,37474000.0,39473650.0,40905900.0,40611900.0,39435500.0,39442700.0,40093050.0,41114600.0,42298825.0,43931525.0,47398866.66666666,47782816.66666666,47970900.0,47718466.66666666,47362716.66666666,41918191.66666666,42329000.0,42346116.66666666,42130008.333333336,41878433.333333336,1
2019-12-03,66.52400207519531,67.58200073242189,66.43800354003906,67.23999786376953,32868500,0,66.44879913330078,67.94339981079102,68.06290016174316,65.66000010172526,57.2464999516805,28616800.0,39193400.0,38812025.0,47711883.33333334,42222866.66666666,66.9739990234375,65.98799896240234,66.25800323486328,65.78399658203125,67.26799774169922,66.45439910888672,66.38119964599609,67.37680053710939,68.21399993896485,69.43800048828125,68.21920013427734,68.56520004272461,68.95340042114258,69.24980010986329,69.67000045776368,67.87560024261475,67.66000022888184,67.50980033874512,67.34700012207031,67.22000026702881,65.10866686503093,64.58920021057129,64.13606694539389,63.659133529663094,63.18560028076172,56.89846668243408,56.5404000600179,56.205866750081384,55.837166722615564,55.4908000946045,34382600.0,45178700.0,48823100.0,49992600.0,49770000.0,38106750.0,37474000.0,39473650.0,40905900.0,40611900.0,39365350.0,39442700.0,40093050.0,41114600.0,42298825.0,47452983.33333334,47398866.66666666,47782816.66666666,47970900.0,47718466.66666666,42075283.333333336,41918191.66666666,42329000.0,42346116.66666666,42130008.333333336,1
2019-12-04,67.55000305175781,67.57199859619139,66.56999969482422,66.60600280761719,27665000,0,66.61320037841797,67.41360015869141,68.22100028991699,66.17633349100748,57.57146663665772,26202400.0,38097500.0,38459425.0,47867250.0,42276975.0,67.23999786376953,66.9739990234375,65.98799896240234,66.25800323486328,65.78399658203125,66.44879913330078,66.45439910888672,66.38119964599609,67.37680053710939,68.21399993896485,67.94339981079102,68.21920013427734,68.56520004272461,68.95340042114258,69.24980010986329,68.06290016174316,67.87560024261475,67.66000022888184,67.50980033874512,67.34700012207031,65.66000010172526,65.10866686503093,64.58920021057129,64.13606694539389,63.659133529663094,57.2464999516805,56.89846668243408,56.5404000600179,56.205866750081384,55.837166722615564,28616800.0,34382600.0,45178700.0,48823100.0,49992600.0,39193400.0,38106750.0,37474000.0,39473650.0,40905900.0,38812025.0,39365350.0,39442700.0,40093050.0,41114600.0,47711883.33333334,47452983.33333334,47398866.66666666,47782816.66666666,47970900.0,42222866.66666666,42075283.333333336,41918191.66666666,42329000.0,42346116.66666666,0
2019-12-05,66.56600189208984,66.88400268554689,65.44999694824219,66.07399749755861,18623000,1,66.57639923095704,66.9765998840332,68.25890007019044,66.68093338012696,57.8490332921346,24371400.0,36597250.0,37405350.0,47611166.66666666,41750458.333333336,66.60600280761719,67.23999786376953,66.9739990234375,65.98799896240234,66.25800323486328,66.61320037841797,66.44879913330078,66.45439910888672,66.38119964599609,67.37680053710939,67.41360015869141,67.94339981079102,68.21920013427734,68.56520004272461,68.95340042114258,68.22100028991699,68.06290016174316,67.87560024261475,67.66000022888184,67.50980033874512,66.17633349100748,65.66000010172526,65.10866686503093,64.58920021057129,64.13606694539389,57.57146663665772,57.2464999516805,56.89846668243408,56.5404000600179,56.205866750081384,26202400.0,28616800.0,34382600.0,45178700.0,48823100.0,38097500.0,39193400.0,38106750.0,37474000.0,39473650.0,38459425.0,38812025.0,39365350.0,39442700.0,40093050.0,47867250.0,47711883.33333334,47452983.33333334,47398866.66666666,47782816.66666666,42276975.0,42222866.66666666,42075283.333333336,41918191.66666666,42329000.0,0
2019-12-06,67.0,67.77200317382811,66.95400238037111,67.17800140380861,38062000,1,66.81439971923828,66.59779968261721,68.26240005493165,66.92233339945476,58.149099985758454,29518200.0,37348450.0,35691625.0,43926416.66666666,41669725.0,66.07399749755861,66.60600280761719,67.23999786376953,66.9739990234375,65.98799896240234,66.57639923095704,66.61320037841797,66.44879913330078,66.45439910888672,66.38119964599609,66.9765998840332,67.41360015869141,67.94339981079102,68.21920013427734,68.56520004272461,68.25890007019044,68.22100028991699,68.06290016174316,67.87560024261475,67.66000022888184,66.68093338012696,66.17633349100748,65.66000010172526,65.10866686503093,64.58920021057129,57.8490332921346,57.57146663665772,57.2464999516805,56.89846668243408,56.5404000600179,24371400.0,26202400.0,28616800.0,34382600.0,45178700.0,36597250.0,38097500.0,39193400.0,38106750.0,37474000.0,37405350.0,38459425.0,38812025.0,39365350.0,39442700.0,47611166.66666666,47867250.0,47711883.33333334,47452983.33333334,47398866.66666666,41750458.333333336,42276975.0,42222866.66666666,42075283.333333336,41918191.66666666,0
2019-12-09,67.31800079345703,68.88999938964844,67.01599884033203,67.90599822998047,45115500,1,67.00079956054688,66.7275993347168,68.28629989624024,66.99833335876465,58.463533274332676,32466800.0,33424700.0,36430100.0,40429250.0,41978891.66666666,67.17800140380861,66.07399749755861,66.60600280761719,67.23999786376953,66.9739990234375,66.81439971923828,66.57639923095704,66.61320037841797,66.44879913330078,66.45439910888672,66.59779968261721,66.9765998840332,67.41360015869141,67.94339981079102,68.21920013427734,68.26240005493165,68.25890007019044,68.22100028991699,68.06290016174316,67.87560024261475,66.92233339945476,66.68093338012696,66.17633349100748,65.66000010172526,65.10866686503093,58.149099985758454,57.8490332921346,57.57146663665772,57.2464999516805,56.89846668243408,29518200.0,24371400.0,26202400.0,28616800.0,34382600.0,37348450.0,36597250.0,38097500.0,39193400.0,38106750.0,35691625.0,37405350.0,38459425.0,38812025.0,39365350.0,43926416.66666666,47611166.66666666,47867250.0,47711883.33333334,47452983.33333334,41669725.0,41750458.333333336,42276975.0,42222866.66666666,42075283.333333336,0
2019-12-10,67.99199676513672,70.14600372314453,67.86199951171875,69.76799774169922,44141500,1,67.50639953613282,66.9775993347168,68.32379989624023,67.13919995625814,58.81696656545003,34721400.0,31669100.0,36140500.0,38755583.333333336,42320575.0,67.90599822998047,67.17800140380861,66.07399749755861,66.60600280761719,67.23999786376953,67.00079956054688,66.81439971923828,66.57639923095704,66.61320037841797,66.44879913330078,66.7275993347168,66.59779968261721,66.9765998840332,67.41360015869141,67.94339981079102,68.28629989624024,68.26240005493165,68.25890007019044,68.22100028991699,68.06290016174316,66.99833335876465,66.92233339945476,66.68093338012696,66.17633349100748,65.66000010172526,58.463533274332676,58.149099985758454,57.8490332921346,57.57146663665772,57.2464999516805,32466800.0,29518200.0,24371400.0,26202400.0,28616800.0,33424700.0,37348450.0,36597250.0,38097500.0,39193400.0,36430100.0,35691625.0,37405350.0,38459425.0,38812025.0,40429250.0,43926416.66666666,47611166.66666666,47867250.0,47711883.33333334,41978891.66666666,41669725.0,41750458.333333336,42276975.0,42222866.66666666,1
2019-12-11,70.3759994506836,71.43800354003906,70.21800231933594,70.54000091552734,34489000,1,68.29319915771484,67.45319976806641,68.35149993896485,67.382400004069,59.17666657765706,36086200.0,31144300.0,36025100.0,37791166.66666666,42573275.0,69.76799774169922,67.90599822998047,67.17800140380861,66.07399749755861,66.60600280761719,67.50639953613282,67.00079956054688,66.81439971923828,66.57639923095704,66.61320037841797,66.9775993347168,66.7275993347168,66.59779968261721,66.9765998840332,67.41360015869141,68.32379989624023,68.28629989624024,68.26240005493165,68.25890007019044,68.22100028991699,67.13919995625814,66.99833335876465,66.92233339945476,66.68093338012696,66.17633349100748,58.81696656545003,58.463533274332676,58.149099985758454,57.8490332921346,57.57146663665772,34721400.0,32466800.0,29518200.0,24371400.0,26202400.0,31669100.0,33424700.0,37348450.0,36597250.0,38097500.0,36140500.0,36430100.0,35691625.0,37405350.0,38459425.0,38755583.333333336,40429250.0,43926416.66666666,47611166.66666666,47867250.0,42320575.0,41978891.66666666,41669725.0,41750458.333333336,42276975.0,1
2019-12-12,70.98400115966797,72.5479965209961,70.64600372314453,71.93599700927734,38819500,0,69.46559906005861,68.02099914550782,68.48719978332521,67.68019994099934,59.563966496785476,40125500.0,32248450.0,35861050.0,37478183.333333336,42872750.0,70.54000091552734,69.76799774169922,67.90599822998047,67.17800140380861,66.07399749755861,68.29319915771484,67.50639953613282,67.00079956054688,66.81439971923828,66.57639923095704,67.45319976806641,66.9775993347168,66.7275993347168,66.59779968261721,66.9765998840332,68.35149993896485,68.32379989624023,68.28629989624024,68.26240005493165,68.25890007019044,67.382400004069,67.13919995625814,66.99833335876465,66.92233339945476,66.68093338012696,59.17666657765706,58.81696656545003,58.463533274332676,58.149099985758454,57.8490332921346,36086200.0,34721400.0,32466800.0,29518200.0,24371400.0,31144300.0,31669100.0,33424700.0,37348450.0,36597250.0,36025100.0,36140500.0,36430100.0,35691625.0,37405350.0,37791166.66666666,38755583.333333336,40429250.0,43926416.66666666,47611166.66666666,42573275.0,42320575.0,41978891.66666666,41669725.0,41750458.333333336,1
2019-12-13,72.20999908447266,73.04199981689453,70.9280014038086,71.6780014038086,32854500,1,70.3655990600586,68.58999938964844,68.57759971618653,67.96999994913736,59.936599858601895,39084000.0,34301100.0,35887550.0,37728833.333333336,43020675.0,71.93599700927734,70.54000091552734,69.76799774169922,67.90599822998047,67.17800140380861,69.46559906005861,68.29319915771484,67.50639953613282,67.00079956054688,66.81439971923828,68.02099914550782,67.45319976806641,66.9775993347168,66.7275993347168,66.59779968261721,68.48719978332521,68.35149993896485,68.32379989624023,68.28629989624024,68.26240005493165,67.68019994099934,67.382400004069,67.13919995625814,66.99833335876465,66.92233339945476,59.563966496785476,59.17666657765706,58.81696656545003,58.463533274332676,58.149099985758454,40125500.0,36086200.0,34721400.0,32466800.0,29518200.0,32248450.0,31144300.0,31669100.0,33424700.0,37348450.0,35861050.0,36025100.0,36140500.0,36430100.0,35691625.0,37478183.333333336,37791166.66666666,38755583.333333336,40429250.0,43926416.66666666,42872750.0,42573275.0,42320575.0,41978891.66666666,41669725.0,1
2019-12-16,72.51000213623047,76.72200012207031,72.5,76.30000305175781,90871000,0,72.04440002441406,69.52259979248046,68.8708999633789,68.42460009256999,60.40619990030925,48235100.0,40350950.0,39228850.0,39693883.333333336,44005775.0,71.6780014038086,71.93599700927734,70.54000091552734,69.76799774169922,67.90599822998047,70.3655990600586,69.46559906005861,68.29319915771484,67.50639953613282,67.00079956054688,68.58999938964844,68.02099914550782,67.45319976806641,66.9775993347168,66.7275993347168,68.57759971618653,68.48719978332521,68.35149993896485,68.32379989624023,68.28629989624024,67.96999994913736,67.68019994099934,67.382400004069,67.13919995625814,66.99833335876465,59.936599858601895,59.563966496785476,59.17666657765706,58.81696656545003,58.463533274332676,39084000.0,40125500.0,36086200.0,34721400.0,32466800.0,34301100.0,32248450.0,31144300.0,31669100.0,33424700.0,35887550.0,35861050.0,36025100.0,36140500.0,36430100.0,37728833.333333336,37478183.333333336,37791166.66666666,38755583.333333336,40429250.0,43020675.0,42872750.0,42573275.0,42320575.0,41978891.66666666,1
2019-12-17,75.7979965209961,77.0999984741211,75.18000030517578,75.7979965209961,42484000,1,73.25039978027344,70.37839965820312,69.16089973449706,68.83473332722981,60.86539986928304,47903600.0,41312500.0,40252950.0,39645516.66666666,44352158.333333336,76.30000305175781,71.6780014038086,71.93599700927734,70.54000091552734,69.76799774169922,72.04440002441406,70.3655990600586,69.46559906005861,68.29319915771484,67.50639953613282,69.52259979248046,68.58999938964844,68.02099914550782,67.45319976806641,66.9775993347168,68.8708999633789,68.57759971618653,68.48719978332521,68.35149993896485,68.32379989624023,68.42460009256999,67.96999994913736,67.68019994099934,67.382400004069,67.13919995625814,60.40619990030925,59.936599858601895,59.563966496785476,59.17666657765706,58.81696656545003,48235100.0,39084000.0,40125500.0,36086200.0,34721400.0,40350950.0,34301100.0,32248450.0,31144300.0,31669100.0,39228850.0,35887550.0,35861050.0,36025100.0,36140500.0,39693883.333333336,37728833.333333336,37478183.333333336,37791166.66666666,38755583.333333336,44005775.0,43020675.0,42872750.0,42573275.0,42320575.0,1
2019-12-18,76.1259994506836,79.04399871826172,76.11599731445312,78.62999725341797,70605000,1,74.86839904785157,71.5807991027832,69.4971996307373,69.34093322753907,61.431866518656406,55126800.0,45606500.0,41852000.0,40841783.333333336,44454616.66666666,75.7979965209961,76.30000305175781,71.6780014038086,71.93599700927734,70.54000091552734,73.25039978027344,72.04440002441406,70.3655990600586,69.46559906005861,68.29319915771484,70.37839965820312,69.52259979248046,68.58999938964844,68.02099914550782,67.45319976806641,69.16089973449706,68.8708999633789,68.57759971618653,68.48719978332521,68.35149993896485,68.83473332722981,68.42460009256999,67.96999994913736,67.68019994099934,67.382400004069,60.86539986928304,60.40619990030925,59.936599858601895,59.563966496785476,59.17666657765706,47903600.0,48235100.0,39084000.0,40125500.0,36086200.0,41312500.0,40350950.0,34301100.0,32248450.0,31144300.0,40252950.0,39228850.0,35887550.0,35861050.0,36025100.0,39645516.66666666,39693883.333333336,37728833.333333336,37478183.333333336,37791166.66666666,44352158.333333336,44005775.0,43020675.0,42872750.0,42573275.0,1
2019-12-19,79.46399688720703,81.37000274658203,79.30000305175781,80.80799865722656,90535500,1,76.6427993774414,73.05419921875,70.0153995513916,69.85733311971029,62.016333134969074,65470000.0,52797750.0,44697500.0,42536150.0,45177950.0,78.62999725341797,75.7979965209961,76.30000305175781,71.6780014038086,71.93599700927734,74.86839904785157,73.25039978027344,72.04440002441406,70.3655990600586,69.46559906005861,71.5807991027832,70.37839965820312,69.52259979248046,68.58999938964844,68.02099914550782,69.4971996307373,69.16089973449706,68.8708999633789,68.57759971618653,68.48719978332521,69.34093322753907,68.83473332722981,68.42460009256999,67.96999994913736,67.68019994099934,61.431866518656406,60.86539986928304,60.40619990030925,59.936599858601895,59.563966496785476,55126800.0,47903600.0,48235100.0,39084000.0,40125500.0,45606500.0,41312500.0,40350950.0,34301100.0,32248450.0,41852000.0,40252950.0,39228850.0,35887550.0,35861050.0,40841783.333333336,39645516.66666666,39693883.333333336,37728833.333333336,37478183.333333336,44454616.66666666,44352158.333333336,44005775.0,43020675.0,42872750.0,1
2019-12-20,82.05799865722656,82.5999984741211,80.03800201416016,81.11799621582031,73763500,1,78.53079833984377,74.44819869995119,70.52299919128419,70.32433293660482,62.55976638793946,73651800.0,56367900.0,46858175.0,42583716.66666666,45416966.66666666,80.80799865722656,78.62999725341797,75.7979965209961,76.30000305175781,71.6780014038086,76.6427993774414,74.86839904785157,73.25039978027344,72.04440002441406,70.3655990600586,73.05419921875,71.5807991027832,70.37839965820312,69.52259979248046,68.58999938964844,70.0153995513916,69.4971996307373,69.16089973449706,68.8708999633789,68.57759971618653,69.85733311971029,69.34093322753907,68.83473332722981,68.42460009256999,67.96999994913736,62.016333134969074,61.431866518656406,60.86539986928304,60.40619990030925,59.936599858601895,65470000.0,55126800.0,47903600.0,48235100.0,39084000.0,52797750.0,45606500.0,41312500.0,40350950.0,34301100.0,44697500.0,41852000.0,40252950.0,39228850.0,35887550.0,42536150.0,40841783.333333336,39645516.66666666,39693883.333333336,37728833.333333336,45177950.0,44454616.66666666,44352158.333333336,44005775.0,43020675.0,1
2019-12-23,82.35600280761719,84.4020004272461,82.0,83.84400177001953,66598000,1,80.03959808349609,76.04199905395508,71.38479919433594,70.87153294881185,63.15006643931071,68797200.0,58516150.0,45970425.0,43792116.66666666,45600566.66666666,81.11799621582031,80.80799865722656,78.62999725341797,75.7979965209961,76.30000305175781,78.53079833984377,76.6427993774414,74.86839904785157,73.25039978027344,72.04440002441406,74.44819869995119,73.05419921875,71.5807991027832,70.37839965820312,69.52259979248046,70.52299919128419,70.0153995513916,69.4971996307373,69.16089973449706,68.8708999633789,70.32433293660482,69.85733311971029,69.34093322753907,68.83473332722981,68.42460009256999,62.55976638793946,62.016333134969074,61.431866518656406,60.86539986928304,60.40619990030925,73651800.0,65470000.0,55126800.0,47903600.0,48235100.0,56367900.0,52797750.0,45606500.0,41312500.0,40350950.0,46858175.0,44697500.0,41852000.0,40252950.0,39228850.0,42583716.66666666,42536150.0,40841783.333333336,39645516.66666666,39693883.333333336,45416966.66666666,45177950.0,44454616.66666666,44352158.333333336,44005775.0,0
2019-12-24,83.6719970703125,85.09400177001953,82.53800201416016,85.05000305175781,40273500,1,81.88999938964844,77.57019958496093,72.27389945983887,71.4059331258138,63.76466649373372,68355100.0,58129350.0,44899225.0,43470116.66666666,45781808.33333334,83.84400177001953,81.11799621582031,80.80799865722656,78.62999725341797,75.7979965209961,80.03959808349609,78.53079833984377,76.6427993774414,74.86839904785157,73.25039978027344,76.04199905395508,74.44819869995119,73.05419921875,71.5807991027832,70.37839965820312,71.38479919433594,70.52299919128419,70.0153995513916,69.4971996307373,69.16089973449706,70.87153294881185,70.32433293660482,69.85733311971029,69.34093322753907,68.83473332722981,63.15006643931071,62.55976638793946,62.016333134969074,61.431866518656406,60.86539986928304,68797200.0,73651800.0,65470000.0,55126800.0,47903600.0,58516150.0,56367900.0,52797750.0,45606500.0,41312500.0,45970425.0,46858175.0,44697500.0,41852000.0,40252950.0,43792116.66666666,42583716.66666666,42536150.0,40841783.333333336,39645516.66666666,45600566.66666666,45416966.66666666,45177950.0,44454616.66666666,44352158.333333336,1
2019-12-26,85.58200073242188,86.69599914550781,85.2699966430664,86.18800354003906,53169500,0,83.40160064697265,79.13499984741209,73.29409980773927,71.94599990844726,64.38549989064535,64868000.0,59997400.0,45570850.0,44015866.66666666,46154416.66666666,85.05000305175781,83.84400177001953,81.11799621582031,80.80799865722656,78.62999725341797,81.88999938964844,80.03959808349609,78.53079833984377,76.6427993774414,74.86839904785157,77.57019958496093,76.04199905395508,74.44819869995119,73.05419921875,71.5807991027832,72.27389945983887,71.38479919433594,70.52299919128419,70.0153995513916,69.4971996307373,71.4059331258138,70.87153294881185,70.32433293660482,69.85733311971029,69.34093322753907,63.76466649373372,63.15006643931071,62.55976638793946,62.016333134969074,61.431866518656406,68355100.0,68797200.0,73651800.0,65470000.0,55126800.0,58129350.0,58516150.0,56367900.0,52797750.0,45606500.0,44899225.0,45970425.0,46858175.0,44697500.0,41852000.0,43470116.66666666,43792116.66666666,42583716.66666666,42536150.0,40841783.333333336,45781808.33333334,45600566.66666666,45416966.66666666,45177950.0,44454616.66666666,0
2019-12-27,87.0,87.06199645996094,85.22200012207031,86.07599639892578,49728500,0,84.4552001953125,80.54899978637695,74.28499946594238,72.50779978434245,65.00966650644938,56706600.0,61088300.0,46668375.0,44270133.333333336,46513941.66666666,86.18800354003906,85.05000305175781,83.84400177001953,81.11799621582031,80.80799865722656,83.40160064697265,81.88999938964844,80.03959808349609,78.53079833984377,76.6427993774414,79.13499984741209,77.57019958496093,76.04199905395508,74.44819869995119,73.05419921875,73.29409980773927,72.27389945983887,71.38479919433594,70.52299919128419,70.0153995513916,71.94599990844726,71.4059331258138,70.87153294881185,70.32433293660482,69.85733311971029,64.38549989064535,63.76466649373372,63.15006643931071,62.55976638793946,62.016333134969074,64868000.0,68355100.0,68797200.0,73651800.0,65470000.0,59997400.0,58129350.0,58516150.0,56367900.0,52797750.0,45570850.0,44899225.0,45970425.0,46858175.0,44697500.0,44015866.66666666,43470116.66666666,43792116.66666666,42583716.66666666,42536150.0,46154416.66666666,45781808.33333334,45600566.66666666,45416966.66666666,45177950.0,1
2019-12-30,85.75800323486328,85.80000305175781,81.85199737548828,82.94000244140625,62932000,1,84.81960144042971,81.67519989013672,75.13259963989258,72.94346644083659,65.61523323059082,54540300.0,64096050.0,49198575.0,45290383.33333334,46305766.66666666,86.07599639892578,86.18800354003906,85.05000305175781,83.84400177001953,81.11799621582031,84.4552001953125,83.40160064697265,81.88999938964844,80.03959808349609,78.53079833984377,80.54899978637695,79.13499984741209,77.57019958496093,76.04199905395508,74.44819869995119,74.28499946594238,73.29409980773927,72.27389945983887,71.38479919433594,70.52299919128419,72.50779978434245,71.94599990844726,71.4059331258138,70.87153294881185,70.32433293660482,65.00966650644938,64.38549989064535,63.76466649373372,63.15006643931071,62.55976638793946,56706600.0,64868000.0,68355100.0,68797200.0,73651800.0,61088300.0,59997400.0,58129350.0,58516150.0,56367900.0,46668375.0,45570850.0,44899225.0,45970425.0,46858175.0,44270133.333333336,44015866.66666666,43470116.66666666,43792116.66666666,42583716.66666666,46513941.66666666,46154416.66666666,45781808.33333334,45600566.66666666,45416966.66666666,1
2019-12-31,81.0,84.25800323486328,80.41600036621094,83.66600036621094,51428500,1,84.78400115966797,82.41179962158203,75.96719970703127,73.38453318277995,66.23823324839276,51506400.0,60151800.0,50251375.0,46203166.66666666,46496658.33333334,82.94000244140625,86.07599639892578,86.18800354003906,85.05000305175781,83.84400177001953,84.81960144042971,84.4552001953125,83.40160064697265,81.88999938964844,80.03959808349609,81.67519989013672,80.54899978637695,79.13499984741209,77.57019958496093,76.04199905395508,75.13259963989258,74.28499946594238,73.29409980773927,72.27389945983887,71.38479919433594,72.94346644083659,72.50779978434245,71.94599990844726,71.4059331258138,70.87153294881185,65.61523323059082,65.00966650644938,64.38549989064535,63.76466649373372,63.15006643931071,54540300.0,56706600.0,64868000.0,68355100.0,68797200.0,64096050.0,61088300.0,59997400.0,58129350.0,58516150.0,49198575.0,46668375.0,45570850.0,44899225.0,45970425.0,45290383.33333334,44270133.333333336,44015866.66666666,43470116.66666666,43792116.66666666,46305766.66666666,46513941.66666666,46154416.66666666,45781808.33333334,45600566.66666666,1
2020-01-02,84.9000015258789,86.13999938964844,84.34200286865234,86.052001953125,47660500,1,84.98440093994141,83.43720016479492,76.90779991149903,73.91966654459635,66.88003330230713,52983800.0,60669450.0,50990975.0,47058450.0,46618983.33333334,83.66600036621094,82.94000244140625,86.07599639892578,86.18800354003906,85.05000305175781,84.78400115966797,84.81960144042971,84.4552001953125,83.40160064697265,81.88999938964844,82.41179962158203,81.67519989013672,80.54899978637695,79.13499984741209,77.57019958496093,75.96719970703127,75.13259963989258,74.28499946594238,73.29409980773927,72.27389945983887,73.38453318277995,72.94346644083659,72.50779978434245,71.94599990844726,71.4059331258138,66.23823324839276,65.61523323059082,65.00966650644938,64.38549989064535,63.76466649373372,51506400.0,54540300.0,56706600.0,64868000.0,68355100.0,60151800.0,64096050.0,61088300.0,59997400.0,58129350.0,50251375.0,49198575.0,46668375.0,45570850.0,44899225.0,46203166.66666666,45290383.33333334,44270133.333333336,44015866.66666666,43470116.66666666,46496658.33333334,46305766.66666666,46513941.66666666,46154416.66666666,45781808.33333334,1
2020-01-03,88.0999984741211,90.8000030517578,87.38400268554688,88.60199737548828,88892500,1,85.46719970703127,84.43440017700195,78.00759963989258,74.47626647949218,67.55656661987305,60128400.0,62498200.0,54052350.0,48734066.66666666,47377341.66666666,86.052001953125,83.66600036621094,82.94000244140625,86.07599639892578,86.18800354003906,84.98440093994141,84.78400115966797,84.81960144042971,84.4552001953125,83.40160064697265,83.43720016479492,82.41179962158203,81.67519989013672,80.54899978637695,79.13499984741209,76.90779991149903,75.96719970703127,75.13259963989258,74.28499946594238,73.29409980773927,73.91966654459635,73.38453318277995,72.94346644083659,72.50779978434245,71.94599990844726,66.88003330230713,66.23823324839276,65.61523323059082,65.00966650644938,64.38549989064535,52983800.0,51506400.0,54540300.0,56706600.0,64868000.0,60669450.0,60151800.0,64096050.0,61088300.0,59997400.0,50990975.0,50251375.0,49198575.0,46668375.0,45570850.0,47058450.0,46203166.66666666,45290383.33333334,44270133.333333336,44015866.66666666,46618983.33333334,46496658.33333334,46305766.66666666,46513941.66666666,46154416.66666666,0
2020-01-06,88.09400177001953,90.31199645996094,88.0,90.30799865722656,50665000,1,86.3136001586914,85.38440017700195,79.21929969787598,75.13839975992839,68.24659996032715,60315700.0,58511150.0,55654450.0,49302050.0,47647225.0,88.60199737548828,86.052001953125,83.66600036621094,82.94000244140625,86.07599639892578,85.46719970703127,84.98440093994141,84.78400115966797,84.81960144042971,84.4552001953125,84.43440017700195,83.43720016479492,82.41179962158203,81.67519989013672,80.54899978637695,78.00759963989258,76.90779991149903,75.96719970703127,75.13259963989258,74.28499946594238,74.47626647949218,73.91966654459635,73.38453318277995,72.94346644083659,72.50779978434245,67.55656661987305,66.88003330230713,66.23823324839276,65.61523323059082,65.00966650644938,60128400.0,52983800.0,51506400.0,54540300.0,56706600.0,62498200.0,60669450.0,60151800.0,64096050.0,61088300.0,54052350.0,50990975.0,50251375.0,49198575.0,46668375.0,48734066.66666666,47058450.0,46203166.66666666,45290383.33333334,44270133.333333336,47377341.66666666,46618983.33333334,46496658.33333334,46305766.66666666,46513941.66666666,0
2020-01-07,92.27999877929688,94.32599639892578,90.6719970703125,93.81199645996094,89410500,1,88.48799896240234,86.65380020141602,80.55099945068359,75.89993286132812,68.99433320363363,65611400.0,60075850.0,58221875.0,51264066.66666666,48613791.66666666,90.30799865722656,88.60199737548828,86.052001953125,83.66600036621094,82.94000244140625,86.3136001586914,85.46719970703127,84.98440093994141,84.78400115966797,84.81960144042971,85.38440017700195,84.43440017700195,83.43720016479492,82.41179962158203,81.67519989013672,79.21929969787598,78.00759963989258,76.90779991149903,75.96719970703127,75.13259963989258,75.13839975992839,74.47626647949218,73.91966654459635,73.38453318277995,72.94346644083659,68.24659996032715,67.55656661987305,66.88003330230713,66.23823324839276,65.61523323059082,60315700.0,60128400.0,52983800.0,51506400.0,54540300.0,58511150.0,62498200.0,60669450.0,60151800.0,64096050.0,55654450.0,54052350.0,50990975.0,50251375.0,49198575.0,49302050.0,48734066.66666666,47058450.0,46203166.66666666,45290383.33333334,47647225.0,47377341.66666666,46618983.33333334,46496658.33333334,46305766.66666666,0
2020-01-08,94.73999786376952,99.697998046875,93.64600372314452,98.4280014038086,155721500,0,91.44039916992188,88.11220016479494,82.077099609375,76.96059951782226,69.80849990844726,86470000.0,68988200.0,63752175.0,53643016.66666666,50502866.66666666,93.81199645996094,90.30799865722656,88.60199737548828,86.052001953125,83.66600036621094,88.48799896240234,86.3136001586914,85.46719970703127,84.98440093994141,84.78400115966797,86.65380020141602,85.38440017700195,84.43440017700195,83.43720016479492,82.41179962158203,80.55099945068359,79.21929969787598,78.00759963989258,76.90779991149903,75.96719970703127,75.89993286132812,75.13839975992839,74.47626647949218,73.91966654459635,73.38453318277995,68.99433320363363,68.24659996032715,67.55656661987305,66.88003330230713,66.23823324839276,65611400.0,60315700.0,60128400.0,52983800.0,51506400.0,60075850.0,58511150.0,62498200.0,60669450.0,60151800.0,58221875.0,55654450.0,54052350.0,50990975.0,50251375.0,51264066.66666666,49302050.0,48734066.66666666,47058450.0,46203166.66666666,48613791.66666666,47647225.0,47377341.66666666,46618983.33333334,46496658.33333334,1
2020-01-09,99.41999816894531,99.76000213623048,94.5739974975586,96.26799774169922,142202000,0,93.48359832763671,89.23399963378907,83.402099609375,77.92726618448893,70.55643323262531,105378300.0,79181050.0,68655200.0,56326500.0,52022483.33333334,98.4280014038086,93.81199645996094,90.30799865722656,88.60199737548828,86.052001953125,91.44039916992188,88.48799896240234,86.3136001586914,85.46719970703127,84.98440093994141,88.11220016479494,86.65380020141602,85.38440017700195,84.43440017700195,83.43720016479492,82.077099609375,80.55099945068359,79.21929969787598,78.00759963989258,76.90779991149903,76.96059951782226,75.89993286132812,75.13839975992839,74.47626647949218,73.91966654459635,69.80849990844726,68.99433320363363,68.24659996032715,67.55656661987305,66.88003330230713,86470000.0,65611400.0,60315700.0,60128400.0,52983800.0,68988200.0,60075850.0,58511150.0,62498200.0,60669450.0,63752175.0,58221875.0,55654450.0,54052350.0,50990975.0,53643016.66666666,51264066.66666666,49302050.0,48734066.66666666,47058450.0,50502866.66666666,48613791.66666666,47647225.0,47377341.66666666,46618983.33333334,0
2020-01-10,96.35800170898438,96.98799896240234,94.73999786376952,95.62999725341795,64797500,1,94.88919830322266,90.17819900512696,84.65659942626955,78.92213287353516,71.29063320159912,100559300.0,80343850.0,70170625.0,57161850.0,52566375.0,96.26799774169922,98.4280014038086,93.81199645996094,90.30799865722656,88.60199737548828,93.48359832763671,91.44039916992188,88.48799896240234,86.3136001586914,85.46719970703127,89.23399963378907,88.11220016479494,86.65380020141602,85.38440017700195,84.43440017700195,83.402099609375,82.077099609375,80.55099945068359,79.21929969787598,78.00759963989258,77.92726618448893,76.96059951782226,75.89993286132812,75.13839975992839,74.47626647949218,70.55643323262531,69.80849990844726,68.99433320363363,68.24659996032715,67.55656661987305,105378300.0,86470000.0,65611400.0,60315700.0,60128400.0,79181050.0,68988200.0,60075850.0,58511150.0,62498200.0,68655200.0,63752175.0,58221875.0,55654450.0,54052350.0,56326500.0,53643016.66666666,51264066.66666666,49302050.0,48734066.66666666,52022483.33333334,50502866.66666666,48613791.66666666,47647225.0,47377341.66666666,1
2020-01-13,98.6999969482422,105.1259994506836,98.4000015258789,104.97200012207031,132588000,1,97.8219985961914,92.0677993774414,86.30839958190919,80.21259943644206,72.17433319091795,116943900.0,88629800.0,74859050.0,60655516.66666666,54219166.66666666,95.62999725341795,96.26799774169922,98.4280014038086,93.81199645996094,90.30799865722656,94.88919830322266,93.48359832763671,91.44039916992188,88.48799896240234,86.3136001586914,90.17819900512696,89.23399963378907,88.11220016479494,86.65380020141602,85.38440017700195,84.65659942626955,83.402099609375,82.077099609375,80.55099945068359,79.21929969787598,78.92213287353516,77.92726618448893,76.96059951782226,75.89993286132812,75.13839975992839,71.29063320159912,70.55643323262531,69.80849990844726,68.99433320363363,68.24659996032715,100559300.0,105378300.0,86470000.0,65611400.0,60315700.0,80343850.0,79181050.0,68988200.0,60075850.0,58511150.0,70170625.0,68655200.0,63752175.0,58221875.0,55654450.0,57161850.0,56326500.0,53643016.66666666,51264066.66666666,49302050.0,52566375.0,52022483.33333334,50502866.66666666,48613791.66666666,47647225.0,1
2020-01-14,108.85199737548828,109.48200225830078,104.9800033569336,107.58399963378906,144981000,0,100.57639923095705,94.53219909667969,88.1036994934082,81.59913279215495,73.09416650136312,128058000.0,96834700.0,80465375.0,65077283.33333334,56238075.0,104.97200012207031,95.62999725341795,96.26799774169922,98.4280014038086,93.81199645996094,97.8219985961914,94.88919830322266,93.48359832763671,91.44039916992188,88.48799896240234,92.0677993774414,90.17819900512696,89.23399963378907,88.11220016479494,86.65380020141602,86.30839958190919,84.65659942626955,83.402099609375,82.077099609375,80.55099945068359,80.21259943644206,78.92213287353516,77.92726618448893,76.96059951782226,75.89993286132812,72.17433319091795,71.29063320159912,70.55643323262531,69.80849990844726,68.99433320363363,116943900.0,100559300.0,105378300.0,86470000.0,65611400.0,88629800.0,80343850.0,79181050.0,68988200.0,60075850.0,74859050.0,70170625.0,68655200.0,63752175.0,58221875.0,60655516.66666666,57161850.0,56326500.0,53643016.66666666,51264066.66666666,54219166.66666666,52566375.0,52022483.33333334,50502866.66666666,48613791.66666666,1
2020-01-15,105.9520034790039,107.56800079345705,103.35800170898438,103.6999969482422,86844000,0,101.63079833984376,96.5355987548828,89.47369918823242,82.82333272298177,73.96599979400635,114282500.0,100376250.0,80264025.0,66959666.66666666,57206325.0,107.58399963378906,104.97200012207031,95.62999725341795,96.26799774169922,98.4280014038086,100.57639923095705,97.8219985961914,94.88919830322266,93.48359832763671,91.44039916992188,94.53219909667969,92.0677993774414,90.17819900512696,89.23399963378907,88.11220016479494,88.1036994934082,86.30839958190919,84.65659942626955,83.402099609375,82.077099609375,81.59913279215495,80.21259943644206,78.92213287353516,77.92726618448893,76.96059951782226,73.09416650136312,72.17433319091795,71.29063320159912,70.55643323262531,69.80849990844726,128058000.0,116943900.0,100559300.0,105378300.0,86470000.0,96834700.0,88629800.0,80343850.0,79181050.0,68988200.0,80465375.0,74859050.0,70170625.0,68655200.0,63752175.0,65077283.33333334,60655516.66666666,57161850.0,56326500.0,53643016.66666666,56238075.0,54219166.66666666,52566375.0,52022483.33333334,50502866.66666666,1
2020-01-16,98.75,102.89199829101562,98.43399810791016,102.697998046875,108683500,0,102.9167984008789,98.20019836425782,90.81869926452637,84.00526606241861,74.83263308207194,107578800.0,106478550.0,83574000.0,69486833.33333333,58599358.33333334,103.6999969482422,107.58399963378906,104.97200012207031,95.62999725341795,96.26799774169922,101.63079833984376,100.57639923095705,97.8219985961914,94.88919830322266,93.48359832763671,96.5355987548828,94.53219909667969,92.0677993774414,90.17819900512696,89.23399963378907,89.47369918823242,88.1036994934082,86.30839958190919,84.65659942626955,83.402099609375,82.82333272298177,81.59913279215495,80.21259943644206,78.92213287353516,77.92726618448893,73.96599979400635,73.09416650136312,72.17433319091795,71.29063320159912,70.55643323262531,114282500.0,128058000.0,116943900.0,100559300.0,105378300.0,100376250.0,96834700.0,88629800.0,80343850.0,79181050.0,80264025.0,80465375.0,74859050.0,70170625.0,68655200.0,66959666.66666666,65077283.33333334,60655516.66666666,57161850.0,56326500.0,57206325.0,56238075.0,54219166.66666666,52566375.0,52022483.33333334,1
2020-01-17,101.52200317382812,103.13400268554688,100.63200378417969,102.0999984741211,68145500,1,104.21079864501955,99.5499984741211,91.99219932556153,85.18839925130209,75.6823663711548,108248400.0,104403850.0,83451025.0,70836183.33333333,59351716.66666666,102.697998046875,103.6999969482422,107.58399963378906,104.97200012207031,95.62999725341795,102.9167984008789,101.63079833984376,100.57639923095705,97.8219985961914,94.88919830322266,98.20019836425782,96.5355987548828,94.53219909667969,92.0677993774414,90.17819900512696,90.81869926452637,89.47369918823242,88.1036994934082,86.30839958190919,84.65659942626955,84.00526606241861,82.82333272298177,81.59913279215495,80.21259943644206,78.92213287353516,74.83263308207194,73.96599979400635,73.09416650136312,72.17433319091795,71.29063320159912,107578800.0,114282500.0,128058000.0,116943900.0,100559300.0,106478550.0,100376250.0,96834700.0,88629800.0,80343850.0,83574000.0,80264025.0,80465375.0,74859050.0,70170625.0,69486833.33333333,66959666.66666666,65077283.33333334,60655516.66666666,57161850.0,58599358.33333334,57206325.0,56238075.0,54219166.66666666,52566375.0,1
2020-01-21,106.0500030517578,109.71600341796876,105.68199920654295,109.44000244140624,89017500,1,105.10439910888672,101.46319885253908,93.42379951477051,86.63393274943036,76.65743306477864,99534300.0,108239100.0,83375125.0,73182666.66666667,60396916.66666666,102.0999984741211,102.697998046875,103.6999969482422,107.58399963378906,104.97200012207031,104.21079864501955,102.9167984008789,101.63079833984376,100.57639923095705,97.8219985961914,99.5499984741211,98.20019836425782,96.5355987548828,94.53219909667969,92.0677993774414,91.99219932556153,90.81869926452637,89.47369918823242,88.1036994934082,86.30839958190919,85.18839925130209,84.00526606241861,82.82333272298177,81.59913279215495,80.21259943644206,75.6823663711548,74.83263308207194,73.96599979400635,73.09416650136312,72.17433319091795,108248400.0,107578800.0,114282500.0,128058000.0,116943900.0,104403850.0,106478550.0,100376250.0,96834700.0,88629800.0,83451025.0,83574000.0,80264025.0,80465375.0,74859050.0,70836183.33333333,69486833.33333333,66959666.66666666,65077283.33333334,60655516.66666666,59351716.66666666,58599358.33333334,57206325.0,56238075.0,54219166.66666666,0
2020-01-22,114.37799835205078,118.9000015258789,111.81999969482422,113.91200256347656,156845000,1,106.36999969482422,103.47319946289062,95.06349983215333,88.19173278808594,77.55703309377034,101907100.0,114982550.0,87529200.0,77142100.0,60534258.33333334,109.44000244140624,102.0999984741211,102.697998046875,103.6999969482422,107.58399963378906,105.10439910888672,104.21079864501955,102.9167984008789,101.63079833984376,100.57639923095705,101.46319885253908,99.5499984741211,98.20019836425782,96.5355987548828,94.53219909667969,93.42379951477051,91.99219932556153,90.81869926452637,89.47369918823242,88.1036994934082,86.63393274943036,85.18839925130209,84.00526606241861,82.82333272298177,81.59913279215495,76.65743306477864,75.6823663711548,74.83263308207194,73.96599979400635,73.09416650136312,99534300.0,108248400.0,107578800.0,114282500.0,128058000.0,108239100.0,104403850.0,106478550.0,100376250.0,96834700.0,83375125.0,83451025.0,83574000.0,80264025.0,80465375.0,73182666.66666667,70836183.33333333,69486833.33333333,66959666.66666666,65077283.33333334,60396916.66666666,59351716.66666666,58599358.33333334,57206325.0,56238075.0,1
2020-01-23,112.8499984741211,116.4000015258789,111.12000274658205,114.44000244140624,98255000,0,108.51800079345705,105.07439956665037,96.59329986572266,89.74286626180012,78.37059981028239,104189300.0,109235900.0,89112050.0,78913416.66666667,59671333.33333334,113.91200256347656,109.44000244140624,102.0999984741211,102.697998046875,103.6999969482422,106.36999969482422,105.10439910888672,104.21079864501955,102.9167984008789,101.63079833984376,103.47319946289062,101.46319885253908,99.5499984741211,98.20019836425782,96.5355987548828,95.06349983215333,93.42379951477051,91.99219932556153,90.81869926452637,89.47369918823242,88.19173278808594,86.63393274943036,85.18839925130209,84.00526606241861,82.82333272298177,77.55703309377034,76.65743306477864,75.6823663711548,74.83263308207194,73.96599979400635,101907100.0,99534300.0,108248400.0,107578800.0,114282500.0,114982550.0,108239100.0,104403850.0,106478550.0,100376250.0,87529200.0,83375125.0,83451025.0,83574000.0,80264025.0,77142100.0,73182666.66666667,70836183.33333333,69486833.33333333,66959666.66666666,60534258.33333334,60396916.66666666,59351716.66666666,58599358.33333334,57206325.0,1
2020-01-24,114.1259994506836,114.77200317382812,110.85199737548828,112.96399688720705,71768000,0,110.57120056152344,106.74399948120116,97.98899955749512,91.1827328999837,79.16096642812094,96806200.0,102192500.0,90686775.0,79834300.0,59294941.66666666,114.44000244140624,113.91200256347656,109.44000244140624,102.0999984741211,102.697998046875,108.51800079345705,106.36999969482422,105.10439910888672,104.21079864501955,102.9167984008789,105.07439956665037,103.47319946289062,101.46319885253908,99.5499984741211,98.20019836425782,96.59329986572266,95.06349983215333,93.42379951477051,91.99219932556153,90.81869926452637,89.74286626180012,88.19173278808594,86.63393274943036,85.18839925130209,84.00526606241861,78.37059981028239,77.55703309377034,76.65743306477864,75.6823663711548,74.83263308207194,104189300.0,101907100.0,99534300.0,108248400.0,107578800.0,109235900.0,114982550.0,108239100.0,104403850.0,106478550.0,89112050.0,87529200.0,83375125.0,83451025.0,83574000.0,78913416.66666667,77142100.0,73182666.66666667,70836183.33333333,69486833.33333333,59671333.33333334,60534258.33333334,60396916.66666666,59351716.66666666,58599358.33333334,0
2020-01-27,108.39800262451172,112.88800048828124,107.8560028076172,111.60399627685548,68040500,1,112.47200012207031,108.34139938354492,99.25979919433594,92.55153274536131,79.96696637471517,96785200.0,102516800.0,91430325.0,80952683.33333333,59371925.0,112.96399688720705,114.44000244140624,113.91200256347656,109.44000244140624,102.0999984741211,110.57120056152344,108.51800079345705,106.36999969482422,105.10439910888672,104.21079864501955,106.74399948120116,105.07439956665037,103.47319946289062,101.46319885253908,99.5499984741211,97.98899955749512,96.59329986572266,95.06349983215333,93.42379951477051,91.99219932556153,91.1827328999837,89.74286626180012,88.19173278808594,86.63393274943036,85.18839925130209,79.16096642812094,78.37059981028239,77.55703309377034,76.65743306477864,75.6823663711548,96806200.0,104189300.0,101907100.0,99534300.0,108248400.0,102192500.0,109235900.0,114982550.0,108239100.0,104403850.0,90686775.0,89112050.0,87529200.0,83375125.0,83451025.0,79834300.0,78913416.66666667,77142100.0,73182666.66666667,70836183.33333333,59294941.66666666,59671333.33333334,60534258.33333334,60396916.66666666,59351716.66666666,1
2020-01-28,113.697998046875,115.36199951171876,111.61599731445312,113.37999725341795,58942500,1,113.25999908447264,109.18219909667968,100.62499923706056,93.932999420166,80.80659968058268,90770200.0,95152250.0,91891025.0,81623450.0,59550816.66666666,111.60399627685548,112.96399688720705,114.44000244140624,113.91200256347656,109.44000244140624,112.47200012207031,110.57120056152344,108.51800079345705,106.36999969482422,105.10439910888672,108.34139938354492,106.74399948120116,105.07439956665037,103.47319946289062,101.46319885253908,99.25979919433594,97.98899955749512,96.59329986572266,95.06349983215333,93.42379951477051,92.55153274536131,91.1827328999837,89.74286626180012,88.19173278808594,86.63393274943036,79.96696637471517,79.16096642812094,78.37059981028239,77.55703309377034,76.65743306477864,96785200.0,96806200.0,104189300.0,101907100.0,99534300.0,102516800.0,102192500.0,109235900.0,114982550.0,108239100.0,91430325.0,90686775.0,89112050.0,87529200.0,83375125.0,80952683.33333333,79834300.0,78913416.66666667,77142100.0,73182666.66666667,59371925.0,59294941.66666666,59671333.33333334,60534258.33333334,60396916.66666666,0
2020-01-29,115.13800048828124,117.95999908447266,113.48600006103516,116.197998046875,89007500,1,113.71719818115234,110.04359893798828,102.28789901733398,95.41699930826825,81.6934996287028,77202700.0,89554900.0,93194800.0,83495216.66666667,60612025.0,113.37999725341795,111.60399627685548,112.96399688720705,114.44000244140624,113.91200256347656,113.25999908447264,112.47200012207031,110.57120056152344,108.51800079345705,106.36999969482422,109.18219909667968,108.34139938354492,106.74399948120116,105.07439956665037,103.47319946289062,100.62499923706056,99.25979919433594,97.98899955749512,96.59329986572266,95.06349983215333,93.932999420166,92.55153274536131,91.1827328999837,89.74286626180012,88.19173278808594,80.80659968058268,79.96696637471517,79.16096642812094,78.37059981028239,77.55703309377034,90770200.0,96785200.0,96806200.0,104189300.0,101907100.0,95152250.0,102516800.0,102192500.0,109235900.0,114982550.0,91891025.0,91430325.0,90686775.0,89112050.0,87529200.0,81623450.0,80952683.33333333,79834300.0,78913416.66666667,77142100.0,59550816.66666666,59371925.0,59294941.66666666,59671333.33333334,60534258.33333334,0
2020-01-30,126.48400115966795,130.17599487304688,123.5999984741211,128.16200256347656,145028500,1,116.4615982055664,112.48979949951172,104.51269912719728,97.14573262532551,82.78516635894775,86557400.0,95373350.0,97874800.0,85300466.66666667,62497175.0,116.197998046875,113.37999725341795,111.60399627685548,112.96399688720705,114.44000244140624,113.71719818115234,113.25999908447264,112.47200012207031,110.57120056152344,108.51800079345705,110.04359893798828,109.18219909667968,108.34139938354492,106.74399948120116,105.07439956665037,102.28789901733398,100.62499923706056,99.25979919433594,97.98899955749512,96.59329986572266,95.41699930826825,93.932999420166,92.55153274536131,91.1827328999837,89.74286626180012,81.6934996287028,80.80659968058268,79.96696637471517,79.16096642812094,78.37059981028239,77202700.0,90770200.0,96785200.0,96806200.0,104189300.0,89554900.0,95152250.0,102516800.0,102192500.0,109235900.0,93194800.0,91891025.0,91430325.0,90686775.0,89112050.0,83495216.66666667,81623450.0,80952683.33333333,79834300.0,78913416.66666667,60612025.0,59550816.66666666,59371925.0,59294941.66666666,59671333.33333334,1
2020-01-31,128.0,130.60000610351562,126.50399780273438,130.11399841308594,78596500,1,119.89159851074218,115.2313995361328,106.71579895019529,98.95626602172851,83.89549967447917,87923100.0,92364650.0,99421600.0,86504216.66666667,63074866.66666666,128.16200256347656,116.197998046875,113.37999725341795,111.60399627685548,112.96399688720705,116.4615982055664,113.71719818115234,113.25999908447264,112.47200012207031,110.57120056152344,112.48979949951172,110.04359893798828,109.18219909667968,108.34139938354492,106.74399948120116,104.51269912719728,102.28789901733398,100.62499923706056,99.25979919433594,97.98899955749512,97.14573262532551,95.41699930826825,93.932999420166,92.55153274536131,91.1827328999837,82.78516635894775,81.6934996287028,80.80659968058268,79.96696637471517,79.16096642812094,86557400.0,77202700.0,90770200.0,96785200.0,96806200.0,95373350.0,89554900.0,95152250.0,102516800.0,102192500.0,97874800.0,93194800.0,91891025.0,91430325.0,90686775.0,85300466.66666667,83495216.66666667,81623450.0,80952683.33333333,79834300.0,62497175.0,60612025.0,59550816.66666666,59371925.0,59294941.66666666,1
2020-02-03,134.73800659179688,157.22799682617188,134.70399475097656,156.0,236167500,1,128.7707992553711,120.6213996887207,110.0856990814209,101.53526611328122,85.43809967041015,121548500.0,109166850.0,106785350.0,92022966.66666669,66432375.0,130.11399841308594,128.16200256347656,116.197998046875,113.37999725341795,111.60399627685548,119.89159851074218,116.4615982055664,113.71719818115234,113.25999908447264,112.47200012207031,115.2313995361328,112.48979949951172,110.04359893798828,109.18219909667968,108.34139938354492,106.71579895019529,104.51269912719728,102.28789901733398,100.62499923706056,99.25979919433594,98.95626602172851,97.14573262532551,95.41699930826825,93.932999420166,92.55153274536131,83.89549967447917,82.78516635894775,81.6934996287028,80.80659968058268,79.96696637471517,87923100.0,86557400.0,77202700.0,90770200.0,96785200.0,92364650.0,95373350.0,89554900.0,95152250.0,102516800.0,99421600.0,97874800.0,93194800.0,91891025.0,91430325.0,86504216.66666667,85300466.66666667,83495216.66666667,81623450.0,80952683.33333333,63074866.66666666,62497175.0,60612025.0,59550816.66666666,59371925.0,1
2020-02-04,176.5919952392578,193.79800415039062,166.7760009765625,177.41200256347656,304694000,0,141.57720031738282,127.41859970092771,114.4408992767334,104.75539957682292,87.30636634826661,170698800.0,130734500.0,119486800.0,99161583.33333331,70848866.66666667,156.0,130.11399841308594,128.16200256347656,116.197998046875,113.37999725341795,128.7707992553711,119.89159851074218,116.4615982055664,113.71719818115234,113.25999908447264,120.6213996887207,115.2313995361328,112.48979949951172,110.04359893798828,109.18219909667968,110.0856990814209,106.71579895019529,104.51269912719728,102.28789901733398,100.62499923706056,101.53526611328122,98.95626602172851,97.14573262532551,95.41699930826825,93.932999420166,85.43809967041015,83.89549967447917,82.78516635894775,81.6934996287028,80.80659968058268,121548500.0,87923100.0,86557400.0,77202700.0,90770200.0,109166850.0,92364650.0,95373350.0,89554900.0,95152250.0,106785350.0,99421600.0,97874800.0,93194800.0,91891025.0,92022966.66666669,86504216.66666667,85300466.66666667,83495216.66666667,81623450.0,66432375.0,63074866.66666666,62497175.0,60612025.0,59550816.66666666,1
2020-02-05,164.65199279785156,169.1959991455078,140.82200622558594,146.94000244140625,242119000,1,147.72560119628906,130.7213996887207,117.09729957580566,106.94946645100912,88.63689969380697,201321100.0,139261900.0,127122225.0,104773433.33333331,73678575.0,177.41200256347656,156.0,130.11399841308594,128.16200256347656,116.197998046875,141.57720031738282,128.7707992553711,119.89159851074218,116.4615982055664,113.71719818115234,127.41859970092771,120.6213996887207,115.2313995361328,112.48979949951172,110.04359893798828,114.4408992767334,110.0856990814209,106.71579895019529,104.51269912719728,102.28789901733398,104.75539957682292,101.53526611328122,98.95626602172851,97.14573262532551,95.41699930826825,87.30636634826661,85.43809967041015,83.89549967447917,82.78516635894775,81.6934996287028,170698800.0,121548500.0,87923100.0,86557400.0,77202700.0,130734500.0,109166850.0,92364650.0,95373350.0,89554900.0,119486800.0,106785350.0,99421600.0,97874800.0,93194800.0,99161583.33333331,92022966.66666669,86504216.66666667,85300466.66666667,83495216.66666667,70848866.66666667,66432375.0,63074866.66666666,62497175.0,60612025.0,1
2020-02-06,139.98399353027344,159.16600036621094,137.39999389648438,149.79200744628906,199404000,0,152.05160217285157,134.256600189209,119.66549987792969,109.14773330688476,90.0096331278483,212196200.0,149376800.0,129306350.0,109200300.0,76496208.33333333,146.94000244140625,177.41200256347656,156.0,130.11399841308594,128.16200256347656,147.72560119628906,141.57720031738282,128.7707992553711,119.89159851074218,116.4615982055664,130.7213996887207,127.41859970092771,120.6213996887207,115.2313995361328,112.48979949951172,117.09729957580566,114.4408992767334,110.0856990814209,106.71579895019529,104.51269912719728,106.94946645100912,104.75539957682292,101.53526611328122,98.95626602172851,97.14573262532551,88.63689969380697,87.30636634826661,85.43809967041015,83.89549967447917,82.78516635894775,201321100.0,170698800.0,121548500.0,87923100.0,86557400.0,139261900.0,130734500.0,109166850.0,92364650.0,95373350.0,127122225.0,119486800.0,106785350.0,99421600.0,97874800.0,104773433.33333331,99161583.33333331,92022966.66666669,86504216.66666667,85300466.66666667,73678575.0,70848866.66666667,66432375.0,63074866.66666666,62497175.0,1
2020-02-07,146.11000061035156,153.9499969482422,146.0,149.61399841308594,85317500,1,155.95160217285155,137.92160034179688,122.33279991149902,111.2998664855957,91.35289980570477,213540400.0,150731750.0,126462125.0,110701766.66666669,77085941.66666667,149.79200744628906,146.94000244140625,177.41200256347656,156.0,130.11399841308594,152.05160217285157,147.72560119628906,141.57720031738282,128.7707992553711,119.89159851074218,134.256600189209,130.7213996887207,127.41859970092771,120.6213996887207,115.2313995361328,119.66549987792969,117.09729957580566,114.4408992767334,110.0856990814209,106.71579895019529,109.14773330688476,106.94946645100912,104.75539957682292,101.53526611328122,98.95626602172851,90.0096331278483,88.63689969380697,87.30636634826661,85.43809967041015,83.89549967447917,212196200.0,201321100.0,170698800.0,121548500.0,87923100.0,149376800.0,139261900.0,130734500.0,109166850.0,92364650.0,129306350.0,127122225.0,119486800.0,106785350.0,99421600.0,109200300.0,104773433.33333331,99161583.33333331,92022966.66666669,86504216.66666667,76496208.33333333,73678575.0,70848866.66666667,66432375.0,63074866.66666666,1
