Date,Open,High,Low,Close,Volume,ma5,ma10,ma20,ma30,ma60,ma_vol5,ma_vol10,ma_vol20,ma_vol30,ma_vol60,Pre1Close,Pre2Close,Pre3Close,Pre4Close,Pre5Close,Pre1ma5,Pre2ma5,Pre3ma5,Pre4ma5,Pre5ma5,Pre1ma10,Pre2ma10,Pre3ma10,Pre4ma10,Pre5ma10,Pre1ma20,Pre2ma20,Pre3ma20,Pre4ma20,Pre5ma20,Pre1ma30,Pre2ma30,Pre3ma30,Pre4ma30,Pre5ma30,Pre1ma60,Pre2ma60,Pre3ma60,Pre4ma60,Pre5ma60,Pre1ma_vol5,Pre2ma_vol5,Pre3ma_vol5,Pre4ma_vol5,Pre5ma_vol5,Pre1ma_vol10,Pre2ma_vol10,Pre3ma_vol10,Pre4ma_vol10,Pre5ma_vol10,Pre1ma_vol20,Pre2ma_vol20,Pre3ma_vol20,Pre4ma_vol20,Pre5ma_vol20,Pre1ma_vol30,Pre2ma_vol30,Pre3ma_vol30,Pre4ma_vol30,Pre5ma_vol30,Pre1ma_vol60,Pre2ma_vol60,Pre3ma_vol60,Pre4ma_vol60,Pre5ma_vol60,predict
2020-02-10,66.21211815291812,66.57954140076839,65.97206560656771,66.56239318847656,7666800,65.68841552734375,65.58186492919921,64.12858448028564,62.47542483011882,60.00281925201416,8220160.0,8027880.0,8291520.0,7556106.666666668,7588593.333333332,66.02350616455078,65.72711181640625,65.33029937744139,64.79876708984375,65.35479736328125,65.44689636230468,65.38125152587891,65.45963745117187,65.41309814453125,65.47531433105469,65.45939102172852,65.31683120727538,65.11474952697753,64.94793968200683,64.76055374145508,63.78332939147949,63.459384727478025,63.127112007141115,62.81602725982666,62.53409118652344,62.23227246602377,61.99524358113607,61.75396919250488,61.5580103556315,61.362949244181316,59.79988842010498,59.60187829335529,59.408239491780606,59.22531560262044,59.06911805470784,8895040.0,9120400.0,8811280.0,8279600.0,7835600.0,8129080.0,8519120.0,8752920.0,8592800.0,8693160.0,8164460.0,8191860.0,8094940.0,7994260.0,7746060.0,7494320.0,7371973.333333332,7425320.0,7676360.0,7556360.0,7557453.333333332,7553000.0,7528953.333333332,7592393.333333332,7533953.333333332,0
2020-02-11,66.81224922036411,67.11353151495311,66.61384125433143,66.66282653808594,7850800,66.06122741699218,65.73716278076172,64.44395637512207,62.7174343109131,60.188379033406584,7693760.0,7986680.0,8390080.0,7673826.666666668,7599620.0,66.56239318847656,66.02350616455078,65.72711181640625,65.33029937744139,64.79876708984375,65.68841552734375,65.44689636230468,65.38125152587891,65.45963745117187,65.41309814453125,65.58186492919921,65.45939102172852,65.31683120727538,65.11474952697753,64.94793968200683,64.12858448028564,63.78332939147949,63.459384727478025,63.127112007141115,62.81602725982666,62.47542483011882,62.23227246602377,61.99524358113607,61.75396919250488,61.5580103556315,60.00281925201416,59.79988842010498,59.60187829335529,59.408239491780606,59.22531560262044,8220160.0,8895040.0,9120400.0,8811280.0,8279600.0,8027880.0,8129080.0,8519120.0,8752920.0,8592800.0,8291520.0,8164460.0,8191860.0,8094940.0,7994260.0,7556106.666666668,7494320.0,7371973.333333332,7425320.0,7676360.0,7588593.333333332,7557453.333333332,7553000.0,7528953.333333332,7592393.333333332,0
2020-02-12,66.48646849263181,66.69222464176822,66.16558607817844,66.19988250732422,5836400,66.23514404296876,65.84739074707029,64.7198917388916,62.95397364298503,60.35826403299968,7127680.0,7969480.0,8269260.0,7720040.0,7591400.0,66.66282653808594,66.56239318847656,66.02350616455078,65.72711181640625,65.33029937744139,66.06122741699218,65.68841552734375,65.44689636230468,65.38125152587891,65.45963745117187,65.73716278076172,65.58186492919921,65.45939102172852,65.31683120727538,65.11474952697753,64.44395637512207,64.12858448028564,63.78332939147949,63.459384727478025,63.127112007141115,62.7174343109131,62.47542483011882,62.23227246602377,61.99524358113607,61.75396919250488,60.188379033406584,60.00281925201416,59.79988842010498,59.60187829335529,59.408239491780606,7693760.0,8220160.0,8895040.0,9120400.0,8811280.0,7986680.0,8027880.0,8129080.0,8519120.0,8752920.0,8390080.0,8291520.0,8164460.0,8191860.0,8094940.0,7673826.666666668,7556106.666666668,7494320.0,7371973.333333332,7425320.0,7599620.0,7588593.333333332,7557453.333333332,7553000.0,7528953.333333332,1
2020-02-13,66.199870079262,67.57402936291655,66.199870079262,67.47605133056639,7500400,66.58493194580078,65.98309173583985,65.01248264312744,63.22594846089682,60.54312438964844,7052880.0,8086640.0,8324420.0,7739720.0,7593366.666666668,66.19988250732422,66.66282653808594,66.56239318847656,66.02350616455078,65.72711181640625,66.23514404296876,66.06122741699218,65.68841552734375,65.44689636230468,65.38125152587891,65.84739074707029,65.73716278076172,65.58186492919921,65.45939102172852,65.31683120727538,64.7198917388916,64.44395637512207,64.12858448028564,63.78332939147949,63.459384727478025,62.95397364298503,62.7174343109131,62.47542483011882,62.23227246602377,61.99524358113607,60.35826403299968,60.188379033406584,60.00281925201416,59.79988842010498,59.60187829335529,7127680.0,7693760.0,8220160.0,8895040.0,9120400.0,7969480.0,7986680.0,8027880.0,8129080.0,8519120.0,8269260.0,8390080.0,8291520.0,8164460.0,8191860.0,7720040.0,7673826.666666668,7556106.666666668,7494320.0,7371973.333333332,7591400.0,7599620.0,7588593.333333332,7557453.333333332,7553000.0,1
2020-02-14,67.52995019257042,68.36032292093654,67.49320935950038,68.22315216064453,7354800,67.02486114501953,66.2358787536621,65.33397789001465,63.55173047383626,60.73743139902751,7241840.0,8068440.0,8296440.0,7722053.333333332,7599240.0,67.47605133056639,66.19988250732422,66.66282653808594,66.56239318847656,66.02350616455078,66.58493194580078,66.23514404296876,66.06122741699218,65.68841552734375,65.44689636230468,65.98309173583985,65.84739074707029,65.73716278076172,65.58186492919921,65.45939102172852,65.01248264312744,64.7198917388916,64.44395637512207,64.12858448028564,63.78332939147949,63.22594846089682,62.95397364298503,62.7174343109131,62.47542483011882,62.23227246602377,60.54312438964844,60.35826403299968,60.188379033406584,60.00281925201416,59.79988842010498,7052880.0,7127680.0,7693760.0,8220160.0,8895040.0,8086640.0,7969480.0,7986680.0,8027880.0,8129080.0,8324420.0,8269260.0,8390080.0,8291520.0,8164460.0,7739720.0,7720040.0,7673826.666666668,7556106.666666668,7494320.0,7593366.666666668,7591400.0,7599620.0,7588593.333333332,7557453.333333332,1
2020-02-18,68.58568277236023,69.40626297200734,68.18641492303888,69.08538055419922,9789600,67.52945861816406,66.6089370727539,65.68474540710449,63.89237314860026,60.94407844543457,7666400.0,7943280.0,8318220.0,7811800.0,7653693.333333332,68.22315216064453,67.47605133056639,66.19988250732422,66.66282653808594,66.56239318847656,67.02486114501953,66.58493194580078,66.23514404296876,66.06122741699218,65.68841552734375,66.2358787536621,65.98309173583985,65.84739074707029,65.73716278076172,65.58186492919921,65.33397789001465,65.01248264312744,64.7198917388916,64.44395637512207,64.12858448028564,63.55173047383626,63.22594846089682,62.95397364298503,62.7174343109131,62.47542483011882,60.73743139902751,60.54312438964844,60.35826403299968,60.188379033406584,60.00281925201416,7241840.0,7052880.0,7127680.0,7693760.0,8220160.0,8068440.0,8086640.0,7969480.0,7986680.0,8027880.0,8296440.0,8324420.0,8269260.0,8390080.0,8291520.0,7722053.333333332,7739720.0,7720040.0,7673826.666666668,7556106.666666668,7599240.0,7593366.666666668,7591400.0,7599620.0,7588593.333333332,1
2020-02-19,67.36583171025445,67.88022580308859,67.25070544888324,67.28010559082031,21134800,67.65291442871094,66.85707092285156,65.9025053024292,64.1630418141683,61.110242144266756,10323200.0,9008480.0,8800640.0,8332333.333333332,7864173.333333332,69.08538055419922,68.22315216064453,67.47605133056639,66.19988250732422,66.66282653808594,67.52945861816406,67.02486114501953,66.58493194580078,66.23514404296876,66.06122741699218,66.6089370727539,66.2358787536621,65.98309173583985,65.84739074707029,65.73716278076172,65.68474540710449,65.33397789001465,65.01248264312744,64.7198917388916,64.44395637512207,63.89237314860026,63.55173047383626,63.22594846089682,62.95397364298503,62.7174343109131,60.94407844543457,60.73743139902751,60.54312438964844,60.35826403299968,60.188379033406584,7666400.0,7241840.0,7052880.0,7127680.0,7693760.0,7943280.0,8068440.0,8086640.0,7969480.0,7986680.0,8318220.0,8296440.0,8324420.0,8269260.0,8390080.0,7811800.0,7722053.333333332,7739720.0,7720040.0,7673826.666666668,7653693.333333332,7599240.0,7593366.666666668,7591400.0,7599620.0,0
2020-02-20,67.59118384515473,67.88512544472076,66.94696719669841,67.85817718505861,10731600,67.98457336425781,67.10985870361328,66.11230411529542,64.45469423929849,61.286365191141755,11302240.0,9214960.0,8983940.0,8468280.0,7959866.666666668,67.28010559082031,69.08538055419922,68.22315216064453,67.47605133056639,66.19988250732422,67.65291442871094,67.52945861816406,67.02486114501953,66.58493194580078,66.23514404296876,66.85707092285156,66.6089370727539,66.2358787536621,65.98309173583985,65.84739074707029,65.9025053024292,65.68474540710449,65.33397789001465,65.01248264312744,64.7198917388916,64.1630418141683,63.89237314860026,63.55173047383626,63.22594846089682,62.95397364298503,61.110242144266756,60.94407844543457,60.73743139902751,60.54312438964844,60.35826403299968,10323200.0,7666400.0,7241840.0,7052880.0,7127680.0,9008480.0,7943280.0,8068440.0,8086640.0,7969480.0,8800640.0,8318220.0,8296440.0,8324420.0,8269260.0,8332333.333333332,7811800.0,7722053.333333332,7739720.0,7720040.0,7864173.333333332,7653693.333333332,7599240.0,7593366.666666668,7591400.0,1
2020-02-21,67.9806497372861,68.28193949479835,67.62302653199784,67.99534606933594,11030800,68.08843231201172,67.33668212890625,66.32675666809082,64.75181719462077,61.4719212849935,12008320.0,9530600.0,9024860.0,8638106.666666666,8060113.333333332,67.85817718505861,67.28010559082031,69.08538055419922,68.22315216064453,67.47605133056639,67.98457336425781,67.65291442871094,67.52945861816406,67.02486114501953,66.58493194580078,67.10985870361328,66.85707092285156,66.6089370727539,66.2358787536621,65.98309173583985,66.11230411529542,65.9025053024292,65.68474540710449,65.33397789001465,65.01248264312744,64.45469423929849,64.1630418141683,63.89237314860026,63.55173047383626,63.22594846089682,61.286365191141755,61.110242144266756,60.94407844543457,60.73743139902751,60.54312438964844,11302240.0,10323200.0,7666400.0,7241840.0,7052880.0,9214960.0,9008480.0,7943280.0,8068440.0,8086640.0,8983940.0,8800640.0,8318220.0,8296440.0,8324420.0,8468280.0,8332333.333333332,7811800.0,7722053.333333332,7739720.0,7959866.666666668,7864173.333333332,7653693.333333332,7599240.0,7593366.666666668,1
2020-02-24,67.31193260905661,68.24518701333972,67.098828332129,67.10128021240234,9091600,67.86405792236329,67.4444595336914,66.45192527770996,65.00370610555014,61.645906130472824,12355680.0,9798760.0,8963920.0,8709226.666666666,8087366.666666668,67.99534606933594,67.85817718505861,67.28010559082031,69.08538055419922,68.22315216064453,68.08843231201172,67.98457336425781,67.65291442871094,67.52945861816406,67.02486114501953,67.33668212890625,67.10985870361328,66.85707092285156,66.6089370727539,66.2358787536621,66.32675666809082,66.11230411529542,65.9025053024292,65.68474540710449,65.33397789001465,64.75181719462077,64.45469423929849,64.1630418141683,63.89237314860026,63.55173047383626,61.4719212849935,61.286365191141755,61.110242144266756,60.94407844543457,60.73743139902751,12008320.0,11302240.0,10323200.0,7666400.0,7241840.0,9530600.0,9214960.0,9008480.0,7943280.0,8068440.0,9024860.0,8983940.0,8800640.0,8318220.0,8296440.0,8638106.666666666,8468280.0,8332333.333333332,7811800.0,7722053.333333332,8060113.333333332,7959866.666666668,7864173.333333332,7653693.333333332,7599240.0,1
2020-02-25,67.10127961571317,67.58137720459939,66.08718792387502,66.21701049804689,10285600,67.29038391113279,67.40992126464843,66.49589309692382,65.22236340840658,61.79556973775229,12454880.0,10060640.0,9044260.0,8881226.666666666,7998226.666666668,67.10128021240234,67.99534606933594,67.85817718505861,67.28010559082031,69.08538055419922,67.86405792236329,68.08843231201172,67.98457336425781,67.65291442871094,67.52945861816406,67.4444595336914,67.33668212890625,67.10985870361328,66.85707092285156,66.6089370727539,66.45192527770996,66.32675666809082,66.11230411529542,65.9025053024292,65.68474540710449,65.00370610555014,64.75181719462077,64.45469423929849,64.1630418141683,63.89237314860026,61.645906130472824,61.4719212849935,61.286365191141755,61.110242144266756,60.94407844543457,12355680.0,12008320.0,11302240.0,10323200.0,7666400.0,9798760.0,9530600.0,9214960.0,9008480.0,7943280.0,8963920.0,9024860.0,8983940.0,8800640.0,8318220.0,8709226.666666666,8638106.666666666,8468280.0,8332333.333333332,7811800.0,8087366.666666668,8060113.333333332,7959866.666666668,7864173.333333332,7653693.333333332,1
2020-02-26,65.87409606507855,66.944521402503,65.64629541608923,66.00637054443361,9551600,67.03563690185547,67.3442756652832,66.54071922302246,65.41072947184244,61.94417209625245,10138240.0,10230720.0,9108700.0,9003626.666666666,8014353.333333332,66.21701049804689,67.10128021240234,67.99534606933594,67.85817718505861,67.28010559082031,67.29038391113279,67.86405792236329,68.08843231201172,67.98457336425781,67.65291442871094,67.40992126464843,67.4444595336914,67.33668212890625,67.10985870361328,66.85707092285156,66.49589309692382,66.45192527770996,66.32675666809082,66.11230411529542,65.9025053024292,65.22236340840658,65.00370610555014,64.75181719462077,64.45469423929849,64.1630418141683,61.79556973775229,61.645906130472824,61.4719212849935,61.286365191141755,61.110242144266756,12454880.0,12355680.0,12008320.0,11302240.0,10323200.0,10060640.0,9798760.0,9530600.0,9214960.0,9008480.0,9044260.0,8963920.0,9024860.0,8983940.0,8800640.0,8881226.666666666,8709226.666666666,8638106.666666666,8468280.0,8332333.333333332,7998226.666666668,8087366.666666668,8060113.333333332,7959866.666666668,7864173.333333332,0
2020-02-27,65.99897648497955,66.71057172678682,62.93835950531575,62.99745559692383,14604000,66.06349258422851,67.02403297424317,66.43571186065674,65.48793881734213,62.03956406911214,10912720.0,11107480.0,9538480.0,9215333.333333334,8198460.0,66.00637054443361,66.21701049804689,67.10128021240234,67.99534606933594,67.85817718505861,67.03563690185547,67.29038391113279,67.86405792236329,68.08843231201172,67.98457336425781,67.3442756652832,67.40992126464843,67.4444595336914,67.33668212890625,67.10985870361328,66.54071922302246,66.49589309692382,66.45192527770996,66.32675666809082,66.11230411529542,65.41072947184244,65.22236340840658,65.00370610555014,64.75181719462077,64.45469423929849,61.94417209625245,61.79556973775229,61.645906130472824,61.4719212849935,61.286365191141755,10138240.0,12454880.0,12355680.0,12008320.0,11302240.0,10230720.0,10060640.0,9798760.0,9530600.0,9214960.0,9108700.0,9044260.0,8963920.0,9024860.0,8983940.0,9003626.666666666,8881226.666666666,8709226.666666666,8638106.666666666,8468280.0,8014353.333333332,7998226.666666668,8087366.666666668,8060113.333333332,7959866.666666668,0
2020-02-28,61.101498772212935,62.5197749691855,59.85312431490706,62.236610412597656,27474800,64.91174545288087,66.50008888244629,66.24159030914306,65.50835138956705,62.132767295837404,14201520.0,13104920.0,10595780.0,9917920.0,8537740.0,62.99745559692383,66.00637054443361,66.21701049804689,67.10128021240234,67.99534606933594,66.06349258422851,67.03563690185547,67.29038391113279,67.86405792236329,68.08843231201172,67.02403297424317,67.3442756652832,67.40992126464843,67.4444595336914,67.33668212890625,66.43571186065674,66.54071922302246,66.49589309692382,66.45192527770996,66.32675666809082,65.48793881734213,65.41072947184244,65.22236340840658,65.00370610555014,64.75181719462077,62.03956406911214,61.94417209625245,61.79556973775229,61.645906130472824,61.4719212849935,10912720.0,10138240.0,12454880.0,12355680.0,12008320.0,11107480.0,10230720.0,10060640.0,9798760.0,9530600.0,9538480.0,9108700.0,9044260.0,8963920.0,9024860.0,9215333.333333334,9003626.666666666,8881226.666666666,8709226.666666666,8638106.666666666,8198460.0,8014353.333333332,7998226.666666668,8087366.666666668,8060113.333333332,0
2020-03-02,62.455753808321646,66.21073219781691,62.13073468176468,66.07530975341797,19305600,64.70655136108398,66.28530464172363,66.26059169769287,65.65108680725098,62.28594799041748,16244320.0,14300000.0,11184220.0,10297626.666666666,8705346.666666666,62.236610412597656,62.99745559692383,66.00637054443361,66.21701049804689,67.10128021240234,64.91174545288087,66.06349258422851,67.03563690185547,67.29038391113279,67.86405792236329,66.50008888244629,67.02403297424317,67.3442756652832,67.40992126464843,67.4444595336914,66.24159030914306,66.43571186065674,66.54071922302246,66.49589309692382,66.45192527770996,65.50835138956705,65.48793881734213,65.41072947184244,65.22236340840658,65.00370610555014,62.132767295837404,62.03956406911214,61.94417209625245,61.79556973775229,61.645906130472824,14201520.0,10912720.0,10138240.0,12454880.0,12355680.0,13104920.0,11107480.0,10230720.0,10060640.0,9798760.0,10595780.0,9538480.0,9108700.0,9044260.0,8963920.0,9917920.0,9215333.333333334,9003626.666666666,8881226.666666666,8709226.666666666,8537740.0,8198460.0,8014353.333333332,7998226.666666668,8087366.666666668,1
2020-03-03,66.25751567722091,67.54036191903944,64.73090603145914,65.28737640380861,15636000,64.52062454223633,65.90550422668457,66.25722064971924,65.75833168029786,62.417709096272795,17314400.0,14884640.0,11413960.0,10507026.666666666,8854293.333333334,66.07530975341797,62.236610412597656,62.99745559692383,66.00637054443361,66.21701049804689,64.70655136108398,64.91174545288087,66.06349258422851,67.03563690185547,67.29038391113279,66.28530464172363,66.50008888244629,67.02403297424317,67.3442756652832,67.40992126464843,66.26059169769287,66.24159030914306,66.43571186065674,66.54071922302246,66.49589309692382,65.65108680725098,65.50835138956705,65.48793881734213,65.41072947184244,65.22236340840658,62.28594799041748,62.132767295837404,62.03956406911214,61.94417209625245,61.79556973775229,16244320.0,14201520.0,10912720.0,10138240.0,12454880.0,14300000.0,13104920.0,11107480.0,10230720.0,10060640.0,11184220.0,10595780.0,9538480.0,9108700.0,9044260.0,10297626.666666666,9917920.0,9215333.333333334,9003626.666666666,8881226.666666666,8705346.666666666,8537740.0,8198460.0,8014353.333333332,7998226.666666668,1
2020-03-04,66.28460665945386,69.57667511114485,66.28460665945386,69.49049377441406,14713200,65.21744918823242,66.12654304504396,66.49180698394775,65.97718454996745,62.618297322591154,18346720.0,14242480.0,11625480.0,10614586.666666666,8992626.666666666,65.28737640380861,66.07530975341797,62.236610412597656,62.99745559692383,66.00637054443361,64.52062454223633,64.70655136108398,64.91174545288087,66.06349258422851,67.03563690185547,65.90550422668457,66.28530464172363,66.50008888244629,67.02403297424317,67.3442756652832,66.25722064971924,66.26059169769287,66.24159030914306,66.43571186065674,66.54071922302246,65.75833168029786,65.65108680725098,65.50835138956705,65.48793881734213,65.41072947184244,62.417709096272795,62.28594799041748,62.132767295837404,62.03956406911214,61.94417209625245,17314400.0,16244320.0,14201520.0,10912720.0,10138240.0,14884640.0,14300000.0,13104920.0,11107480.0,10230720.0,11413960.0,11184220.0,10595780.0,9538480.0,9108700.0,10507026.666666666,10297626.666666666,9917920.0,9215333.333333334,9003626.666666666,8854293.333333334,8705346.666666666,8537740.0,8198460.0,8014353.333333332,1
2020-03-05,68.21749114930121,68.90939149952311,67.08238323096546,67.99835205078125,12412000,66.21762847900389,66.14056053161622,66.62520961761474,66.12172292073568,62.794710540771476,17908320.0,14410520.0,11812740.0,10792800.0,9096226.666666666,69.49049377441406,65.28737640380861,66.07530975341797,62.236610412597656,62.99745559692383,65.21744918823242,64.52062454223633,64.70655136108398,64.91174545288087,66.06349258422851,66.12654304504396,65.90550422668457,66.28530464172363,66.50008888244629,67.02403297424317,66.49180698394775,66.25722064971924,66.26059169769287,66.24159030914306,66.43571186065674,65.97718454996745,65.75833168029786,65.65108680725098,65.50835138956705,65.48793881734213,62.618297322591154,62.417709096272795,62.28594799041748,62.132767295837404,62.03956406911214,18346720.0,17314400.0,16244320.0,14201520.0,10912720.0,14242480.0,14884640.0,14300000.0,13104920.0,11107480.0,11625480.0,11413960.0,11184220.0,10595780.0,9538480.0,10614586.666666666,10507026.666666666,10297626.666666666,9917920.0,9215333.333333334,8992626.666666666,8854293.333333334,8705346.666666666,8537740.0,8198460.0,1
2020-03-06,66.12701207810112,67.19810572109324,64.4378910685606,66.92971801757811,14556400,67.15625,66.03399772644043,66.68533992767334,66.22917035420735,62.953803126017256,15324640.0,14763080.0,12146840.0,10937600.0,9262833.333333334,67.99835205078125,69.49049377441406,65.28737640380861,66.07530975341797,62.236610412597656,66.21762847900389,65.21744918823242,64.52062454223633,64.70655136108398,64.91174545288087,66.14056053161622,66.12654304504396,65.90550422668457,66.28530464172363,66.50008888244629,66.62520961761474,66.49180698394775,66.25722064971924,66.26059169769287,66.24159030914306,66.12172292073568,65.97718454996745,65.75833168029786,65.65108680725098,65.50835138956705,62.794710540771476,62.618297322591154,62.417709096272795,62.28594799041748,62.132767295837404,17908320.0,18346720.0,17314400.0,16244320.0,14201520.0,14410520.0,14242480.0,14884640.0,14300000.0,13104920.0,11812740.0,11625480.0,11413960.0,11184220.0,10595780.0,10792800.0,10614586.666666666,10507026.666666666,10297626.666666666,9917920.0,9096226.666666666,8992626.666666666,8854293.333333334,8705346.666666666,8537740.0,0
2020-03-09,62.655199098767135,65.57546428758582,62.655199098767135,64.33447265625,15564400,66.80808258056639,65.7573169708252,66.6008882522583,66.22038917541504,63.06890678405762,14576400.0,15410360.0,12604560.0,11112733.333333334,9449813.333333334,66.92971801757811,67.99835205078125,69.49049377441406,65.28737640380861,66.07530975341797,67.15625,66.21762847900389,65.21744918823242,64.52062454223633,64.70655136108398,66.03399772644043,66.14056053161622,66.12654304504396,65.90550422668457,66.28530464172363,66.68533992767334,66.62520961761474,66.49180698394775,66.25722064971924,66.26059169769287,66.22917035420735,66.12172292073568,65.97718454996745,65.75833168029786,65.65108680725098,62.953803126017256,62.794710540771476,62.618297322591154,62.417709096272795,62.28594799041748,15324640.0,17908320.0,18346720.0,17314400.0,16244320.0,14763080.0,14410520.0,14242480.0,14884640.0,14300000.0,12146840.0,11812740.0,11625480.0,11413960.0,11184220.0,10937600.0,10792800.0,10614586.666666666,10507026.666666666,10297626.666666666,9262833.333333334,9096226.666666666,8992626.666666666,8854293.333333334,8705346.666666666,0
2020-03-10,65.40557120336145,65.82169729221957,59.66353012566018,62.96791076660156,23743600,66.344189453125,65.43240699768066,66.42116413116455,66.14139773050944,63.15580469767253,16197920.0,16756160.0,13408400.0,11614893.333333336,9741993.333333334,64.33447265625,66.92971801757811,67.99835205078125,69.49049377441406,65.28737640380861,66.80808258056639,67.15625,66.21762847900389,65.21744918823242,64.52062454223633,65.7573169708252,66.03399772644043,66.14056053161622,66.12654304504396,65.90550422668457,66.6008882522583,66.68533992767334,66.62520961761474,66.49180698394775,66.25722064971924,66.22038917541504,66.22917035420735,66.12172292073568,65.97718454996745,65.75833168029786,63.06890678405762,62.953803126017256,62.794710540771476,62.618297322591154,62.417709096272795,14576400.0,15324640.0,17908320.0,18346720.0,17314400.0,15410360.0,14763080.0,14410520.0,14242480.0,14884640.0,12604560.0,12146840.0,11812740.0,11625480.0,11413960.0,11112733.333333334,10937600.0,10792800.0,10614586.666666666,10507026.666666666,9449813.333333334,9262833.333333334,9096226.666666666,8992626.666666666,8854293.333333334,0
2020-03-11,61.360038960889646,61.36496457466419,58.74017224705389,59.40498733520508,19631200,64.3270881652832,64.77226867675782,66.0582721710205,65.95123570760092,63.190995597839354,17181520.0,17764120.0,13997420.0,11993840.0,9953006.666666666,62.96791076660156,64.33447265625,66.92971801757811,67.99835205078125,69.49049377441406,66.344189453125,66.80808258056639,67.15625,66.21762847900389,65.21744918823242,65.43240699768066,65.7573169708252,66.03399772644043,66.14056053161622,66.12654304504396,66.42116413116455,66.6008882522583,66.68533992767334,66.62520961761474,66.49180698394775,66.14139773050944,66.22038917541504,66.22917035420735,66.12172292073568,65.97718454996745,63.15580469767253,63.06890678405762,62.953803126017256,62.794710540771476,62.618297322591154,16197920.0,14576400.0,15324640.0,17908320.0,18346720.0,16756160.0,15410360.0,14763080.0,14410520.0,14242480.0,13408400.0,12604560.0,12146840.0,11812740.0,11625480.0,11614893.333333336,11112733.333333334,10937600.0,10792800.0,10614586.666666666,9741993.333333334,9449813.333333334,9262833.333333334,9096226.666666666,8992626.666666666,1
2020-03-12,53.21727829551148,57.041200232749716,50.73529869738322,51.43458557128906,31668400,61.014334869384776,63.615981674194344,65.32000732421875,65.4958017985026,63.08089491526286,21032800.0,19470560.0,15289020.0,12849173.333333336,10341726.666666666,59.40498733520508,62.96791076660156,64.33447265625,66.92971801757811,67.99835205078125,64.3270881652832,66.344189453125,66.80808258056639,67.15625,66.21762847900389,64.77226867675782,65.43240699768066,65.7573169708252,66.03399772644043,66.14056053161622,66.0582721710205,66.42116413116455,66.6008882522583,66.68533992767334,66.62520961761474,65.95123570760092,66.14139773050944,66.22038917541504,66.22917035420735,66.12172292073568,63.190995597839354,63.15580469767253,63.06890678405762,62.953803126017256,62.794710540771476,17181520.0,16197920.0,14576400.0,15324640.0,17908320.0,17764120.0,16756160.0,15410360.0,14763080.0,14410520.0,13997420.0,13408400.0,12604560.0,12146840.0,11812740.0,11993840.0,11614893.333333336,11112733.333333334,10937600.0,10792800.0,9953006.666666666,9741993.333333334,9449813.333333334,9262833.333333334,9096226.666666666,1
2020-03-13,54.18249152580447,54.66017461775521,48.34934751886768,54.55429458618164,31586400,58.53925018310546,62.847750091552726,64.67391948699951,65.11031023661296,63.012501525878896,24438800.0,19881720.0,16493320.0,13691093.333333336,10630086.666666666,51.43458557128906,59.40498733520508,62.96791076660156,64.33447265625,66.92971801757811,61.014334869384776,64.3270881652832,66.344189453125,66.80808258056639,67.15625,63.615981674194344,64.77226867675782,65.43240699768066,65.7573169708252,66.03399772644043,65.32000732421875,66.0582721710205,66.42116413116455,66.6008882522583,66.68533992767334,65.4958017985026,65.95123570760092,66.14139773050944,66.22038917541504,66.22917035420735,63.08089491526286,63.190995597839354,63.15580469767253,63.06890678405762,62.953803126017256,21032800.0,17181520.0,16197920.0,14576400.0,15324640.0,19470560.0,17764120.0,16756160.0,15410360.0,14763080.0,15289020.0,13997420.0,13408400.0,12604560.0,12146840.0,12849173.333333336,11993840.0,11614893.333333336,11112733.333333334,10937600.0,10341726.666666666,9953006.666666666,9741993.333333334,9449813.333333334,9262833.333333334,1
2020-03-16,48.75315935822914,54.33268849760728,48.442913333066166,49.58294677734375,20240400,55.58894500732422,61.19851379394531,63.741909217834475,64.57323239644369,62.85982341766358,25374000.0,19975200.0,17137600.0,14114546.666666664,10794526.666666666,54.55429458618164,51.43458557128906,59.40498733520508,62.96791076660156,64.33447265625,58.53925018310546,61.014334869384776,64.3270881652832,66.344189453125,66.80808258056639,62.847750091552726,63.615981674194344,64.77226867675782,65.43240699768066,65.7573169708252,64.67391948699951,65.32000732421875,66.0582721710205,66.42116413116455,66.6008882522583,65.11031023661296,65.4958017985026,65.95123570760092,66.14139773050944,66.22038917541504,63.012501525878896,63.08089491526286,63.190995597839354,63.15580469767253,63.06890678405762,24438800.0,21032800.0,17181520.0,16197920.0,14576400.0,19881720.0,19470560.0,17764120.0,16756160.0,15410360.0,16493320.0,15289020.0,13997420.0,13408400.0,12604560.0,13691093.333333336,12849173.333333336,11993840.0,11614893.333333336,11112733.333333334,10630086.666666666,10341726.666666666,9953006.666666666,9741993.333333334,9449813.333333334,1
2020-03-17,50.59002375279089,56.00950252488262,50.2305290972853,54.6035385131836,21538000,53.91607055664063,60.13013000488282,63.01781711578369,64.21485710144043,62.78890317281087,24932880.0,20565400.0,17725020.0,14464440.0,11010400.0,49.58294677734375,54.55429458618164,51.43458557128906,59.40498733520508,62.96791076660156,55.58894500732422,58.53925018310546,61.014334869384776,64.3270881652832,66.344189453125,61.19851379394531,62.847750091552726,63.615981674194344,64.77226867675782,65.43240699768066,63.741909217834475,64.67391948699951,65.32000732421875,66.0582721710205,66.42116413116455,64.57323239644369,65.11031023661296,65.4958017985026,65.95123570760092,66.14139773050944,62.85982341766358,63.012501525878896,63.08089491526286,63.190995597839354,63.15580469767253,25374000.0,24438800.0,21032800.0,17181520.0,16197920.0,19975200.0,19881720.0,19470560.0,17764120.0,16756160.0,17137600.0,16493320.0,15289020.0,13997420.0,13408400.0,14114546.666666664,13691093.333333336,12849173.333333336,11993840.0,11614893.333333336,10794526.666666666,10630086.666666666,10341726.666666666,9953006.666666666,9741993.333333334,1
2020-03-18,51.47644151524489,56.1375409972437,49.186519632646416,51.86548233032226,22198000,52.40816955566406,58.36762886047363,62.24708595275879,63.783747609456384,62.670878982543954,25446240.0,21313880.0,17778180.0,14854946.666666664,11265653.333333336,54.6035385131836,49.58294677734375,54.55429458618164,51.43458557128906,59.40498733520508,53.91607055664063,55.58894500732422,58.53925018310546,61.014334869384776,64.3270881652832,60.13013000488282,61.19851379394531,62.847750091552726,63.615981674194344,64.77226867675782,63.01781711578369,63.741909217834475,64.67391948699951,65.32000732421875,66.0582721710205,64.21485710144043,64.57323239644369,65.11031023661296,65.4958017985026,65.95123570760092,62.78890317281087,62.85982341766358,63.012501525878896,63.08089491526286,63.190995597839354,24932880.0,25374000.0,24438800.0,21032800.0,17181520.0,20565400.0,19975200.0,19881720.0,19470560.0,17764120.0,17725020.0,17137600.0,16493320.0,15289020.0,13997420.0,14464440.0,14114546.666666664,13691093.333333336,12849173.333333336,11993840.0,11010400.0,10794526.666666666,10630086.666666666,10341726.666666666,9953006.666666666,1
2020-03-19,51.71036015491303,54.57153313364006,49.37857982731492,50.99383926391602,17441200,52.32002029418946,56.66717758178711,61.40386905670166,63.30586560567221,62.52991739908853,22600800.0,21816800.0,18113660.0,15147426.666666664,11286373.333333336,51.86548233032226,54.6035385131836,49.58294677734375,54.55429458618164,51.43458557128906,52.40816955566406,53.91607055664063,55.58894500732422,58.53925018310546,61.014334869384776,58.36762886047363,60.13013000488282,61.19851379394531,62.847750091552726,63.615981674194344,62.24708595275879,63.01781711578369,63.741909217834475,64.67391948699951,65.32000732421875,63.783747609456384,64.21485710144043,64.57323239644369,65.11031023661296,65.4958017985026,62.670878982543954,62.78890317281087,62.85982341766358,63.012501525878896,63.08089491526286,25446240.0,24932880.0,25374000.0,24438800.0,21032800.0,21313880.0,20565400.0,19975200.0,19881720.0,19470560.0,17778180.0,17725020.0,17137600.0,16493320.0,15289020.0,14854946.666666664,14464440.0,14114546.666666664,13691093.333333336,12849173.333333336,11265653.333333336,11010400.0,10794526.666666666,10630086.666666666,10341726.666666666,1
2020-03-20,50.66142644969239,51.68327145845747,46.01017826153488,47.2142333984375,22482400,50.852008056640635,54.69562911987305,60.36481342315674,62.688769658406585,62.34200661977132,20780000.0,22609400.0,18686240.0,15634360.0,11503166.666666664,50.99383926391602,51.86548233032226,54.6035385131836,49.58294677734375,54.55429458618164,52.32002029418946,52.40816955566406,53.91607055664063,55.58894500732422,58.53925018310546,56.66717758178711,58.36762886047363,60.13013000488282,61.19851379394531,62.847750091552726,61.40386905670166,62.24708595275879,63.01781711578369,63.741909217834475,64.67391948699951,63.30586560567221,63.783747609456384,64.21485710144043,64.57323239644369,65.11031023661296,62.52991739908853,62.670878982543954,62.78890317281087,62.85982341766358,63.012501525878896,22600800.0,25446240.0,24932880.0,25374000.0,24438800.0,21816800.0,21313880.0,20565400.0,19975200.0,19881720.0,18113660.0,17778180.0,17725020.0,17137600.0,16493320.0,15147426.666666664,14854946.666666664,14464440.0,14114546.666666664,13691093.333333336,11286373.333333336,11265653.333333336,11010400.0,10794526.666666666,10630086.666666666,0
2020-03-23,45.96339486672078,46.43123046917886,43.04066878331686,44.729793548583984,23661600,49.88137741088868,52.73516120910646,59.24623908996582,61.978979237874356,62.105625851949064,21464240.0,23419120.0,19414740.0,16209413.333333336,11851866.666666664,47.2142333984375,50.99383926391602,51.86548233032226,54.6035385131836,49.58294677734375,50.852008056640635,52.32002029418946,52.40816955566406,53.91607055664063,55.58894500732422,54.69562911987305,56.66717758178711,58.36762886047363,60.13013000488282,61.19851379394531,60.36481342315674,61.40386905670166,62.24708595275879,63.01781711578369,63.741909217834475,62.688769658406585,63.30586560567221,63.783747609456384,64.21485710144043,64.57323239644369,62.34200661977132,62.52991739908853,62.670878982543954,62.78890317281087,62.85982341766358,20780000.0,22600800.0,25446240.0,24932880.0,25374000.0,22609400.0,21816800.0,21313880.0,20565400.0,19975200.0,18686240.0,18113660.0,17778180.0,17725020.0,17137600.0,15634360.0,15147426.666666664,14854946.666666664,14464440.0,14114546.666666664,11503166.666666664,11286373.333333336,11265653.333333336,11010400.0,10794526.666666666,1
2020-03-24,46.25394637232643,51.333629112423885,45.9190760329405,50.85348510742188,17900800,49.13136672973633,51.523718643188474,58.47806282043457,61.45534896850586,61.96538689931234,20736800.0,22834840.0,19795500.0,16550546.666666664,12053326.666666664,44.729793548583984,47.2142333984375,50.99383926391602,51.86548233032226,54.6035385131836,49.88137741088868,50.852008056640635,52.32002029418946,52.40816955566406,53.91607055664063,52.73516120910646,54.69562911987305,56.66717758178711,58.36762886047363,60.13013000488282,59.24623908996582,60.36481342315674,61.40386905670166,62.24708595275879,63.01781711578369,61.978979237874356,62.688769658406585,63.30586560567221,63.783747609456384,64.21485710144043,62.105625851949064,62.34200661977132,62.52991739908853,62.670878982543954,62.78890317281087,21464240.0,20780000.0,22600800.0,25446240.0,24932880.0,23419120.0,22609400.0,21816800.0,21313880.0,20565400.0,19414740.0,18686240.0,18113660.0,17778180.0,17725020.0,16209413.333333336,15634360.0,15147426.666666664,14854946.666666664,14464440.0,11851866.666666664,11503166.666666664,11286373.333333336,11265653.333333336,11010400.0,1
2020-03-25,50.64419371254712,54.231738926456735,48.03171718315112,51.77438354492188,17794400,49.11314697265625,50.760658264160156,57.766463470458994,60.95906753540039,61.838250923156735,19856080.0,22651160.0,20207640.0,16882000.0,12277913.333333336,50.85348510742188,44.729793548583984,47.2142333984375,50.99383926391602,51.86548233032226,49.13136672973633,49.88137741088868,50.852008056640635,52.32002029418946,52.40816955566406,51.523718643188474,52.73516120910646,54.69562911987305,56.66717758178711,58.36762886047363,58.47806282043457,59.24623908996582,60.36481342315674,61.40386905670166,62.24708595275879,61.45534896850586,61.978979237874356,62.688769658406585,63.30586560567221,63.783747609456384,61.96538689931234,62.105625851949064,62.34200661977132,62.52991739908853,62.670878982543954,20736800.0,21464240.0,20780000.0,22600800.0,25446240.0,22834840.0,23419120.0,22609400.0,21816800.0,21313880.0,19795500.0,19414740.0,18686240.0,18113660.0,17778180.0,16550546.666666664,16209413.333333336,15634360.0,15147426.666666664,14854946.666666664,12053326.666666664,11851866.666666664,11503166.666666664,11286373.333333336,11265653.333333336,1
2020-03-26,51.92949881473192,57.659227094755884,51.855633398941286,56.9033088684082,14655200,50.295040893554685,51.30753059387207,57.4617561340332,60.64918174743652,61.801577695210774,19298880.0,20949840.0,20210200.0,17175960.0,12448000.0,51.77438354492188,50.85348510742188,44.729793548583984,47.2142333984375,50.99383926391602,49.11314697265625,49.13136672973633,49.88137741088868,50.852008056640635,52.32002029418946,50.760658264160156,51.523718643188474,52.73516120910646,54.69562911987305,56.66717758178711,57.766463470458994,58.47806282043457,59.24623908996582,60.36481342315674,61.40386905670166,60.95906753540039,61.45534896850586,61.978979237874356,62.688769658406585,63.30586560567221,61.838250923156735,61.96538689931234,62.105625851949064,62.34200661977132,62.52991739908853,19856080.0,20736800.0,21464240.0,20780000.0,22600800.0,22651160.0,22834840.0,23419120.0,22609400.0,21816800.0,20207640.0,19795500.0,19414740.0,18686240.0,18113660.0,16882000.0,16550546.666666664,16209413.333333336,15634360.0,15147426.666666664,12277913.333333336,12053326.666666664,11851866.666666664,11503166.666666664,11286373.333333336,1
2020-03-27,55.519506260476405,59.173533812184274,55.00489047652854,57.11260223388672,16184400,52.274714660644534,51.56336135864258,57.205555725097646,60.30373344421387,61.76484095255534,18039280.0,19409640.0,19645680.0,17465426.666666668,12602573.333333336,56.9033088684082,51.77438354492188,50.85348510742188,44.729793548583984,47.2142333984375,50.295040893554685,49.11314697265625,49.13136672973633,49.88137741088868,50.852008056640635,51.30753059387207,50.760658264160156,51.523718643188474,52.73516120910646,54.69562911987305,57.4617561340332,57.766463470458994,58.47806282043457,59.24623908996582,60.36481342315674,60.64918174743652,60.95906753540039,61.45534896850586,61.978979237874356,62.688769658406585,61.801577695210774,61.838250923156735,61.96538689931234,62.105625851949064,62.34200661977132,19298880.0,19856080.0,20736800.0,21464240.0,20780000.0,20949840.0,22651160.0,22834840.0,23419120.0,22609400.0,20210200.0,20207640.0,19795500.0,19414740.0,18686240.0,17175960.0,16882000.0,16550546.666666664,16209413.333333336,15634360.0,12448000.0,12277913.333333336,12053326.666666664,11851866.666666664,11503166.666666664,1
2020-03-30,58.43238611889107,61.12119635019138,57.70601402120195,60.57456970214844,16373600,55.44366989135742,52.662523651123045,56.93051872253418,60.04878069559732,61.800255584716794,16581680.0,19022960.0,19499080.0,17766053.333333332,12744053.333333336,57.11260223388672,56.9033088684082,51.77438354492188,50.85348510742188,44.729793548583984,52.274714660644534,50.295040893554685,49.11314697265625,49.13136672973633,49.88137741088868,51.56336135864258,51.30753059387207,50.760658264160156,51.523718643188474,52.73516120910646,57.205555725097646,57.4617561340332,57.766463470458994,58.47806282043457,59.24623908996582,60.30373344421387,60.64918174743652,60.95906753540039,61.45534896850586,61.978979237874356,61.76484095255534,61.801577695210774,61.838250923156735,61.96538689931234,62.105625851949064,18039280.0,19298880.0,19856080.0,20736800.0,21464240.0,19409640.0,20949840.0,22651160.0,22834840.0,23419120.0,19645680.0,20210200.0,20207640.0,19795500.0,19414740.0,17465426.666666668,17175960.0,16882000.0,16550546.666666664,16209413.333333336,12602573.333333336,12448000.0,12277913.333333336,12053326.666666664,11851866.666666664,1
2020-03-31,59.614283400171935,61.039942397216514,58.88791128147048,59.24740219116211,18899200,57.12245330810547,53.126910018920896,56.628520011901855,59.7208480834961,61.80661061604818,16781360.0,18759080.0,19662240.0,18069706.666666668,12940753.333333336,60.57456970214844,57.11260223388672,56.9033088684082,51.77438354492188,50.85348510742188,55.44366989135742,52.274714660644534,50.295040893554685,49.11314697265625,49.13136672973633,52.662523651123045,51.56336135864258,51.30753059387207,50.760658264160156,51.523718643188474,56.93051872253418,57.205555725097646,57.4617561340332,57.766463470458994,58.47806282043457,60.04878069559732,60.30373344421387,60.64918174743652,60.95906753540039,61.45534896850586,61.800255584716794,61.76484095255534,61.801577695210774,61.838250923156735,61.96538689931234,16581680.0,18039280.0,19298880.0,19856080.0,20736800.0,19022960.0,19409640.0,20949840.0,22651160.0,22834840.0,19499080.0,19645680.0,20210200.0,20207640.0,19795500.0,17766053.333333332,17465426.666666668,17175960.0,16882000.0,16550546.666666664,12744053.333333336,12602573.333333336,12448000.0,12277913.333333336,12053326.666666664,1
2020-04-01,56.86883823250842,57.12245285086996,52.45642779294371,53.734352111816406,13691200,57.514447021484365,53.31379699707031,55.84071292877197,59.2693229675293,61.716182390848786,15960720.0,17908400.0,19611140.0,17821586.666666668,13076960.0,59.24740219116211,60.57456970214844,57.11260223388672,56.9033088684082,51.77438354492188,57.12245330810547,55.44366989135742,52.274714660644534,50.295040893554685,49.11314697265625,53.126910018920896,52.662523651123045,51.56336135864258,51.30753059387207,50.760658264160156,56.628520011901855,56.93051872253418,57.205555725097646,57.4617561340332,57.766463470458994,59.7208480834961,60.04878069559732,60.30373344421387,60.64918174743652,60.95906753540039,61.80661061604818,61.800255584716794,61.76484095255534,61.801577695210774,61.838250923156735,16781360.0,16581680.0,18039280.0,19298880.0,19856080.0,18759080.0,19022960.0,19409640.0,20949840.0,22651160.0,19662240.0,19499080.0,19645680.0,20210200.0,20207640.0,18069706.666666668,17766053.333333332,17465426.666666668,17175960.0,16882000.0,12940753.333333336,12744053.333333336,12602573.333333336,12448000.0,12277913.333333336,1
2020-04-02,52.939039486000155,56.51919427065486,52.72728317777045,55.75835037231445,9234400,57.28545532226561,53.79024810791016,55.22871284484863,58.86599540710449,61.660344823201505,14876560.0,17087720.0,19452260.0,17771680.0,13119980.0,53.734352111816406,59.24740219116211,60.57456970214844,57.11260223388672,56.9033088684082,57.514447021484365,57.12245330810547,55.44366989135742,52.274714660644534,50.295040893554685,53.31379699707031,53.126910018920896,52.662523651123045,51.56336135864258,51.30753059387207,55.84071292877197,56.628520011901855,56.93051872253418,57.205555725097646,57.4617561340332,59.2693229675293,59.7208480834961,60.04878069559732,60.30373344421387,60.64918174743652,61.716182390848786,61.80661061604818,61.800255584716794,61.76484095255534,61.801577695210774,15960720.0,16781360.0,16581680.0,18039280.0,19298880.0,17908400.0,18759080.0,19022960.0,19409640.0,20949840.0,19611140.0,19662240.0,19499080.0,19645680.0,20210200.0,17821586.666666668,18069706.666666668,17766053.333333332,17465426.666666668,17175960.0,13076960.0,12940753.333333336,12744053.333333336,12602573.333333336,12448000.0,1
2020-04-03,55.14524080010163,56.28035236522694,53.56445326751054,54.57398986816406,8755600,56.777732849121094,54.52622375488282,54.61092643737793,58.41861686706543,61.585217030843104,13390800.0,15715040.0,19162220.0,17695840.0,13166973.333333336,55.75835037231445,53.734352111816406,59.24740219116211,60.57456970214844,57.11260223388672,57.28545532226561,57.514447021484365,57.12245330810547,55.44366989135742,52.274714660644534,53.79024810791016,53.31379699707031,53.126910018920896,52.662523651123045,51.56336135864258,55.22871284484863,55.84071292877197,56.628520011901855,56.93051872253418,57.205555725097646,58.86599540710449,59.2693229675293,59.7208480834961,60.04878069559732,60.30373344421387,61.660344823201505,61.716182390848786,61.80661061604818,61.800255584716794,61.76484095255534,14876560.0,15960720.0,16781360.0,16581680.0,18039280.0,17087720.0,17908400.0,18759080.0,19022960.0,19409640.0,19452260.0,19611140.0,19662240.0,19499080.0,19645680.0,17771680.0,17821586.666666668,18069706.666666668,17766053.333333332,17465426.666666668,13119980.0,13076960.0,12940753.333333336,12744053.333333336,12602573.333333336,1
2020-04-06,56.826977851728465,58.365903376688145,56.14492876420886,57.74294662475586,13267600,56.21140823364258,55.8275390625,54.28135013580322,58.10667241414389,61.55518925984701,12769600.0,14675640.0,19047380.0,17835040.0,13272133.333333336,54.57398986816406,55.75835037231445,53.734352111816406,59.24740219116211,60.57456970214844,56.777732849121094,57.28545532226561,57.514447021484365,57.12245330810547,55.44366989135742,54.52622375488282,53.79024810791016,53.31379699707031,53.126910018920896,52.662523651123045,54.61092643737793,55.22871284484863,55.84071292877197,56.628520011901855,56.93051872253418,58.41861686706543,58.86599540710449,59.2693229675293,59.7208480834961,60.04878069559732,61.585217030843104,61.660344823201505,61.716182390848786,61.80661061604818,61.800255584716794,13390800.0,14876560.0,15960720.0,16781360.0,16581680.0,15715040.0,17087720.0,17908400.0,18759080.0,19022960.0,19162220.0,19452260.0,19611140.0,19662240.0,19499080.0,17695840.0,17771680.0,17821586.666666668,18069706.666666668,17766053.333333332,13166973.333333336,13119980.0,13076960.0,12940753.333333336,12744053.333333336,1
2020-04-07,59.180923594416285,59.338509423488176,56.17940254269679,56.260658264160156,10507200,55.61405944824219,56.368256378173825,53.94598751068115,57.774794006347655,61.498578707377106,11091200.0,13936280.0,18385560.0,17842426.666666668,13361826.666666664,57.74294662475586,54.57398986816406,55.75835037231445,53.734352111816406,59.24740219116211,56.21140823364258,56.777732849121094,57.28545532226561,57.514447021484365,57.12245330810547,55.8275390625,54.52622375488282,53.79024810791016,53.31379699707031,53.126910018920896,54.28135013580322,54.61092643737793,55.22871284484863,55.84071292877197,56.628520011901855,58.10667241414389,58.41861686706543,58.86599540710449,59.2693229675293,59.7208480834961,61.55518925984701,61.585217030843104,61.660344823201505,61.716182390848786,61.80661061604818,12769600.0,13390800.0,14876560.0,15960720.0,16781360.0,14675640.0,15715040.0,17087720.0,17908400.0,18759080.0,19047380.0,19162220.0,19452260.0,19611140.0,19662240.0,17835040.0,17695840.0,17771680.0,17821586.666666668,18069706.666666668,13272133.333333336,13166973.333333336,13119980.0,13076960.0,12940753.333333336,1
2020-04-08,56.541357376828095,58.15661304230986,55.164939501517,57.49425888061523,18290800,56.36604080200196,56.940243911743174,53.85045108795166,57.49105695088704,61.45089321136474,12011120.0,13985920.0,18318540.0,18133733.33333333,13568680.0,56.260658264160156,57.74294662475586,54.57398986816406,55.75835037231445,53.734352111816406,55.61405944824219,56.21140823364258,56.777732849121094,57.28545532226561,57.514447021484365,56.368256378173825,55.8275390625,54.52622375488282,53.79024810791016,53.31379699707031,53.94598751068115,54.28135013580322,54.61092643737793,55.22871284484863,55.84071292877197,57.774794006347655,58.10667241414389,58.41861686706543,58.86599540710449,59.2693229675293,61.498578707377106,61.55518925984701,61.585217030843104,61.660344823201505,61.716182390848786,11091200.0,12769600.0,13390800.0,14876560.0,15960720.0,13936280.0,14675640.0,15715040.0,17087720.0,17908400.0,18385560.0,19047380.0,19162220.0,19452260.0,19611140.0,17842426.666666668,17835040.0,17695840.0,17771680.0,17821586.666666668,13361826.666666664,13272133.333333336,13166973.333333336,13119980.0,13076960.0,1
2020-04-09,58.07043123530635,61.7712390886504,57.95716841909314,60.39482498168945,19587600,57.29333572387695,57.28939552307129,54.29846305847168,57.4043025970459,61.446120707194005,14081760.0,14479160.0,17714500.0,18299853.33333333,13757593.333333336,57.49425888061523,56.260658264160156,57.74294662475586,54.57398986816406,55.75835037231445,56.36604080200196,55.61405944824219,56.21140823364258,56.777732849121094,57.28545532226561,56.940243911743174,56.368256378173825,55.8275390625,54.52622375488282,53.79024810791016,53.85045108795166,53.94598751068115,54.28135013580322,54.61092643737793,55.22871284484863,57.49105695088704,57.774794006347655,58.10667241414389,58.41861686706543,58.86599540710449,61.45089321136474,61.498578707377106,61.55518925984701,61.585217030843104,61.660344823201505,12011120.0,11091200.0,12769600.0,13390800.0,14876560.0,13985920.0,13936280.0,14675640.0,15715040.0,17087720.0,18318540.0,18385560.0,19047380.0,19162220.0,19452260.0,18133733.33333333,17842426.666666668,17835040.0,17695840.0,17771680.0,13568680.0,13361826.666666664,13272133.333333336,13166973.333333336,13119980.0,1
2020-04-13,59.72508324403061,60.047641431794396,57.71093932741641,58.161537170410156,10757200,58.01084518432617,57.39428901672363,54.47882518768311,57.268466822306316,61.38840910593669,14482080.0,13936440.0,16673040.0,17742600.0,13830260.0,60.39482498168945,57.49425888061523,56.260658264160156,57.74294662475586,54.57398986816406,57.29333572387695,56.36604080200196,55.61405944824219,56.21140823364258,56.777732849121094,57.28939552307129,56.940243911743174,56.368256378173825,55.8275390625,54.52622375488282,54.29846305847168,53.85045108795166,53.94598751068115,54.28135013580322,54.61092643737793,57.4043025970459,57.49105695088704,57.774794006347655,58.10667241414389,58.41861686706543,61.446120707194005,61.45089321136474,61.498578707377106,61.55518925984701,61.585217030843104,14081760.0,12011120.0,11091200.0,12769600.0,13390800.0,14479160.0,13985920.0,13936280.0,14675640.0,15715040.0,17714500.0,18318540.0,18385560.0,19047380.0,19162220.0,18299853.33333333,18133733.33333333,17842426.666666668,17835040.0,17695840.0,13757593.333333336,13568680.0,13361826.666666664,13272133.333333336,13166973.333333336,1
2020-04-14,59.55026266277417,60.320953998471616,58.69338623906021,59.6807632446289,11673200,58.39840850830078,57.30490837097168,54.98371601104736,57.05531527201335,61.35320103963216,14163200.0,13466400.0,16244680.0,17488186.666666668,13892906.666666664,58.161537170410156,60.39482498168945,57.49425888061523,56.260658264160156,57.74294662475586,58.01084518432617,57.29333572387695,56.36604080200196,55.61405944824219,56.21140823364258,57.39428901672363,57.28939552307129,56.940243911743174,56.368256378173825,55.8275390625,54.47882518768311,54.29846305847168,53.85045108795166,53.94598751068115,54.28135013580322,57.268466822306316,57.4043025970459,57.49105695088704,57.774794006347655,58.10667241414389,61.38840910593669,61.446120707194005,61.45089321136474,61.498578707377106,61.55518925984701,14482080.0,14081760.0,12011120.0,11091200.0,12769600.0,13936440.0,14479160.0,13985920.0,13936280.0,14675640.0,16673040.0,17714500.0,18318540.0,18385560.0,19047380.0,17742600.0,18299853.33333333,18133733.33333333,17842426.666666668,17835040.0,13830260.0,13757593.333333336,13568680.0,13361826.666666664,13272133.333333336,1
2020-04-15,59.104590000257254,59.436999429843524,57.99410264945899,58.41022872924805,9990800,58.82832260131836,57.22119102478028,55.174050521850596,56.82607701619466,61.29220434824626,14059920.0,12575560.0,15667320.0,17300013.333333332,13903520.0,59.6807632446289,58.161537170410156,60.39482498168945,57.49425888061523,56.260658264160156,58.39840850830078,58.01084518432617,57.29333572387695,56.36604080200196,55.61405944824219,57.30490837097168,57.39428901672363,57.28939552307129,56.940243911743174,56.368256378173825,54.98371601104736,54.47882518768311,54.29846305847168,53.85045108795166,53.94598751068115,57.05531527201335,57.268466822306316,57.4043025970459,57.49105695088704,57.774794006347655,61.35320103963216,61.38840910593669,61.446120707194005,61.45089321136474,61.498578707377106,14163200.0,14482080.0,14081760.0,12011120.0,11091200.0,13466400.0,13936440.0,14479160.0,13985920.0,13936280.0,16244680.0,16673040.0,17714500.0,18318540.0,18385560.0,17488186.666666668,17742600.0,18299853.33333333,18133733.33333333,17842426.666666668,13892906.666666664,13830260.0,13757593.333333336,13568680.0,13361826.666666664,0
2020-04-16,59.08981336172191,59.28925750462079,58.03103187031926,58.4742431640625,10331200,59.02431945800781,57.69518013000489,55.5044885635376,56.45886866251627,61.21802660624186,12468000.0,12239560.0,15073980.0,17153946.666666668,13884266.666666664,58.41022872924805,59.6807632446289,58.161537170410156,60.39482498168945,57.49425888061523,58.82832260131836,58.39840850830078,58.01084518432617,57.29333572387695,56.36604080200196,57.22119102478028,57.30490837097168,57.39428901672363,57.28939552307129,56.940243911743174,55.174050521850596,54.98371601104736,54.47882518768311,54.29846305847168,53.85045108795166,56.82607701619466,57.05531527201335,57.268466822306316,57.4043025970459,57.49105695088704,61.29220434824626,61.35320103963216,61.38840910593669,61.446120707194005,61.45089321136474,14059920.0,14163200.0,14482080.0,14081760.0,12011120.0,12575560.0,13466400.0,13936440.0,14479160.0,13985920.0,15667320.0,16244680.0,16673040.0,17714500.0,18318540.0,17300013.333333332,17488186.666666668,17742600.0,18299853.33333333,18133733.33333333,13903520.0,13892906.666666664,13830260.0,13757593.333333336,13568680.0,0
2020-04-17,59.71276838724061,60.85034463472001,58.79187780254564,60.63612365722656,10952800,59.072579193115224,58.18295745849609,55.98660278320313,56.213461049397786,61.16759198506673,10741040.0,12411400.0,14749560.0,17105306.666666668,13949053.333333336,58.4742431640625,58.41022872924805,59.6807632446289,58.161537170410156,60.39482498168945,59.02431945800781,58.82832260131836,58.39840850830078,58.01084518432617,57.29333572387695,57.69518013000489,57.22119102478028,57.30490837097168,57.39428901672363,57.28939552307129,55.5044885635376,55.174050521850596,54.98371601104736,54.47882518768311,54.29846305847168,56.45886866251627,56.82607701619466,57.05531527201335,57.268466822306316,57.4043025970459,61.21802660624186,61.29220434824626,61.35320103963216,61.38840910593669,61.446120707194005,12468000.0,14059920.0,14163200.0,14482080.0,14081760.0,12239560.0,12575560.0,13466400.0,13936440.0,14479160.0,15073980.0,15667320.0,16244680.0,16673040.0,17714500.0,17153946.666666668,17300013.333333332,17488186.666666668,17742600.0,18299853.33333333,13884266.666666664,13903520.0,13892906.666666664,13830260.0,13757593.333333336,0
2020-04-20,60.43668341051876,60.89220687589195,58.38314205959233,58.50625610351562,8714400,59.14152297973633,58.57618408203125,56.55120391845704,55.9326789855957,61.080924669901535,10332480.0,12407280.0,14061160.0,16910573.333333332,13924086.666666664,60.63612365722656,58.4742431640625,58.41022872924805,59.6807632446289,58.161537170410156,59.072579193115224,59.02431945800781,58.82832260131836,58.39840850830078,58.01084518432617,58.18295745849609,57.69518013000489,57.22119102478028,57.30490837097168,57.39428901672363,55.98660278320313,55.5044885635376,55.174050521850596,54.98371601104736,54.47882518768311,56.213461049397786,56.45886866251627,56.82607701619466,57.05531527201335,57.268466822306316,61.16759198506673,61.21802660624186,61.29220434824626,61.35320103963216,61.38840910593669,10741040.0,12468000.0,14059920.0,14163200.0,14482080.0,12411400.0,12239560.0,12575560.0,13466400.0,13936440.0,14749560.0,15073980.0,15667320.0,16244680.0,16673040.0,17105306.666666668,17153946.666666668,17300013.333333332,17488186.666666668,17742600.0,13949053.333333336,13884266.666666664,13903520.0,13892906.666666664,13830260.0,0
2020-04-21,57.88084054780289,58.64414539398766,56.893463474558715,57.967018127441406,10622000,58.79877395629883,58.598591232299796,57.2130651473999,55.72043050130208,60.97040983835856,10122240.0,12142720.0,13409180.0,16745826.666666664,13929280.0,58.50625610351562,60.63612365722656,58.4742431640625,58.41022872924805,59.6807632446289,59.14152297973633,59.072579193115224,59.02431945800781,58.82832260131836,58.39840850830078,58.57618408203125,58.18295745849609,57.69518013000489,57.22119102478028,57.30490837097168,56.55120391845704,55.98660278320313,55.5044885635376,55.174050521850596,54.98371601104736,55.9326789855957,56.213461049397786,56.45886866251627,56.82607701619466,57.05531527201335,61.080924669901535,61.16759198506673,61.21802660624186,61.29220434824626,61.35320103963216,10332480.0,10741040.0,12468000.0,14059920.0,14163200.0,12407280.0,12411400.0,12239560.0,12575560.0,13466400.0,14061160.0,14749560.0,15073980.0,15667320.0,16244680.0,16910573.333333332,17105306.666666668,17153946.666666668,17300013.333333332,17488186.666666668,13924086.666666664,13949053.333333336,13884266.666666664,13903520.0,13892906.666666664,1
2020-04-22,58.58504630787285,61.23692382840846,58.58504630787285,60.86019515991211,11759600,59.28876724243164,59.058544921875,57.713400650024404,55.650173314412434,60.89578552246094,10476000.0,12267960.0,13102120.0,16346360.0,13980626.666666664,57.967018127441406,58.50625610351562,60.63612365722656,58.4742431640625,58.41022872924805,58.79877395629883,59.14152297973633,59.072579193115224,59.02431945800781,58.82832260131836,58.598591232299796,58.57618408203125,58.18295745849609,57.69518013000489,57.22119102478028,57.2130651473999,56.55120391845704,55.98660278320313,55.5044885635376,55.174050521850596,55.72043050130208,55.9326789855957,56.213461049397786,56.45886866251627,56.82607701619466,60.97040983835856,61.080924669901535,61.16759198506673,61.21802660624186,61.29220434824626,10122240.0,10332480.0,10741040.0,12468000.0,14059920.0,12142720.0,12407280.0,12411400.0,12239560.0,12575560.0,13409180.0,14061160.0,14749560.0,15073980.0,15667320.0,16745826.666666664,16910573.333333332,17105306.666666668,17153946.666666668,17300013.333333332,13929280.0,13924086.666666664,13949053.333333336,13884266.666666664,13903520.0,1
2020-04-23,60.66813610211419,61.00300643910902,59.12674968350955,59.37543869018555,9360400,59.46900634765625,59.24666290283203,58.0934534072876,55.64918835957846,60.80021203358968,10281840.0,11374920.0,12680420.0,16004000.0,13998920.0,60.86019515991211,57.967018127441406,58.50625610351562,60.63612365722656,58.4742431640625,59.28876724243164,58.79877395629883,59.14152297973633,59.072579193115224,59.02431945800781,59.058544921875,58.598591232299796,58.57618408203125,58.18295745849609,57.69518013000489,57.713400650024404,57.2130651473999,56.55120391845704,55.98660278320313,55.5044885635376,55.650173314412434,55.72043050130208,55.9326789855957,56.213461049397786,56.45886866251627,60.89578552246094,60.97040983835856,61.080924669901535,61.16759198506673,61.21802660624186,10476000.0,10122240.0,10332480.0,10741040.0,12468000.0,12267960.0,12142720.0,12407280.0,12411400.0,12239560.0,13102120.0,13409180.0,14061160.0,14749560.0,15073980.0,16346360.0,16745826.666666664,16910573.333333332,17105306.666666668,17153946.666666668,13980626.666666664,13929280.0,13924086.666666664,13949053.333333336,13884266.666666664,1
2020-04-24,59.52071291212857,59.574883390468976,58.097514905859,59.02087020874024,8029200,59.14595565795897,59.10926742553711,58.1993314743042,55.90206451416016,60.698933156331385,9697120.0,10219080.0,12349120.0,15216026.666666664,14032600.0,59.37543869018555,60.86019515991211,57.967018127441406,58.50625610351562,60.63612365722656,59.46900634765625,59.28876724243164,58.79877395629883,59.14152297973633,59.072579193115224,59.24666290283203,59.058544921875,58.598591232299796,58.57618408203125,58.18295745849609,58.0934534072876,57.713400650024404,57.2130651473999,56.55120391845704,55.98660278320313,55.64918835957846,55.650173314412434,55.72043050130208,55.9326789855957,56.213461049397786,60.80021203358968,60.89578552246094,60.97040983835856,61.080924669901535,61.16759198506673,10281840.0,10476000.0,10122240.0,10332480.0,10741040.0,11374920.0,12267960.0,12142720.0,12407280.0,12411400.0,12680420.0,13102120.0,13409180.0,14061160.0,14749560.0,16004000.0,16346360.0,16745826.666666664,16910573.333333332,17105306.666666668,13998920.0,13980626.666666664,13929280.0,13924086.666666664,13949053.333333336,1
2020-04-27,59.614285616947186,60.6509075741445,59.446848554739645,59.98116683959961,8457600,59.44093780517578,59.291230392456065,58.34275970458985,56.08296025594076,60.596635246276854,9645760.0,9989120.0,11962780.0,14445066.666666664,14068080.0,59.02087020874024,59.37543869018555,60.86019515991211,57.967018127441406,58.50625610351562,59.14595565795897,59.46900634765625,59.28876724243164,58.79877395629883,59.14152297973633,59.10926742553711,59.24666290283203,59.058544921875,58.598591232299796,58.57618408203125,58.1993314743042,58.0934534072876,57.713400650024404,57.2130651473999,56.55120391845704,55.90206451416016,55.64918835957846,55.650173314412434,55.72043050130208,55.9326789855957,60.698933156331385,60.80021203358968,60.89578552246094,60.97040983835856,61.080924669901535,9697120.0,10281840.0,10476000.0,10122240.0,10332480.0,10219080.0,11374920.0,12267960.0,12142720.0,12407280.0,12349120.0,12680420.0,13102120.0,13409180.0,14061160.0,15216026.666666664,16004000.0,16346360.0,16745826.666666664,16910573.333333332,14032600.0,13998920.0,13980626.666666664,13929280.0,13924086.666666664,0
2020-04-28,60.63612774743118,60.79371357385303,58.626909399838155,58.92238235473633,8464800,59.632010650634776,59.2153923034668,58.26015033721924,56.39427477518718,60.48375358581543,9214320.0,9668280.0,11567340.0,14052546.666666664,14083546.666666664,59.98116683959961,59.02087020874024,59.37543869018555,60.86019515991211,57.967018127441406,59.44093780517578,59.14595565795897,59.46900634765625,59.28876724243164,58.79877395629883,59.291230392456065,59.10926742553711,59.24666290283203,59.058544921875,58.598591232299796,58.34275970458985,58.1993314743042,58.0934534072876,57.713400650024404,57.2130651473999,56.08296025594076,55.90206451416016,55.64918835957846,55.650173314412434,55.72043050130208,60.596635246276854,60.698933156331385,60.80021203358968,60.89578552246094,60.97040983835856,9645760.0,9697120.0,10281840.0,10476000.0,10122240.0,9989120.0,10219080.0,11374920.0,12267960.0,12142720.0,11962780.0,12349120.0,12680420.0,13102120.0,13409180.0,14445066.666666664,15216026.666666664,16004000.0,16346360.0,16745826.666666664,14068080.0,14032600.0,13998920.0,13980626.666666664,13929280.0,0
2020-04-29,59.58473562215726,59.67091319759353,57.44254827764669,57.89561080932617,9901600,59.039093780517575,59.16393051147461,58.19256076812744,56.50401051839194,60.35943380991618,8842720.0,9659360.0,11117460.0,13664666.666666664,14064553.333333336,58.92238235473633,59.98116683959961,59.02087020874024,59.37543869018555,60.86019515991211,59.632010650634776,59.44093780517578,59.14595565795897,59.46900634765625,59.28876724243164,59.2153923034668,59.291230392456065,59.10926742553711,59.24666290283203,59.058544921875,58.26015033721924,58.34275970458985,58.1993314743042,58.0934534072876,57.713400650024404,56.39427477518718,56.08296025594076,55.90206451416016,55.64918835957846,55.650173314412434,60.48375358581543,60.596635246276854,60.698933156331385,60.80021203358968,60.89578552246094,9214320.0,9645760.0,9697120.0,10281840.0,10476000.0,9668280.0,9989120.0,10219080.0,11374920.0,12267960.0,11567340.0,11962780.0,12349120.0,12680420.0,13102120.0,14052546.666666664,14445066.666666664,15216026.666666664,16004000.0,16346360.0,14083546.666666664,14068080.0,14032600.0,13998920.0,13980626.666666664,0
2020-04-30,57.582899946148565,57.592747416378145,56.36160699484683,56.90823364257813,17934800,58.54565277099609,59.00732955932617,58.351254844665526,56.67210222880046,60.22792491912842,10557600.0,10419720.0,11329640.0,13522560.0,14188753.333333336,57.89561080932617,58.92238235473633,59.98116683959961,59.02087020874024,59.37543869018555,59.039093780517575,59.632010650634776,59.44093780517578,59.14595565795897,59.46900634765625,59.16393051147461,59.2153923034668,59.291230392456065,59.10926742553711,59.24666290283203,58.19256076812744,58.26015033721924,58.34275970458985,58.1993314743042,58.0934534072876,56.50401051839194,56.39427477518718,56.08296025594076,55.90206451416016,55.64918835957846,60.35943380991618,60.48375358581543,60.596635246276854,60.698933156331385,60.80021203358968,8842720.0,9214320.0,9645760.0,9697120.0,10281840.0,9659360.0,9668280.0,9989120.0,10219080.0,11374920.0,11117460.0,11567340.0,11962780.0,12349120.0,12680420.0,13664666.666666664,14052546.666666664,14445066.666666664,15216026.666666664,16004000.0,14064553.333333336,14083546.666666664,14068080.0,14032600.0,13998920.0,0
2020-05-01,56.61029842272718,56.637383661644535,55.40131765572584,55.90608596801758,9168000,57.92269592285156,58.53432579040528,58.358641624450684,56.83584378560385,60.070854695638026,10785360.0,10241240.0,11326320.0,13246786.666666664,14197106.666666664,56.90823364257813,57.89561080932617,58.92238235473633,59.98116683959961,59.02087020874024,58.54565277099609,59.039093780517575,59.632010650634776,59.44093780517578,59.14595565795897,59.00732955932617,59.16393051147461,59.2153923034668,59.291230392456065,59.10926742553711,58.351254844665526,58.19256076812744,58.26015033721924,58.34275970458985,58.1993314743042,56.67210222880046,56.50401051839194,56.39427477518718,56.08296025594076,55.90206451416016,60.22792491912842,60.35943380991618,60.48375358581543,60.596635246276854,60.698933156331385,10557600.0,8842720.0,9214320.0,9645760.0,9697120.0,10419720.0,9659360.0,9668280.0,9989120.0,10219080.0,11329640.0,11117460.0,11567340.0,11962780.0,12349120.0,13522560.0,13664666.666666664,14052546.666666664,14445066.666666664,15216026.666666664,14188753.333333336,14064553.333333336,14083546.666666664,14068080.0,14032600.0,0
2020-05-04,55.893777217166615,56.92054791606979,55.38654794576597,56.65462112426758,9077200,57.25738677978516,58.34916229248047,58.46267318725586,57.150523376464854,59.919646517435716,10909280.0,10277520.0,11342400.0,12799946.666666664,14217153.333333336,55.90608596801758,56.90823364257813,57.89561080932617,58.92238235473633,59.98116683959961,57.92269592285156,58.54565277099609,59.039093780517575,59.632010650634776,59.44093780517578,58.53432579040528,59.00732955932617,59.16393051147461,59.2153923034668,59.291230392456065,58.358641624450684,58.351254844665526,58.19256076812744,58.26015033721924,58.34275970458985,56.83584378560385,56.67210222880046,56.50401051839194,56.39427477518718,56.08296025594076,60.070854695638026,60.22792491912842,60.35943380991618,60.48375358581543,60.596635246276854,10785360.0,10557600.0,8842720.0,9214320.0,9645760.0,10241240.0,10419720.0,9659360.0,9668280.0,9989120.0,11326320.0,11329640.0,11117460.0,11567340.0,11962780.0,13246786.666666664,13522560.0,13664666.666666664,14052546.666666664,14445066.666666664,14197106.666666664,14188753.333333336,14064553.333333336,14083546.666666664,14068080.0,0
2020-05-05,56.9673276261717,57.75279578716956,56.48225801747663,56.657081604003906,8042000,56.80432662963867,58.21816864013672,58.40837993621826,57.54809964497885,59.7635394414266,10824720.0,10019520.0,11081120.0,12279293.333333336,14244353.333333336,56.65462112426758,55.90608596801758,56.90823364257813,57.89561080932617,58.92238235473633,57.25738677978516,57.92269592285156,58.54565277099609,59.039093780517575,59.632010650634776,58.34916229248047,58.53432579040528,59.00732955932617,59.16393051147461,59.2153923034668,58.46267318725586,58.358641624450684,58.351254844665526,58.19256076812744,58.26015033721924,57.150523376464854,56.83584378560385,56.67210222880046,56.50401051839194,56.39427477518718,59.919646517435716,60.070854695638026,60.22792491912842,60.35943380991618,60.48375358581543,10909280.0,10785360.0,10557600.0,8842720.0,9214320.0,10277520.0,10241240.0,10419720.0,9659360.0,9668280.0,11342400.0,11326320.0,11329640.0,11117460.0,11567340.0,12799946.666666664,13246786.666666664,13522560.0,13664666.666666664,14052546.666666664,14217153.333333336,14197106.666666664,14188753.333333336,14064553.333333336,14083546.666666664,0
2020-05-06,56.85898832921146,56.918084421550645,54.815294494141156,54.82514572143555,7377600,56.190233612060545,57.614663696289064,58.336604309082034,57.68048833211264,59.567918650309245,10319920.0,9581320.0,10924640.0,11928520.0,14239533.333333336,56.657081604003906,56.65462112426758,55.90608596801758,56.90823364257813,57.89561080932617,56.80432662963867,57.25738677978516,57.92269592285156,58.54565277099609,59.039093780517575,58.21816864013672,58.34916229248047,58.53432579040528,59.00732955932617,59.16393051147461,58.40837993621826,58.46267318725586,58.358641624450684,58.351254844665526,58.19256076812744,57.54809964497885,57.150523376464854,56.83584378560385,56.67210222880046,56.50401051839194,59.7635394414266,59.919646517435716,60.070854695638026,60.22792491912842,60.35943380991618,10824720.0,10909280.0,10785360.0,10557600.0,8842720.0,10019520.0,10277520.0,10241240.0,10419720.0,9659360.0,11081120.0,11342400.0,11326320.0,11329640.0,11117460.0,12279293.333333336,12799946.666666664,13246786.666666664,13522560.0,13664666.666666664,14244353.333333336,14217153.333333336,14197106.666666664,14188753.333333336,14064553.333333336,0
2020-05-07,55.45056562440714,56.28527870686604,54.85469409200704,55.27328109741211,8692000,55.863243103027344,57.20444793701172,58.22555541992188,57.797118250528975,59.37809289296468,8471360.0,9514480.0,10444700.0,11625106.666666664,14253553.333333336,54.82514572143555,56.657081604003906,56.65462112426758,55.90608596801758,56.90823364257813,56.190233612060545,56.80432662963867,57.25738677978516,57.92269592285156,58.54565277099609,57.614663696289064,58.21816864013672,58.34916229248047,58.53432579040528,59.00732955932617,58.336604309082034,58.40837993621826,58.46267318725586,58.358641624450684,58.351254844665526,57.68048833211264,57.54809964497885,57.150523376464854,56.83584378560385,56.67210222880046,59.567918650309245,59.7635394414266,59.919646517435716,60.070854695638026,60.22792491912842,10319920.0,10824720.0,10909280.0,10785360.0,10557600.0,9581320.0,10019520.0,10277520.0,10241240.0,10419720.0,10924640.0,11081120.0,11342400.0,11326320.0,11329640.0,11928520.0,12279293.333333336,12799946.666666664,13246786.666666664,13522560.0,14239533.333333336,14244353.333333336,14217153.333333336,14197106.666666664,14188753.333333336,0
2020-05-08,55.989802389602325,56.787582713233135,55.58352756460484,56.56597518920898,11308800,55.995220947265615,56.95895843505859,58.03411293029785,57.785873794555656,59.21752777099609,8899520.0,9842440.0,10030760.0,11513560.0,14344760.0,55.27328109741211,54.82514572143555,56.657081604003906,56.65462112426758,55.90608596801758,55.863243103027344,56.190233612060545,56.80432662963867,57.25738677978516,57.92269592285156,57.20444793701172,57.614663696289064,58.21816864013672,58.34916229248047,58.53432579040528,58.22555541992188,58.336604309082034,58.40837993621826,58.46267318725586,58.358641624450684,57.797118250528975,57.68048833211264,57.54809964497885,57.150523376464854,56.83584378560385,59.37809289296468,59.567918650309245,59.7635394414266,59.919646517435716,60.070854695638026,8471360.0,10319920.0,10824720.0,10909280.0,10785360.0,9514480.0,9581320.0,10019520.0,10277520.0,10241240.0,10444700.0,10924640.0,11081120.0,11342400.0,11326320.0,11625106.666666664,11928520.0,12279293.333333336,12799946.666666664,13246786.666666664,14253553.333333336,14239533.333333336,14244353.333333336,14217153.333333336,14197106.666666664,0
2020-05-11,55.84206921456277,56.20895043658553,55.182179709179344,55.98734664916992,7854400,55.861766052246104,56.55957641601562,57.92540340423584,57.748365275065105,59.026049359639494,8654960.0,9782120.0,9885620.0,11235893.333333334,14350660.0,56.56597518920898,55.27328109741211,54.82514572143555,56.657081604003906,56.65462112426758,55.995220947265615,55.863243103027344,56.190233612060545,56.80432662963867,57.25738677978516,56.95895843505859,57.20444793701172,57.614663696289064,58.21816864013672,58.34916229248047,58.03411293029785,58.22555541992188,58.336604309082034,58.40837993621826,58.46267318725586,57.785873794555656,57.797118250528975,57.68048833211264,57.54809964497885,57.150523376464854,59.21752777099609,59.37809289296468,59.567918650309245,59.7635394414266,59.919646517435716,8899520.0,8471360.0,10319920.0,10824720.0,10909280.0,9842440.0,9514480.0,9581320.0,10019520.0,10277520.0,10030760.0,10444700.0,10924640.0,11081120.0,11342400.0,11513560.0,11625106.666666664,11928520.0,12279293.333333336,12799946.666666664,14344760.0,14253553.333333336,14239533.333333336,14244353.333333336,14217153.333333336,0
2020-05-12,56.18924722114011,56.49210670816857,55.46780074867175,56.122764587402344,9565200,55.75490264892578,56.27961463928223,57.74750347137452,57.59997177124024,58.82437623341878,8959600.0,9892160.0,9780220.0,11008946.666666666,14387500.0,55.98734664916992,56.56597518920898,55.27328109741211,54.82514572143555,56.657081604003906,55.861766052246104,55.995220947265615,55.863243103027344,56.190233612060545,56.80432662963867,56.55957641601562,56.95895843505859,57.20444793701172,57.614663696289064,58.21816864013672,57.92540340423584,58.03411293029785,58.22555541992188,58.336604309082034,58.40837993621826,57.748365275065105,57.785873794555656,57.797118250528975,57.68048833211264,57.54809964497885,59.026049359639494,59.21752777099609,59.37809289296468,59.567918650309245,59.7635394414266,8654960.0,8899520.0,8471360.0,10319920.0,10824720.0,9782120.0,9842440.0,9514480.0,9581320.0,10019520.0,9885620.0,10030760.0,10444700.0,10924640.0,11081120.0,11235893.333333334,11513560.0,11625106.666666664,11928520.0,12279293.333333336,14350660.0,14344760.0,14253553.333333336,14239533.333333336,14244353.333333336,0
2020-05-13,55.85437855053426,56.7629607959144,55.64754785843833,56.66200637817383,14076800,56.122274780273436,56.15625419616699,57.6600923538208,57.513791910807285,58.61731999715169,10299440.0,10309680.0,9984520.0,10848200.0,14458953.333333336,56.122764587402344,55.98734664916992,56.56597518920898,55.27328109741211,54.82514572143555,55.75490264892578,55.861766052246104,55.995220947265615,55.863243103027344,56.190233612060545,56.27961463928223,56.55957641601562,56.95895843505859,57.20444793701172,57.614663696289064,57.74750347137452,57.92540340423584,58.03411293029785,58.22555541992188,58.336604309082034,57.59997177124024,57.748365275065105,57.785873794555656,57.797118250528975,57.68048833211264,58.82437623341878,59.026049359639494,59.21752777099609,59.37809289296468,59.567918650309245,8959600.0,8654960.0,8899520.0,8471360.0,10319920.0,9892160.0,9782120.0,9842440.0,9514480.0,9581320.0,9780220.0,9885620.0,10030760.0,10444700.0,10924640.0,11008946.666666666,11235893.333333334,11513560.0,11625106.666666664,11928520.0,14387500.0,14350660.0,14344760.0,14253553.333333336,14239533.333333336,0
2020-05-14,56.08337013838121,57.452397645067755,55.96517795630386,57.18154525756836,11595600,56.503927612304686,56.183585357666026,57.59545745849609,57.62869834899902,58.44901065826416,10880160.0,9675760.0,10047740.0,10778346.666666666,14299966.666666664,56.66200637817383,56.122764587402344,55.98734664916992,56.56597518920898,55.27328109741211,56.122274780273436,55.75490264892578,55.861766052246104,55.995220947265615,55.863243103027344,56.15625419616699,56.27961463928223,56.55957641601562,56.95895843505859,57.20444793701172,57.6600923538208,57.74750347137452,57.92540340423584,58.03411293029785,58.22555541992188,57.513791910807285,57.59997177124024,57.748365275065105,57.785873794555656,57.797118250528975,58.61731999715169,58.82437623341878,59.026049359639494,59.21752777099609,59.37809289296468,10299440.0,8959600.0,8654960.0,8899520.0,8471360.0,10309680.0,9892160.0,9782120.0,9842440.0,9514480.0,9984520.0,9780220.0,9885620.0,10030760.0,10444700.0,10848200.0,11008946.666666666,11235893.333333334,11513560.0,11625106.666666664,14458953.333333336,14387500.0,14350660.0,14344760.0,14253553.333333336,0
2020-05-15,56.63984471423471,56.84914008425063,54.963032097315356,56.10306930541992,20232400,56.41134643554688,56.20328369140625,57.36880474090576,57.640188980102536,58.25309219360353,12664880.0,10782200.0,10511720.0,11144946.666666666,14458313.333333336,57.18154525756836,56.66200637817383,56.122764587402344,55.98734664916992,56.56597518920898,56.503927612304686,56.122274780273436,55.75490264892578,55.861766052246104,55.995220947265615,56.183585357666026,56.15625419616699,56.27961463928223,56.55957641601562,56.95895843505859,57.59545745849609,57.6600923538208,57.74750347137452,57.92540340423584,58.03411293029785,57.62869834899902,57.513791910807285,57.59997177124024,57.748365275065105,57.785873794555656,58.44901065826416,58.61731999715169,58.82437623341878,59.026049359639494,59.21752777099609,10880160.0,10299440.0,8959600.0,8654960.0,8899520.0,9675760.0,10309680.0,9892160.0,9782120.0,9842440.0,10047740.0,9984520.0,9780220.0,9885620.0,10030760.0,10778346.666666666,10848200.0,11008946.666666666,11235893.333333334,11513560.0,14299966.666666664,14458953.333333336,14387500.0,14350660.0,14344760.0,0
2020-05-18,57.60260031582386,58.33143336252704,57.245570334644476,57.974403381347656,9123200,56.80875778198242,56.33526191711426,57.34221210479736,57.75353609720865,58.08607648213705,12918640.0,10786800.0,10532160.0,11157200.0,14426520.0,56.10306930541992,57.18154525756836,56.66200637817383,56.122764587402344,55.98734664916992,56.41134643554688,56.503927612304686,56.122274780273436,55.75490264892578,55.861766052246104,56.20328369140625,56.183585357666026,56.15625419616699,56.27961463928223,56.55957641601562,57.36880474090576,57.59545745849609,57.6600923538208,57.74750347137452,57.92540340423584,57.640188980102536,57.62869834899902,57.513791910807285,57.59997177124024,57.748365275065105,58.25309219360353,58.44901065826416,58.61731999715169,58.82437623341878,59.026049359639494,12664880.0,10880160.0,10299440.0,8959600.0,8654960.0,10782200.0,9675760.0,10309680.0,9892160.0,9782120.0,10511720.0,10047740.0,9984520.0,9780220.0,9885620.0,11144946.666666666,10778346.666666666,10848200.0,11008946.666666666,11235893.333333334,14458313.333333336,14299966.666666664,14458953.333333336,14387500.0,14350660.0,0
2020-05-19,57.597672867803105,57.79711701438652,56.74572580250322,56.75557327270508,6532800,56.93531951904297,56.345111083984385,57.28163986206054,57.72062365214029,57.91364803314209,12312160.0,10635880.0,10327700.0,10932706.666666666,14383873.333333336,57.974403381347656,56.10306930541992,57.18154525756836,56.66200637817383,56.122764587402344,56.80875778198242,56.41134643554688,56.503927612304686,56.122274780273436,55.75490264892578,56.33526191711426,56.20328369140625,56.183585357666026,56.15625419616699,56.27961463928223,57.34221210479736,57.36880474090576,57.59545745849609,57.6600923538208,57.74750347137452,57.75353609720865,57.640188980102536,57.62869834899902,57.513791910807285,57.59997177124024,58.08607648213705,58.25309219360353,58.44901065826416,58.61731999715169,58.82437623341878,12918640.0,12664880.0,10880160.0,10299440.0,8959600.0,10786800.0,10782200.0,9675760.0,10309680.0,9892160.0,10532160.0,10511720.0,10047740.0,9984520.0,9780220.0,11157200.0,11144946.666666666,10778346.666666666,10848200.0,11008946.666666666,14426520.0,14458313.333333336,14299966.666666664,14458953.333333336,14387500.0,1
2020-05-20,57.198785760728036,58.16646034596322,56.829443627650356,57.3194351196289,5847200,57.066805267333976,56.59454002380371,57.10460186004639,57.75591621398926,57.76535511016846,10666240.0,10482840.0,10032080.0,10777373.333333334,14309900.0,56.75557327270508,57.974403381347656,56.10306930541992,57.18154525756836,56.66200637817383,56.93531951904297,56.80875778198242,56.41134643554688,56.503927612304686,56.122274780273436,56.345111083984385,56.33526191711426,56.20328369140625,56.183585357666026,56.15625419616699,57.28163986206054,57.34221210479736,57.36880474090576,57.59545745849609,57.6600923538208,57.72062365214029,57.75353609720865,57.640188980102536,57.62869834899902,57.513791910807285,57.91364803314209,58.08607648213705,58.25309219360353,58.44901065826416,58.61731999715169,12312160.0,12918640.0,12664880.0,10880160.0,10299440.0,10635880.0,10786800.0,10782200.0,9675760.0,10309680.0,10327700.0,10532160.0,10511720.0,10047740.0,9984520.0,10932706.666666666,11157200.0,11144946.666666666,10778346.666666666,10848200.0,14383873.333333336,14426520.0,14458313.333333336,14299966.666666664,14458953.333333336,1
2020-05-21,57.2972740631029,57.48933166693777,56.15724059565082,56.36160659790039,8308400,56.90281753540039,56.70337257385254,56.95391025543213,57.71816113789876,57.6046090443929,10008800.0,10444480.0,9979480.0,10444626.666666666,14289180.0,57.3194351196289,56.75557327270508,57.974403381347656,56.10306930541992,57.18154525756836,57.066805267333976,56.93531951904297,56.80875778198242,56.41134643554688,56.503927612304686,56.59454002380371,56.345111083984385,56.33526191711426,56.20328369140625,56.183585357666026,57.10460186004639,57.28163986206054,57.34221210479736,57.36880474090576,57.59545745849609,57.75591621398926,57.72062365214029,57.75353609720865,57.640188980102536,57.62869834899902,57.76535511016846,57.91364803314209,58.08607648213705,58.25309219360353,58.44901065826416,10666240.0,12312160.0,12918640.0,12664880.0,10880160.0,10482840.0,10635880.0,10786800.0,10782200.0,9675760.0,10032080.0,10327700.0,10532160.0,10511720.0,10047740.0,10777373.333333334,10932706.666666666,11157200.0,11144946.666666666,10778346.666666666,14309900.0,14383873.333333336,14426520.0,14458313.333333336,14299966.666666664,0
2020-05-22,56.344370720942536,57.619830343022464,55.93070560219887,57.58043670654297,5990000,57.198291015625,56.80481872558594,56.881888580322276,57.624348195393885,57.514325396219895,7160320.0,9912600.0,9877520.0,9991373.333333334,14145613.333333336,56.36160659790039,57.3194351196289,56.75557327270508,57.974403381347656,56.10306930541992,56.90281753540039,57.066805267333976,56.93531951904297,56.80875778198242,56.41134643554688,56.70337257385254,56.59454002380371,56.345111083984385,56.33526191711426,56.20328369140625,56.95391025543213,57.10460186004639,57.28163986206054,57.34221210479736,57.36880474090576,57.71816113789876,57.75591621398926,57.72062365214029,57.75353609720865,57.640188980102536,57.6046090443929,57.76535511016846,57.91364803314209,58.08607648213705,58.25309219360353,10008800.0,10666240.0,12312160.0,12918640.0,12664880.0,10444480.0,10482840.0,10635880.0,10786800.0,10782200.0,9979480.0,10032080.0,10327700.0,10532160.0,10511720.0,10444626.666666666,10777373.333333334,10932706.666666666,11157200.0,11144946.666666666,14289180.0,14309900.0,14383873.333333336,14426520.0,14458313.333333336,0
2020-05-26,58.19354541581921,58.700774675953035,57.56812772544603,57.693702697753906,7658800,57.14215087890625,56.97545433044434,56.76751537322998,57.608753712972,57.43861026763916,6867440.0,9893040.0,9837580.0,9888093.333333334,13815346.666666664,57.58043670654297,56.36160659790039,57.3194351196289,56.75557327270508,57.974403381347656,57.198291015625,56.90281753540039,57.066805267333976,56.93531951904297,56.80875778198242,56.80481872558594,56.70337257385254,56.59454002380371,56.345111083984385,56.33526191711426,56.881888580322276,56.95391025543213,57.10460186004639,57.28163986206054,57.34221210479736,57.624348195393885,57.71816113789876,57.75591621398926,57.72062365214029,57.75353609720865,57.514325396219895,57.6046090443929,57.76535511016846,57.91364803314209,58.08607648213705,7160320.0,10008800.0,10666240.0,12312160.0,12918640.0,9912600.0,10444480.0,10482840.0,10635880.0,10786800.0,9877520.0,9979480.0,10032080.0,10327700.0,10532160.0,9991373.333333334,10444626.666666666,10777373.333333334,10932706.666666666,11157200.0,14145613.333333336,14289180.0,14309900.0,14383873.333333336,14426520.0,0
2020-05-27,58.54072609667365,59.40006344957039,57.848825792110176,59.37297821044922,12343600,57.66563186645508,57.30047569274903,56.79004516601562,57.59849421183267,57.32690474192303,8029600.0,10170880.0,10031520.0,9910440.0,13699313.333333336,57.693702697753906,57.58043670654297,56.36160659790039,57.3194351196289,56.75557327270508,57.14215087890625,57.198291015625,56.90281753540039,57.066805267333976,56.93531951904297,56.97545433044434,56.80481872558594,56.70337257385254,56.59454002380371,56.345111083984385,56.76751537322998,56.881888580322276,56.95391025543213,57.10460186004639,57.28163986206054,57.608753712972,57.624348195393885,57.71816113789876,57.75591621398926,57.72062365214029,57.43861026763916,57.514325396219895,57.6046090443929,57.76535511016846,57.91364803314209,6867440.0,7160320.0,10008800.0,10666240.0,12312160.0,9893040.0,9912600.0,10444480.0,10482840.0,10635880.0,9837580.0,9877520.0,9979480.0,10032080.0,10327700.0,9888093.333333334,9991373.333333334,10444626.666666666,10777373.333333334,10932706.666666666,13815346.666666664,14145613.333333336,14289180.0,14309900.0,14383873.333333336,0
2020-05-28,60.17814235797239,62.06425038723956,59.991010366295576,61.89189147949219,12416000,58.580123138427744,57.82346420288086,56.98985919952393,57.71454963684082,57.270313326517744,9343360.0,10004800.0,10157240.0,9991280.0,13645646.666666664,59.37297821044922,57.693702697753906,57.58043670654297,56.36160659790039,57.3194351196289,57.66563186645508,57.14215087890625,57.198291015625,56.90281753540039,57.066805267333976,57.30047569274903,56.97545433044434,56.80481872558594,56.70337257385254,56.59454002380371,56.79004516601562,56.76751537322998,56.881888580322276,56.95391025543213,57.10460186004639,57.59849421183267,57.608753712972,57.624348195393885,57.71816113789876,57.75591621398926,57.32690474192303,57.43861026763916,57.514325396219895,57.6046090443929,57.76535511016846,8029600.0,6867440.0,7160320.0,10008800.0,10666240.0,10170880.0,9893040.0,9912600.0,10444480.0,10482840.0,10031520.0,9837580.0,9877520.0,9979480.0,10032080.0,9910440.0,9888093.333333334,9991373.333333334,10444626.666666666,10777373.333333334,13699313.333333336,13815346.666666664,14145613.333333336,14289180.0,14309900.0,0
2020-05-29,61.584105978132925,63.15996796332965,61.43390669724475,62.926048278808594,15309600,59.89301147460939,58.397914505004884,57.29074993133545,57.862943140665685,57.16090590159098,10743600.0,10376200.0,10025980.0,10157226.666666666,13655586.666666664,61.89189147949219,59.37297821044922,57.693702697753906,57.58043670654297,56.36160659790039,58.580123138427744,57.66563186645508,57.14215087890625,57.198291015625,56.90281753540039,57.82346420288086,57.30047569274903,56.97545433044434,56.80481872558594,56.70337257385254,56.98985919952393,56.79004516601562,56.76751537322998,56.881888580322276,56.95391025543213,57.71454963684082,57.59849421183267,57.608753712972,57.624348195393885,57.71816113789876,57.270313326517744,57.32690474192303,57.43861026763916,57.514325396219895,57.6046090443929,9343360.0,8029600.0,6867440.0,7160320.0,10008800.0,10004800.0,10170880.0,9893040.0,9912600.0,10444480.0,10157240.0,10031520.0,9837580.0,9877520.0,9979480.0,9991280.0,9910440.0,9888093.333333334,9991373.333333334,10444626.666666666,13645646.666666664,13699313.333333336,13815346.666666664,14145613.333333336,14289180.0,0
2020-06-01,62.90871752914165,63.95847293795322,62.205578759496525,63.29494857788086,6655600,61.03591384887695,59.117102432250974,57.660193061828615,57.95157063802083,57.08251584370932,10876720.0,9018520.0,9900360.0,10013986.666666666,13559646.666666664,62.926048278808594,61.89189147949219,59.37297821044922,57.693702697753906,57.58043670654297,59.89301147460939,58.580123138427744,57.66563186645508,57.14215087890625,57.198291015625,58.397914505004884,57.82346420288086,57.30047569274903,56.97545433044434,56.80481872558594,57.29074993133545,56.98985919952393,56.79004516601562,56.76751537322998,56.881888580322276,57.862943140665685,57.71454963684082,57.59849421183267,57.608753712972,57.624348195393885,57.16090590159098,57.270313326517744,57.32690474192303,57.43861026763916,57.514325396219895,10743600.0,9343360.0,8029600.0,6867440.0,7160320.0,10376200.0,10004800.0,10170880.0,9893040.0,9912600.0,10025980.0,10157240.0,10031520.0,9837580.0,9877520.0,10157226.666666666,9991280.0,9910440.0,9888093.333333334,9991373.333333334,13655586.666666664,13645646.666666664,13699313.333333336,13815346.666666664,14145613.333333336,1
2020-06-02,63.27514356563607,64.45364010927597,62.8195854226391,63.53015518188477,10640000,62.203204345703135,59.67267761230469,58.003969764709474,58.119033940633145,57.02585646311442,11472960.0,9170200.0,9978500.0,10078173.333333334,13494373.333333336,63.29494857788086,62.926048278808594,61.89189147949219,59.37297821044922,57.693702697753906,61.03591384887695,59.89301147460939,58.580123138427744,57.66563186645508,57.14215087890625,59.117102432250974,58.397914505004884,57.82346420288086,57.30047569274903,56.97545433044434,57.660193061828615,57.29074993133545,56.98985919952393,56.79004516601562,56.76751537322998,57.95157063802083,57.862943140665685,57.71454963684082,57.59849421183267,57.608753712972,57.08251584370932,57.16090590159098,57.270313326517744,57.32690474192303,57.43861026763916,10876720.0,10743600.0,9343360.0,8029600.0,6867440.0,9018520.0,10376200.0,10004800.0,10170880.0,9893040.0,9900360.0,10025980.0,10157240.0,10031520.0,9837580.0,10013986.666666666,10157226.666666666,9991280.0,9910440.0,9888093.333333334,13559646.666666664,13655586.666666664,13645646.666666664,13699313.333333336,13815346.666666664,1
2020-06-03,63.92381359575178,64.93148386596584,63.55491527629306,64.26795196533203,7303200,63.18219909667969,60.423915481567384,58.38451328277588,58.329065068562834,57.02474778493245,10464880.0,9247240.0,9941560.0,9967546.666666666,13356686.666666664,63.53015518188477,63.29494857788086,62.926048278808594,61.89189147949219,59.37297821044922,62.203204345703135,61.03591384887695,59.89301147460939,58.580123138427744,57.66563186645508,59.67267761230469,59.117102432250974,58.397914505004884,57.82346420288086,57.30047569274903,58.003969764709474,57.660193061828615,57.29074993133545,56.98985919952393,56.79004516601562,58.119033940633145,57.95157063802083,57.862943140665685,57.71454963684082,57.59849421183267,57.02585646311442,57.08251584370932,57.16090590159098,57.270313326517744,57.32690474192303,11472960.0,10876720.0,10743600.0,9343360.0,8029600.0,9170200.0,9018520.0,10376200.0,10004800.0,10170880.0,9978500.0,9900360.0,10025980.0,10157240.0,10031520.0,10078173.333333334,10013986.666666666,10157226.666666666,9991280.0,9910440.0,13494373.333333336,13559646.666666664,13655586.666666664,13645646.666666664,13699313.333333336,0
2020-06-04,63.79259575405781,64.50811072252499,61.42073681031179,62.36403274536133,12012400,63.276627349853506,60.92837524414063,58.76145763397217,58.37919298807779,57.014683151245116,10384160.0,9863760.0,10173300.0,9975973.333333334,13161166.666666664,64.26795196533203,63.53015518188477,63.29494857788086,62.926048278808594,61.89189147949219,63.18219909667969,62.203204345703135,61.03591384887695,59.89301147460939,58.580123138427744,60.423915481567384,59.67267761230469,59.117102432250974,58.397914505004884,57.82346420288086,58.38451328277588,58.003969764709474,57.660193061828615,57.29074993133545,56.98985919952393,58.329065068562834,58.119033940633145,57.95157063802083,57.862943140665685,57.71454963684082,57.02474778493245,57.02585646311442,57.08251584370932,57.16090590159098,57.270313326517744,10464880.0,11472960.0,10876720.0,10743600.0,9343360.0,9247240.0,9170200.0,9018520.0,10376200.0,10004800.0,9941560.0,9978500.0,9900360.0,10025980.0,10157240.0,9967546.666666666,10078173.333333334,10013986.666666666,10157226.666666666,9991280.0,13356686.666666664,13494373.333333336,13559646.666666664,13655586.666666664,13645646.666666664,0
2020-06-05,62.43582966075986,64.01541927796724,61.89857198776666,62.98051834106445,12370800,63.28752136230469,61.59026641845704,59.146819496154784,58.49936230977377,57.074275334676116,9796400.0,10270000.0,10357240.0,10076320.0,13040160.0,62.36403274536133,64.26795196533203,63.53015518188477,63.29494857788086,62.926048278808594,63.276627349853506,63.18219909667969,62.203204345703135,61.03591384887695,59.89301147460939,60.92837524414063,60.423915481567384,59.67267761230469,59.117102432250974,58.397914505004884,58.76145763397217,58.38451328277588,58.003969764709474,57.660193061828615,57.29074993133545,58.37919298807779,58.329065068562834,58.119033940633145,57.95157063802083,57.862943140665685,57.014683151245116,57.02474778493245,57.02585646311442,57.08251584370932,57.16090590159098,10384160.0,10464880.0,11472960.0,10876720.0,10743600.0,9863760.0,9247240.0,9170200.0,9018520.0,10376200.0,10173300.0,9941560.0,9978500.0,9900360.0,10025980.0,9975973.333333334,9967546.666666666,10078173.333333334,10013986.666666666,10157226.666666666,13161166.666666664,13356686.666666664,13494373.333333336,13559646.666666664,13655586.666666664,0
2020-06-08,62.65370421976703,64.55515049401257,62.03722151542921,64.49078369140625,8149200,63.526688385009756,62.28130111694336,59.54305992126465,58.681692759195954,57.291878636678064,10095120.0,10485920.0,10199260.0,10080320.0,12648173.333333336,62.98051834106445,62.36403274536133,64.26795196533203,63.53015518188477,63.29494857788086,63.28752136230469,63.276627349853506,63.18219909667969,62.203204345703135,61.03591384887695,61.59026641845704,60.92837524414063,60.423915481567384,59.67267761230469,59.117102432250974,59.146819496154784,58.76145763397217,58.38451328277588,58.003969764709474,57.660193061828615,58.49936230977377,58.37919298807779,58.329065068562834,58.119033940633145,57.95157063802083,57.074275334676116,57.014683151245116,57.02474778493245,57.02585646311442,57.08251584370932,9796400.0,10384160.0,10464880.0,11472960.0,10876720.0,10270000.0,9863760.0,9247240.0,9170200.0,9018520.0,10357240.0,10173300.0,9941560.0,9978500.0,9900360.0,10076320.0,9975973.333333334,9967546.666666666,10078173.333333334,10013986.666666666,13040160.0,13161166.666666664,13356686.666666664,13494373.333333336,13559646.666666664,1
2020-06-09,64.15158612258129,64.16149161353222,62.90128800543594,64.04265594482422,7990400,63.629188537597656,62.91619644165039,59.94582538604736,58.81707572937012,57.45001799265544,9565200.0,10519080.0,10206060.0,10064746.666666666,12254906.666666664,64.49078369140625,62.98051834106445,62.36403274536133,64.26795196533203,63.53015518188477,63.526688385009756,63.28752136230469,63.276627349853506,63.18219909667969,62.203204345703135,62.28130111694336,61.59026641845704,60.92837524414063,60.423915481567384,59.67267761230469,59.54305992126465,59.146819496154784,58.76145763397217,58.38451328277588,58.003969764709474,58.681692759195954,58.49936230977377,58.37919298807779,58.329065068562834,58.119033940633145,57.291878636678064,57.074275334676116,57.014683151245116,57.02474778493245,57.02585646311442,10095120.0,9796400.0,10384160.0,10464880.0,11472960.0,10485920.0,10270000.0,9863760.0,9247240.0,9170200.0,10199260.0,10357240.0,10173300.0,9941560.0,9978500.0,10080320.0,10076320.0,9975973.333333334,9967546.666666666,10078173.333333334,12648173.333333336,13040160.0,13161166.666666664,13356686.666666664,13494373.333333336,1
2020-06-10,64.07731577950597,64.59476625122011,63.27514476861386,63.57719802856445,6674400,63.49103775024414,63.33661842346192,60.31854705810546,58.97223625183106,57.683255513509124,9439440.0,9952160.0,10061520.0,10005066.666666666,12028806.666666664,64.04265594482422,64.49078369140625,62.98051834106445,62.36403274536133,64.26795196533203,63.629188537597656,63.526688385009756,63.28752136230469,63.276627349853506,63.18219909667969,62.91619644165039,62.28130111694336,61.59026641845704,60.92837524414063,60.423915481567384,59.94582538604736,59.54305992126465,59.146819496154784,58.76145763397217,58.38451328277588,58.81707572937012,58.681692759195954,58.49936230977377,58.37919298807779,58.329065068562834,57.45001799265544,57.291878636678064,57.074275334676116,57.014683151245116,57.02474778493245,9565200.0,10095120.0,9796400.0,10384160.0,10464880.0,10519080.0,10485920.0,10270000.0,9863760.0,9247240.0,10206060.0,10199260.0,10357240.0,10173300.0,9941560.0,10064746.666666666,10080320.0,10076320.0,9975973.333333334,9967546.666666666,12254906.666666664,12648173.333333336,13040160.0,13161166.666666664,13356686.666666664,1
2020-06-11,63.09935743891647,63.12411738891527,60.87357242505602,61.48263168334961,9718400,63.3147575378418,63.295692443847656,60.559578323364256,59.0918036142985,57.79790706634522,8980640.0,9682400.0,9843600.0,9998960.0,11831813.333333336,63.57719802856445,64.04265594482422,64.49078369140625,62.98051834106445,62.36403274536133,63.49103775024414,63.629188537597656,63.526688385009756,63.28752136230469,63.276627349853506,63.33661842346192,62.91619644165039,62.28130111694336,61.59026641845704,60.92837524414063,60.31854705810546,59.94582538604736,59.54305992126465,59.146819496154784,58.76145763397217,58.97223625183106,58.81707572937012,58.681692759195954,58.49936230977377,58.37919298807779,57.683255513509124,57.45001799265544,57.291878636678064,57.074275334676116,57.014683151245116,9439440.0,9565200.0,10095120.0,9796400.0,10384160.0,9952160.0,10519080.0,10485920.0,10270000.0,9863760.0,10061520.0,10206060.0,10199260.0,10357240.0,10173300.0,10005066.666666666,10064746.666666666,10080320.0,10076320.0,9975973.333333334,12028806.666666664,12254906.666666664,12648173.333333336,13040160.0,13161166.666666664,1
2020-06-12,62.334321819060534,62.420974087316075,60.47001169775685,61.13106155395508,8356800,62.94486618041992,63.11619377136231,60.75705413818359,59.23256454467774,57.95233338673909,8177840.0,8987120.0,9681660.0,9679693.333333334,11601126.666666664,61.48263168334961,63.57719802856445,64.04265594482422,64.49078369140625,62.98051834106445,63.3147575378418,63.49103775024414,63.629188537597656,63.526688385009756,63.28752136230469,63.295692443847656,63.33661842346192,62.91619644165039,62.28130111694336,61.59026641845704,60.559578323364256,60.31854705810546,59.94582538604736,59.54305992126465,59.146819496154784,59.0918036142985,58.97223625183106,58.81707572937012,58.681692759195954,58.49936230977377,57.79790706634522,57.683255513509124,57.45001799265544,57.291878636678064,57.074275334676116,8980640.0,9439440.0,9565200.0,10095120.0,9796400.0,9682400.0,9952160.0,10519080.0,10485920.0,10270000.0,9843600.0,10061520.0,10206060.0,10199260.0,10357240.0,9998960.0,10005066.666666666,10064746.666666666,10080320.0,10076320.0,11831813.333333336,12028806.666666664,12254906.666666664,12648173.333333336,13040160.0,0
2020-06-15,60.58885181641795,62.126348752410614,59.74954089106404,61.54205322265625,8404400,62.35512008666992,62.94090423583985,61.02900333404541,59.42043011983235,58.12813695271811,8228880.0,9162000.0,9090260.0,9654240.0,11450513.333333336,61.13106155395508,61.48263168334961,63.57719802856445,64.04265594482422,64.49078369140625,62.94486618041992,63.3147575378418,63.49103775024414,63.629188537597656,63.526688385009756,63.11619377136231,63.295692443847656,63.33661842346192,62.91619644165039,62.28130111694336,60.75705413818359,60.559578323364256,60.31854705810546,59.94582538604736,59.54305992126465,59.23256454467774,59.0918036142985,58.97223625183106,58.81707572937012,58.681692759195954,57.95233338673909,57.79790706634522,57.683255513509124,57.45001799265544,57.291878636678064,8177840.0,8980640.0,9439440.0,9565200.0,10095120.0,8987120.0,9682400.0,9952160.0,10519080.0,10485920.0,9681660.0,9843600.0,10061520.0,10206060.0,10199260.0,9679693.333333334,9998960.0,10005066.666666666,10064746.666666666,10080320.0,11601126.666666664,11831813.333333336,12028806.666666664,12254906.666666664,12648173.333333336,0
2020-06-16,62.767594016235705,62.807204646472684,61.07163947667943,61.4430160522461,8056800,61.835192108154295,62.73219032287598,61.20243396759033,59.58004328409831,58.365283330281585,8242160.0,8903680.0,9036940.0,9620226.666666666,11210086.666666666,61.54205322265625,61.13106155395508,61.48263168334961,63.57719802856445,64.04265594482422,62.35512008666992,62.94486618041992,63.3147575378418,63.49103775024414,63.629188537597656,62.94090423583985,63.11619377136231,63.295692443847656,63.33661842346192,62.91619644165039,61.02900333404541,60.75705413818359,60.559578323364256,60.31854705810546,59.94582538604736,59.42043011983235,59.23256454467774,59.0918036142985,58.97223625183106,58.81707572937012,58.12813695271811,57.95233338673909,57.79790706634522,57.683255513509124,57.45001799265544,8228880.0,8177840.0,8980640.0,9439440.0,9565200.0,9162000.0,8987120.0,9682400.0,9952160.0,10519080.0,9090260.0,9681660.0,9843600.0,10061520.0,10206060.0,9654240.0,9679693.333333334,9998960.0,10005066.666666666,10064746.666666666,11450513.333333336,11601126.666666664,11831813.333333336,12028806.666666664,12254906.666666664,0
2020-06-17,61.89362370278629,62.143682579438845,60.83396280405717,61.64851379394531,6767600,61.44945526123047,62.470246505737315,61.44708099365234,59.746424357096345,58.647262001037596,8260800.0,8850120.0,9048680.0,9577746.666666666,10928520.0,61.4430160522461,61.54205322265625,61.13106155395508,61.48263168334961,63.57719802856445,61.835192108154295,62.35512008666992,62.94486618041992,63.3147575378418,63.49103775024414,62.73219032287598,62.94090423583985,63.11619377136231,63.295692443847656,63.33661842346192,61.20243396759033,61.02900333404541,60.75705413818359,60.559578323364256,60.31854705810546,59.58004328409831,59.42043011983235,59.23256454467774,59.0918036142985,58.97223625183106,58.365283330281585,58.12813695271811,57.95233338673909,57.79790706634522,57.683255513509124,8242160.0,8228880.0,8177840.0,8980640.0,9439440.0,8903680.0,9162000.0,8987120.0,9682400.0,9952160.0,9036940.0,9090260.0,9681660.0,9843600.0,10061520.0,9620226.666666666,9654240.0,9679693.333333334,9998960.0,10005066.666666666,11210086.666666666,11450513.333333336,11601126.666666664,11831813.333333336,12028806.666666664,0
2020-06-18,61.45044426436513,61.87628971338622,60.99241541387662,61.63117980957031,6386800,61.47916488647461,62.3969612121582,61.66266822814941,59.97329216003418,58.82689024607341,7594480.0,8287560.0,9075660.0,9544720.0,10736620.0,61.64851379394531,61.4430160522461,61.54205322265625,61.13106155395508,61.48263168334961,61.44945526123047,61.835192108154295,62.35512008666992,62.94486618041992,63.3147575378418,62.470246505737315,62.73219032287598,62.94090423583985,63.11619377136231,63.295692443847656,61.44708099365234,61.20243396759033,61.02900333404541,60.75705413818359,60.559578323364256,59.746424357096345,59.58004328409831,59.42043011983235,59.23256454467774,59.0918036142985,58.647262001037596,58.365283330281585,58.12813695271811,57.95233338673909,57.79790706634522,8260800.0,8242160.0,8228880.0,8177840.0,8980640.0,8850120.0,8903680.0,9162000.0,8987120.0,9682400.0,9048680.0,9036940.0,9090260.0,9681660.0,9843600.0,9577746.666666666,9620226.666666666,9654240.0,9679693.333333334,9998960.0,10928520.0,11210086.666666666,11450513.333333336,11601126.666666664,11831813.333333336,1
2020-06-19,62.2674721036194,62.30213376600293,59.967414855957024,59.96741485595703,14452800,61.246435546875,62.095650863647464,61.84295864105225,60.129763285319,58.96344076792399,8813680.0,8495760.0,9382880.0,9736746.666666666,10680926.666666666,61.63117980957031,61.64851379394531,61.4430160522461,61.54205322265625,61.13106155395508,61.47916488647461,61.44945526123047,61.835192108154295,62.35512008666992,62.94486618041992,62.3969612121582,62.470246505737315,62.73219032287598,62.94090423583985,63.11619377136231,61.66266822814941,61.44708099365234,61.20243396759033,61.02900333404541,60.75705413818359,59.97329216003418,59.746424357096345,59.58004328409831,59.42043011983235,59.23256454467774,58.82689024607341,58.647262001037596,58.365283330281585,58.12813695271811,57.95233338673909,7594480.0,8260800.0,8242160.0,8228880.0,8177840.0,8287560.0,8850120.0,8903680.0,9162000.0,8987120.0,9075660.0,9048680.0,9036940.0,9090260.0,9681660.0,9544720.0,9577746.666666666,9620226.666666666,9654240.0,9679693.333333334,10736620.0,10928520.0,11210086.666666666,11450513.333333336,11601126.666666664,0
2020-06-22,60.21252300213414,61.45044495438953,59.55642587857398,61.163246154785156,7190800,61.17067413330078,61.76289710998535,62.02209911346436,60.28300565083821,59.03443972269693,8570960.0,8399920.0,9442920.0,9599480.0,10556520.0,59.96741485595703,61.63117980957031,61.64851379394531,61.4430160522461,61.54205322265625,61.246435546875,61.47916488647461,61.44945526123047,61.835192108154295,62.35512008666992,62.095650863647464,62.3969612121582,62.470246505737315,62.73219032287598,62.94090423583985,61.84295864105225,61.66266822814941,61.44708099365234,61.20243396759033,61.02900333404541,60.129763285319,59.97329216003418,59.746424357096345,59.58004328409831,59.42043011983235,58.96344076792399,58.82689024607341,58.647262001037596,58.365283330281585,58.12813695271811,8813680.0,7594480.0,8260800.0,8242160.0,8228880.0,8495760.0,8287560.0,8850120.0,8903680.0,9162000.0,9382880.0,9075660.0,9048680.0,9036940.0,9090260.0,9736746.666666666,9544720.0,9577746.666666666,9620226.666666666,9654240.0,10680926.666666666,10736620.0,10928520.0,11210086.666666666,11450513.333333336,1
2020-06-23,61.69060097685483,61.957992566947844,59.99217193859143,60.21500015258789,9306000,60.92507095336914,61.380131530761716,62.148163986206065,60.42392743428548,59.08614635467529,8820800.0,8531480.0,9525280.0,9647866.666666666,10441880.0,61.163246154785156,59.96741485595703,61.63117980957031,61.64851379394531,61.4430160522461,61.17067413330078,61.246435546875,61.47916488647461,61.44945526123047,61.835192108154295,61.76289710998535,62.095650863647464,62.3969612121582,62.470246505737315,62.73219032287598,62.02209911346436,61.84295864105225,61.66266822814941,61.44708099365234,61.20243396759033,60.28300565083821,60.129763285319,59.97329216003418,59.746424357096345,59.58004328409831,59.03443972269693,58.96344076792399,58.82689024607341,58.647262001037596,58.365283330281585,8570960.0,8813680.0,7594480.0,8260800.0,8242160.0,8399920.0,8495760.0,8287560.0,8850120.0,8903680.0,9442920.0,9382880.0,9075660.0,9048680.0,9036940.0,9599480.0,9736746.666666666,9544720.0,9577746.666666666,9620226.666666666,10556520.0,10680926.666666666,10736620.0,10928520.0,11210086.666666666,1
2020-06-24,59.7520140465156,60.529428857501344,59.05382805139895,59.833717346191406,6901200,60.56211166381836,61.005783462524406,62.171200942993174,60.54762585957846,59.07379881540935,8847520.0,8554160.0,9253160.0,9559066.666666666,10284006.666666666,60.21500015258789,61.163246154785156,59.96741485595703,61.63117980957031,61.64851379394531,60.92507095336914,61.17067413330078,61.246435546875,61.47916488647461,61.44945526123047,61.380131530761716,61.76289710998535,62.095650863647464,62.3969612121582,62.470246505737315,62.148163986206065,62.02209911346436,61.84295864105225,61.66266822814941,61.44708099365234,60.42392743428548,60.28300565083821,60.129763285319,59.97329216003418,59.746424357096345,59.08614635467529,59.03443972269693,58.96344076792399,58.82689024607341,58.647262001037596,8820800.0,8570960.0,8813680.0,7594480.0,8260800.0,8531480.0,8399920.0,8495760.0,8287560.0,8850120.0,9525280.0,9442920.0,9382880.0,9075660.0,9048680.0,9647866.666666666,9599480.0,9736746.666666666,9544720.0,9577746.666666666,10441880.0,10556520.0,10680926.666666666,10736620.0,10928520.0,1
2020-06-25,59.74706728145221,59.74706728145221,58.32345702767498,59.21228408813477,7824800,60.07833251953125,60.77874870300293,62.037220573425294,60.63263511657715,59.07321351369222,9135120.0,8364800.0,9023600.0,9350666.666666666,10099433.333333334,59.833717346191406,60.21500015258789,61.163246154785156,59.96741485595703,61.63117980957031,60.56211166381836,60.92507095336914,61.17067413330078,61.246435546875,61.47916488647461,61.005783462524406,61.380131530761716,61.76289710998535,62.095650863647464,62.3969612121582,62.171200942993174,62.148163986206065,62.02209911346436,61.84295864105225,61.66266822814941,60.54762585957846,60.42392743428548,60.28300565083821,60.129763285319,59.97329216003418,59.07379881540935,59.08614635467529,59.03443972269693,58.96344076792399,58.82689024607341,8847520.0,8820800.0,8570960.0,8813680.0,7594480.0,8554160.0,8531480.0,8399920.0,8495760.0,8287560.0,9253160.0,9525280.0,9442920.0,9382880.0,9075660.0,9559066.666666666,9647866.666666666,9599480.0,9736746.666666666,9544720.0,10284006.666666666,10441880.0,10556520.0,10680926.666666666,10736620.0,1
2020-06-26,59.04887856589088,59.930278412986354,58.13529153834187,58.4843864440918,10107200,59.7817268371582,60.51408119201661,61.81513748168946,60.67606315612793,59.15238075256347,8266000.0,8539840.0,8763480.0,9301053.333333334,10039700.0,59.21228408813477,59.833717346191406,60.21500015258789,61.163246154785156,59.96741485595703,60.07833251953125,60.56211166381836,60.92507095336914,61.17067413330078,61.246435546875,60.77874870300293,61.005783462524406,61.380131530761716,61.76289710998535,62.095650863647464,62.037220573425294,62.171200942993174,62.148163986206065,62.02209911346436,61.84295864105225,60.63263511657715,60.54762585957846,60.42392743428548,60.28300565083821,60.129763285319,59.07321351369222,59.07379881540935,59.08614635467529,59.03443972269693,58.96344076792399,9135120.0,8847520.0,8820800.0,8570960.0,8813680.0,8364800.0,8554160.0,8531480.0,8399920.0,8495760.0,9023600.0,9253160.0,9525280.0,9442920.0,9382880.0,9350666.666666666,9559066.666666666,9647866.666666666,9599480.0,9736746.666666666,10099433.333333334,10284006.666666666,10441880.0,10556520.0,10680926.666666666,0
2020-06-29,58.803765380276715,59.046400795387534,57.87532394506928,58.98450469970703,5793200,59.345978546142575,60.25832633972168,61.59961528778077,60.77211100260417,59.20614999135335,7986480.0,8278720.0,8720360.0,8819746.666666666,9982346.666666666,58.4843864440918,59.21228408813477,59.833717346191406,60.21500015258789,61.163246154785156,59.7817268371582,60.07833251953125,60.56211166381836,60.92507095336914,61.17067413330078,60.51408119201661,60.77874870300293,61.005783462524406,61.380131530761716,61.76289710998535,61.81513748168946,62.037220573425294,62.171200942993174,62.148163986206065,62.02209911346436,60.67606315612793,60.63263511657715,60.54762585957846,60.42392743428548,60.28300565083821,59.15238075256347,59.07321351369222,59.07379881540935,59.08614635467529,59.03443972269693,8266000.0,9135120.0,8847520.0,8820800.0,8570960.0,8539840.0,8364800.0,8554160.0,8531480.0,8399920.0,8763480.0,9023600.0,9253160.0,9525280.0,9442920.0,9301053.333333334,9350666.666666666,9559066.666666666,9647866.666666666,9599480.0,10039700.0,10099433.333333334,10284006.666666666,10441880.0,10556520.0,0
2020-06-30,59.15038634342893,59.8683795489928,58.80129145380105,59.46234130859375,9532400,59.19544677734375,60.06025886535645,61.39622459411621,60.82170893351236,59.287622515360525,8031760.0,8426280.0,8664980.0,8833386.666666666,9995293.333333334,58.98450469970703,58.4843864440918,59.21228408813477,59.833717346191406,60.21500015258789,59.345978546142575,59.7817268371582,60.07833251953125,60.56211166381836,60.92507095336914,60.25832633972168,60.51408119201661,60.77874870300293,61.005783462524406,61.380131530761716,61.59961528778077,61.81513748168946,62.037220573425294,62.171200942993174,62.148163986206065,60.77211100260417,60.67606315612793,60.63263511657715,60.54762585957846,60.42392743428548,59.20614999135335,59.15238075256347,59.07321351369222,59.07379881540935,59.08614635467529,7986480.0,8266000.0,9135120.0,8847520.0,8820800.0,8278720.0,8539840.0,8364800.0,8554160.0,8531480.0,8720360.0,8763480.0,9023600.0,9253160.0,9525280.0,8819746.666666666,9301053.333333334,9350666.666666666,9559066.666666666,9647866.666666666,9982346.666666666,10039700.0,10099433.333333334,10284006.666666666,10441880.0,0
2020-07-01,59.33855068631306,61.277136926041095,59.001835762595825,60.970130920410156,6024400,59.4227294921875,59.99242057800293,61.23133354187011,60.962194188435866,59.341408920288096,7856400.0,8351960.0,8601040.0,8816440.0,9874573.333333334,59.46234130859375,58.98450469970703,58.4843864440918,59.21228408813477,59.833717346191406,59.19544677734375,59.345978546142575,59.7817268371582,60.07833251953125,60.56211166381836,60.06025886535645,60.25832633972168,60.51408119201661,60.77874870300293,61.005783462524406,61.39622459411621,61.59961528778077,61.81513748168946,62.037220573425294,62.171200942993174,60.82170893351236,60.77211100260417,60.67606315612793,60.63263511657715,60.54762585957846,59.287622515360525,59.20614999135335,59.15238075256347,59.07321351369222,59.07379881540935,8031760.0,7986480.0,8266000.0,9135120.0,8847520.0,8426280.0,8278720.0,8539840.0,8364800.0,8554160.0,8664980.0,8720360.0,8763480.0,9023600.0,9253160.0,8833386.666666666,8819746.666666666,9301053.333333334,9350666.666666666,9559066.666666666,9995293.333333334,9982346.666666666,10039700.0,10099433.333333334,10284006.666666666,0
2020-07-02,61.440542197374036,61.82677323546303,60.843862919841186,61.00479125976562,5981200,59.78123092651367,59.92978172302246,61.16337146759033,61.0850393931071,59.42047780354818,7487680.0,8311400.0,8299480.0,8820906.666666666,9799140.0,60.970130920410156,59.46234130859375,58.98450469970703,58.4843864440918,59.21228408813477,59.4227294921875,59.19544677734375,59.345978546142575,59.7817268371582,60.07833251953125,59.99242057800293,60.06025886535645,60.25832633972168,60.51408119201661,60.77874870300293,61.23133354187011,61.39622459411621,61.59961528778077,61.81513748168946,62.037220573425294,60.962194188435866,60.82170893351236,60.77211100260417,60.67606315612793,60.63263511657715,59.341408920288096,59.287622515360525,59.20614999135335,59.15238075256347,59.07321351369222,7856400.0,8031760.0,7986480.0,8266000.0,9135120.0,8351960.0,8426280.0,8278720.0,8539840.0,8364800.0,8601040.0,8664980.0,8720360.0,8763480.0,9023600.0,8816440.0,8833386.666666666,8819746.666666666,9301053.333333334,9350666.666666666,9874573.333333334,9995293.333333334,9982346.666666666,10039700.0,10099433.333333334,0
2020-07-06,61.44797181037971,61.68565071480607,60.55419199024896,61.1434440612793,6256800,60.31304244995117,60.047384643554686,61.07151775360107,61.24443397521973,59.48129755655925,6717600.0,7491800.0,7993780.0,8752520.0,9598573.333333334,61.00479125976562,60.970130920410156,59.46234130859375,58.98450469970703,58.4843864440918,59.78123092651367,59.4227294921875,59.19544677734375,59.345978546142575,59.7817268371582,59.92978172302246,59.99242057800293,60.06025886535645,60.25832633972168,60.51408119201661,61.16337146759033,61.23133354187011,61.39622459411621,61.59961528778077,61.81513748168946,61.0850393931071,60.962194188435866,60.82170893351236,60.77211100260417,60.67606315612793,59.42047780354818,59.341408920288096,59.287622515360525,59.20614999135335,59.15238075256347,7487680.0,7856400.0,8031760.0,7986480.0,8266000.0,8311400.0,8351960.0,8426280.0,8278720.0,8539840.0,8299480.0,8601040.0,8664980.0,8720360.0,8763480.0,8820906.666666666,8816440.0,8833386.666666666,8819746.666666666,9301053.333333334,9799140.0,9874573.333333334,9995293.333333334,9982346.666666666,10039700.0,0
2020-07-07,60.522004884902614,61.485108034838106,60.321462128469896,61.084022521972656,6017200,60.7329460144043,60.03946228027344,60.90117969512939,61.36122016906738,59.492784182230636,6762400.0,7374440.0,7887180.0,8753426.666666666,9372400.0,61.1434440612793,61.00479125976562,60.970130920410156,59.46234130859375,58.98450469970703,60.31304244995117,59.78123092651367,59.4227294921875,59.19544677734375,59.345978546142575,60.047384643554686,59.92978172302246,59.99242057800293,60.06025886535645,60.25832633972168,61.07151775360107,61.16337146759033,61.23133354187011,61.39622459411621,61.59961528778077,61.24443397521973,61.0850393931071,60.962194188435866,60.82170893351236,60.77211100260417,59.48129755655925,59.42047780354818,59.341408920288096,59.287622515360525,59.20614999135335,6717600.0,7487680.0,7856400.0,8031760.0,7986480.0,7491800.0,8311400.0,8351960.0,8426280.0,8278720.0,7993780.0,8299480.0,8601040.0,8664980.0,8720360.0,8752520.0,8820906.666666666,8816440.0,8833386.666666666,8819746.666666666,9598573.333333334,9799140.0,9874573.333333334,9995293.333333334,9982346.666666666,1
2020-07-08,61.11125583423704,62.921097132446135,60.93546925394578,62.7056999206543,9633600,61.38161773681641,60.28853225708008,60.8343318939209,61.52828674316406,59.568520228068024,6782640.0,7407200.0,7969340.0,8819253.333333334,9353673.333333334,61.084022521972656,61.1434440612793,61.00479125976562,60.970130920410156,59.46234130859375,60.7329460144043,60.31304244995117,59.78123092651367,59.4227294921875,59.19544677734375,60.03946228027344,60.047384643554686,59.92978172302246,59.99242057800293,60.06025886535645,60.90117969512939,61.07151775360107,61.16337146759033,61.23133354187011,61.39622459411621,61.36122016906738,61.24443397521973,61.0850393931071,60.962194188435866,60.82170893351236,59.492784182230636,59.48129755655925,59.42047780354818,59.341408920288096,59.287622515360525,6762400.0,6717600.0,7487680.0,7856400.0,8031760.0,7374440.0,7491800.0,8311400.0,8351960.0,8426280.0,7887180.0,7993780.0,8299480.0,8601040.0,8664980.0,8753426.666666666,8752520.0,8820906.666666666,8816440.0,8833386.666666666,9372400.0,9598573.333333334,9799140.0,9874573.333333334,9995293.333333334,1
2020-07-09,62.20062738461417,62.73045784635244,61.539577493882646,62.3887939453125,6818800,61.66535034179689,60.54403991699219,60.7749116897583,61.62881393432618,59.613654073079424,6941520.0,7398960.0,7976560.0,8635093.333333334,9272766.666666666,62.7056999206543,61.084022521972656,61.1434440612793,61.00479125976562,60.970130920410156,61.38161773681641,60.7329460144043,60.31304244995117,59.78123092651367,59.4227294921875,60.28853225708008,60.03946228027344,60.047384643554686,59.92978172302246,59.99242057800293,60.8343318939209,60.90117969512939,61.07151775360107,61.16337146759033,61.23133354187011,61.52828674316406,61.36122016906738,61.24443397521973,61.0850393931071,60.962194188435866,59.568520228068024,59.492784182230636,59.48129755655925,59.42047780354818,59.341408920288096,6782640.0,6762400.0,6717600.0,7487680.0,7856400.0,7407200.0,7374440.0,7491800.0,8311400.0,8351960.0,7969340.0,7887180.0,7993780.0,8299480.0,8601040.0,8819253.333333334,8753426.666666666,8752520.0,8820906.666666666,8816440.0,9353673.333333334,9372400.0,9598573.333333334,9799140.0,9874573.333333334,1
2020-07-10,62.435831518697526,64.69132930780881,62.33432478692743,64.27291107177734,10079200,62.318974304199216,61.05010261535646,60.914425659179685,61.708181254069004,59.71136544545492,7761120.0,7624400.0,7994600.0,8557200.0,9274240.0,62.3887939453125,62.7056999206543,61.084022521972656,61.1434440612793,61.00479125976562,61.66535034179689,61.38161773681641,60.7329460144043,60.31304244995117,59.78123092651367,60.54403991699219,60.28853225708008,60.03946228027344,60.047384643554686,59.92978172302246,60.7749116897583,60.8343318939209,60.90117969512939,61.07151775360107,61.16337146759033,61.62881393432618,61.52828674316406,61.36122016906738,61.24443397521973,61.0850393931071,59.613654073079424,59.568520228068024,59.492784182230636,59.48129755655925,59.42047780354818,6941520.0,6782640.0,6762400.0,6717600.0,7487680.0,7398960.0,7407200.0,7374440.0,7491800.0,8311400.0,7976560.0,7969340.0,7887180.0,7993780.0,8299480.0,8635093.333333334,8819253.333333334,8753426.666666666,8752520.0,8820906.666666666,9272766.666666666,9353673.333333334,9372400.0,9598573.333333334,9799140.0,0
2020-07-13,64.12187803045414,64.96861995927249,63.23057650313484,63.44102096557617,9600800,62.7784896850586,61.54576606750489,61.029923629760745,61.7253470102946,59.794145075480145,8429920.0,7573760.0,8056800.0,8366906.666666668,9262066.666666666,64.27291107177734,62.3887939453125,62.7056999206543,61.084022521972656,61.1434440612793,62.318974304199216,61.66535034179689,61.38161773681641,60.7329460144043,60.31304244995117,61.05010261535646,60.54403991699219,60.28853225708008,60.03946228027344,60.047384643554686,60.914425659179685,60.7749116897583,60.8343318939209,60.90117969512939,61.07151775360107,61.708181254069004,61.62881393432618,61.52828674316406,61.36122016906738,61.24443397521973,59.71136544545492,59.613654073079424,59.568520228068024,59.492784182230636,59.48129755655925,7761120.0,6941520.0,6782640.0,6762400.0,6717600.0,7624400.0,7398960.0,7407200.0,7374440.0,7491800.0,7994600.0,7976560.0,7969340.0,7887180.0,7993780.0,8557200.0,8635093.333333334,8819253.333333334,8753426.666666666,8752520.0,9274240.0,9272766.666666666,9353673.333333334,9372400.0,9598573.333333334,0
2020-07-14,63.44102369351518,65.53311487782419,63.34694419125283,65.00328063964844,12154400,63.56234130859375,62.14764366149903,61.202985000610354,61.78229141235352,59.86693102518718,9657360.0,8209880.0,8244300.0,8550200.0,9282093.333333334,63.44102096557617,64.27291107177734,62.3887939453125,62.7056999206543,61.084022521972656,62.7784896850586,62.318974304199216,61.66535034179689,61.38161773681641,60.7329460144043,61.54576606750489,61.05010261535646,60.54403991699219,60.28853225708008,60.03946228027344,61.029923629760745,60.914425659179685,60.7749116897583,60.8343318939209,60.90117969512939,61.7253470102946,61.708181254069004,61.62881393432618,61.52828674316406,61.36122016906738,59.794145075480145,59.71136544545492,59.613654073079424,59.568520228068024,59.492784182230636,8429920.0,7761120.0,6941520.0,6782640.0,6762400.0,7573760.0,7624400.0,7398960.0,7407200.0,7374440.0,8056800.0,7994600.0,7976560.0,7969340.0,7887180.0,8366906.666666668,8557200.0,8635093.333333334,8819253.333333334,8753426.666666666,9262066.666666666,9274240.0,9272766.666666666,9353673.333333334,9372400.0,0
2020-07-15,65.50586895448961,65.96143084194989,64.07730986695185,64.12435150146484,8444800,63.84607162475586,62.61384468078613,61.33705177307129,61.80209795633952,59.96056594848633,9419600.0,8101120.0,8263700.0,8477026.666666666,9277600.0,65.00328063964844,63.44102096557617,64.27291107177734,62.3887939453125,62.7056999206543,63.56234130859375,62.7784896850586,62.318974304199216,61.66535034179689,61.38161773681641,62.14764366149903,61.54576606750489,61.05010261535646,60.54403991699219,60.28853225708008,61.202985000610354,61.029923629760745,60.914425659179685,60.7749116897583,60.8343318939209,61.78229141235352,61.7253470102946,61.708181254069004,61.62881393432618,61.52828674316406,59.86693102518718,59.794145075480145,59.71136544545492,59.613654073079424,59.568520228068024,9657360.0,8429920.0,7761120.0,6941520.0,6782640.0,8209880.0,7573760.0,7624400.0,7398960.0,7407200.0,8244300.0,8056800.0,7994600.0,7976560.0,7969340.0,8550200.0,8366906.666666668,8557200.0,8635093.333333334,8819253.333333334,9282093.333333334,9262066.666666666,9274240.0,9272766.666666666,9353673.333333334,0
2020-07-16,64.33480646551692,66.7982666590541,64.06246212024732,66.44670104980469,10142000,64.6576530456543,63.161501693725576,61.57696113586426,61.874722925821935,60.101893997192384,10084240.0,8512880.0,8432420.0,8571653.333333334,9269600.0,64.12435150146484,65.00328063964844,63.44102096557617,64.27291107177734,62.3887939453125,63.84607162475586,63.56234130859375,62.7784896850586,62.318974304199216,61.66535034179689,62.61384468078613,62.14764366149903,61.54576606750489,61.05010261535646,60.54403991699219,61.33705177307129,61.202985000610354,61.029923629760745,60.914425659179685,60.7749116897583,61.80209795633952,61.78229141235352,61.7253470102946,61.708181254069004,61.62881393432618,59.96056594848633,59.86693102518718,59.794145075480145,59.71136544545492,59.613654073079424,9419600.0,9657360.0,8429920.0,7761120.0,6941520.0,8101120.0,8209880.0,7573760.0,7624400.0,7398960.0,8263700.0,8244300.0,8056800.0,7994600.0,7976560.0,8477026.666666666,8550200.0,8366906.666666668,8557200.0,8635093.333333334,9277600.0,9282093.333333334,9262066.666666666,9274240.0,9272766.666666666,0
2020-07-17,66.86264347025089,68.69476654681027,66.58287188511362,68.17979431152344,12461600,65.43902969360353,63.879001998901366,61.90439186096192,62.06858164469402,60.223887316385905,10560720.0,9160920.0,8736160.0,8586626.666666666,9281300.0,66.44670104980469,64.12435150146484,65.00328063964844,63.44102096557617,64.27291107177734,64.6576530456543,63.84607162475586,63.56234130859375,62.7784896850586,62.318974304199216,63.161501693725576,62.61384468078613,62.14764366149903,61.54576606750489,61.05010261535646,61.57696113586426,61.33705177307129,61.202985000610354,61.029923629760745,60.914425659179685,61.874722925821935,61.80209795633952,61.78229141235352,61.7253470102946,61.708181254069004,60.101893997192384,59.96056594848633,59.86693102518718,59.794145075480145,59.71136544545492,10084240.0,9419600.0,9657360.0,8429920.0,7761120.0,8512880.0,8101120.0,8209880.0,7573760.0,7624400.0,8432420.0,8263700.0,8244300.0,8056800.0,7994600.0,8571653.333333334,8477026.666666666,8550200.0,8366906.666666668,8557200.0,9269600.0,9277600.0,9282093.333333334,9262066.666666666,9274240.0,0
2020-07-20,68.20949975498498,68.79875181477105,67.65243487495334,67.91982269287111,6368800,66.3347900390625,64.55663986206055,62.302012252807614,62.23322512308757,60.366293716430654,9914320.0,9172120.0,8331960.0,8386560.0,9231440.0,68.17979431152344,66.44670104980469,64.12435150146484,65.00328063964844,63.44102096557617,65.43902969360353,64.6576530456543,63.84607162475586,63.56234130859375,62.7784896850586,63.879001998901366,63.161501693725576,62.61384468078613,62.14764366149903,61.54576606750489,61.90439186096192,61.57696113586426,61.33705177307129,61.202985000610354,61.029923629760745,62.06858164469402,61.874722925821935,61.80209795633952,61.78229141235352,61.7253470102946,60.223887316385905,60.101893997192384,59.96056594848633,59.86693102518718,59.794145075480145,10560720.0,10084240.0,9419600.0,9657360.0,8429920.0,9160920.0,8512880.0,8101120.0,8209880.0,7573760.0,8736160.0,8432420.0,8263700.0,8244300.0,8056800.0,8586626.666666666,8571653.333333334,8477026.666666666,8550200.0,8366906.666666668,9281300.0,9269600.0,9277600.0,9282093.333333334,9262066.666666666,0
2020-07-21,67.81832153672154,69.21717187247249,67.77870712641176,68.41499328613281,5958400,67.01713256835937,65.28973693847657,62.664599609375,62.36403210957846,60.52286243438721,8675120.0,9166240.0,8270340.0,8313533.333333332,9196926.666666666,67.91982269287111,68.17979431152344,66.44670104980469,64.12435150146484,65.00328063964844,66.3347900390625,65.43902969360353,64.6576530456543,63.84607162475586,63.56234130859375,64.55663986206055,63.879001998901366,63.161501693725576,62.61384468078613,62.14764366149903,62.302012252807614,61.90439186096192,61.57696113586426,61.33705177307129,61.202985000610354,62.23322512308757,62.06858164469402,61.874722925821935,61.80209795633952,61.78229141235352,60.366293716430654,60.223887316385905,60.101893997192384,59.96056594848633,59.86693102518718,9914320.0,10560720.0,10084240.0,9419600.0,9657360.0,9172120.0,9160920.0,8512880.0,8101120.0,8209880.0,8331960.0,8736160.0,8432420.0,8263700.0,8244300.0,8386560.0,8586626.666666666,8571653.333333334,8477026.666666666,8550200.0,9231440.0,9281300.0,9269600.0,9277600.0,9282093.333333334,0
2020-07-22,68.44965102169503,69.91782452126544,67.96438777247002,69.4276123046875,6368000,68.07778472900391,65.96192817687988,63.12523021697998,62.54353065490723,60.68030319213867,8259760.0,8839680.0,8123440.0,8259453.333333332,9162100.0,68.41499328613281,67.91982269287111,68.17979431152344,66.44670104980469,64.12435150146484,67.01713256835937,66.3347900390625,65.43902969360353,64.6576530456543,63.84607162475586,65.28973693847657,64.55663986206055,63.879001998901366,63.161501693725576,62.61384468078613,62.664599609375,62.302012252807614,61.90439186096192,61.57696113586426,61.33705177307129,62.36403210957846,62.23322512308757,62.06858164469402,61.874722925821935,61.80209795633952,60.52286243438721,60.366293716430654,60.223887316385905,60.101893997192384,59.96056594848633,8675120.0,9914320.0,10560720.0,10084240.0,9419600.0,9166240.0,9172120.0,9160920.0,8512880.0,8101120.0,8270340.0,8331960.0,8736160.0,8432420.0,8263700.0,8313533.333333332,8386560.0,8586626.666666666,8571653.333333334,8477026.666666666,9196926.666666666,9231440.0,9281300.0,9269600.0,9277600.0,0
2020-07-23,69.32363219676708,70.39566932731236,69.10327845341702,69.56378936767578,8150000,68.70120239257811,66.6794277191162,63.6117338180542,62.74308369954428,60.85765997568765,7861360.0,8972800.0,8185880.0,8308640.0,9156853.333333334,69.4276123046875,68.41499328613281,67.91982269287111,68.17979431152344,66.44670104980469,68.07778472900391,67.01713256835937,66.3347900390625,65.43902969360353,64.6576530456543,65.96192817687988,65.28973693847657,64.55663986206055,63.879001998901366,63.161501693725576,63.12523021697998,62.664599609375,62.302012252807614,61.90439186096192,61.57696113586426,62.54353065490723,62.36403210957846,62.23322512308757,62.06858164469402,61.874722925821935,60.68030319213867,60.52286243438721,60.366293716430654,60.223887316385905,60.101893997192384,8259760.0,8675120.0,9914320.0,10560720.0,10084240.0,8839680.0,9166240.0,9172120.0,9160920.0,8512880.0,8123440.0,8270340.0,8331960.0,8736160.0,8432420.0,8259453.333333332,8313533.333333332,8386560.0,8586626.666666666,8571653.333333334,9162100.0,9196926.666666666,9231440.0,9281300.0,9269600.0,1
2020-07-24,70.03666904872743,70.71752607842025,68.83093435414314,69.38552093505861,7716000,68.94234771728516,67.19068870544433,64.12039566040039,63.00651334126791,61.0491584777832,6912240.0,8736480.0,8180440.0,8241893.333333332,9120426.666666666,69.56378936767578,69.4276123046875,68.41499328613281,67.91982269287111,68.17979431152344,68.70120239257811,68.07778472900391,67.01713256835937,66.3347900390625,65.43902969360353,66.6794277191162,65.96192817687988,65.28973693847657,64.55663986206055,63.879001998901366,63.6117338180542,63.12523021697998,62.664599609375,62.302012252807614,61.90439186096192,62.74308369954428,62.54353065490723,62.36403210957846,62.23322512308757,62.06858164469402,60.85765997568765,60.68030319213867,60.52286243438721,60.366293716430654,60.223887316385905,7861360.0,8259760.0,8675120.0,9914320.0,10560720.0,8972800.0,8839680.0,9166240.0,9172120.0,9160920.0,8185880.0,8123440.0,8270340.0,8331960.0,8736160.0,8308640.0,8259453.333333332,8313533.333333332,8386560.0,8586626.666666666,9156853.333333334,9162100.0,9196926.666666666,9231440.0,9281300.0,0
2020-07-27,69.57121272828002,69.72223557758497,68.35805074344162,68.73685455322266,8909200,69.10575408935547,67.72027206420897,64.63301906585693,63.26003977457682,61.246302159627284,7420320.0,8667320.0,8120540.0,8260306.666666668,8970000.0,69.38552093505861,69.56378936767578,69.4276123046875,68.41499328613281,67.91982269287111,68.94234771728516,68.70120239257811,68.07778472900391,67.01713256835937,66.3347900390625,67.19068870544433,66.6794277191162,65.96192817687988,65.28973693847657,64.55663986206055,64.12039566040039,63.6117338180542,63.12523021697998,62.664599609375,62.302012252807614,63.00651334126791,62.74308369954428,62.54353065490723,62.36403210957846,62.23322512308757,61.0491584777832,60.85765997568765,60.68030319213867,60.52286243438721,60.366293716430654,6912240.0,7861360.0,8259760.0,8675120.0,9914320.0,8736480.0,8972800.0,8839680.0,9166240.0,9172120.0,8180440.0,8185880.0,8123440.0,8270340.0,8331960.0,8241893.333333332,8308640.0,8259453.333333332,8313533.333333332,8386560.0,9120426.666666666,9156853.333333334,9162100.0,9196926.666666666,9231440.0,1
2020-07-28,68.63039548437213,70.13818350299476,68.4892705696268,69.33353424072266,6547600,69.28946228027344,68.15329742431639,65.15047054290771,63.519755808512365,61.470092964172366,7538160.0,8106640.0,8158260.0,8198413.333333332,8926326.666666666,68.73685455322266,69.38552093505861,69.56378936767578,69.4276123046875,68.41499328613281,69.10575408935547,68.94234771728516,68.70120239257811,68.07778472900391,67.01713256835937,67.72027206420897,67.19068870544433,66.6794277191162,65.96192817687988,65.28973693847657,64.63301906585693,64.12039566040039,63.6117338180542,63.12523021697998,62.664599609375,63.26003977457682,63.00651334126791,62.74308369954428,62.54353065490723,62.36403210957846,61.246302159627284,61.0491584777832,60.85765997568765,60.68030319213867,60.52286243438721,7420320.0,6912240.0,7861360.0,8259760.0,8675120.0,8667320.0,8736480.0,8972800.0,8839680.0,9166240.0,8120540.0,8180440.0,8185880.0,8123440.0,8270340.0,8260306.666666668,8241893.333333332,8308640.0,8259453.333333332,8313533.333333332,8970000.0,9120426.666666666,9156853.333333334,9162100.0,9196926.666666666,1
2020-07-29,69.38304099925045,70.5268795726249,69.28400876300175,69.68014526367189,5381600,69.33996887207032,68.70887680053711,65.66136074066162,63.79432678222656,61.68718503316244,7340880.0,7800320.0,7950720.0,8109240.0,8864733.333333334,69.33353424072266,68.73685455322266,69.38552093505861,69.56378936767578,69.4276123046875,69.28946228027344,69.10575408935547,68.94234771728516,68.70120239257811,68.07778472900391,68.15329742431639,67.72027206420897,67.19068870544433,66.6794277191162,65.96192817687988,65.15047054290771,64.63301906585693,64.12039566040039,63.6117338180542,63.12523021697998,63.519755808512365,63.26003977457682,63.00651334126791,62.74308369954428,62.54353065490723,61.470092964172366,61.246302159627284,61.0491584777832,60.85765997568765,60.68030319213867,7538160.0,7420320.0,6912240.0,7861360.0,8259760.0,8106640.0,8667320.0,8736480.0,8972800.0,8839680.0,8158260.0,8120540.0,8180440.0,8185880.0,8123440.0,8198413.333333332,8260306.666666668,8241893.333333332,8308640.0,8259453.333333332,8926326.666666666,8970000.0,9120426.666666666,9156853.333333334,9162100.0,1
2020-07-30,69.35828828566905,69.92772930821786,69.11070391835648,69.90296936035156,4235200,69.40780487060547,69.0545036315918,66.10800266265869,64.06947530110678,61.90794982910156,6557920.0,7209640.0,7861260.0,8024826.666666668,8801286.666666666,69.68014526367189,69.33353424072266,68.73685455322266,69.38552093505861,69.56378936767578,69.33996887207032,69.28946228027344,69.10575408935547,68.94234771728516,68.70120239257811,68.70887680053711,68.15329742431639,67.72027206420897,67.19068870544433,66.6794277191162,65.66136074066162,65.15047054290771,64.63301906585693,64.12039566040039,63.6117338180542,63.79432678222656,63.519755808512365,63.26003977457682,63.00651334126791,62.74308369954428,61.68718503316244,61.470092964172366,61.246302159627284,61.0491584777832,60.85765997568765,7340880.0,7538160.0,7420320.0,6912240.0,7861360.0,7800320.0,8106640.0,8667320.0,8736480.0,8972800.0,7950720.0,8158260.0,8120540.0,8180440.0,8185880.0,8109240.0,8198413.333333332,8260306.666666668,8241893.333333332,8308640.0,8864733.333333334,8926326.666666666,8970000.0,9120426.666666666,9156853.333333334,1
2020-07-31,69.5514094802851,70.02181830553036,68.30606031304178,69.49694061279297,8030400,69.43008880615234,69.18621826171875,66.53261013031006,64.33166732788087,62.15247974395752,6620800.0,6766520.0,7963720.0,8079613.333333332,8812166.666666666,69.90296936035156,69.68014526367189,69.33353424072266,68.73685455322266,69.38552093505861,69.40780487060547,69.33996887207032,69.28946228027344,69.10575408935547,68.94234771728516,69.0545036315918,68.70887680053711,68.15329742431639,67.72027206420897,67.19068870544433,66.10800266265869,65.66136074066162,65.15047054290771,64.63301906585693,64.12039566040039,64.06947530110678,63.79432678222656,63.519755808512365,63.26003977457682,63.00651334126791,61.90794982910156,61.68718503316244,61.470092964172366,61.246302159627284,61.0491584777832,6557920.0,7340880.0,7538160.0,7420320.0,6912240.0,7209640.0,7800320.0,8106640.0,8667320.0,8736480.0,7861260.0,7950720.0,8158260.0,8120540.0,8180440.0,8024826.666666668,8109240.0,8198413.333333332,8260306.666666668,8241893.333333332,8801286.666666666,8864733.333333334,8926326.666666666,8970000.0,9120426.666666666,0
2020-08-03,69.60588073858464,69.78413425030783,68.4397527929957,68.72695159912111,8624400,69.42810821533203,69.26693115234374,66.91178550720215,64.62365188598633,62.376707585652674,6563840.0,6992080.0,8082100.0,7885333.333333332,8811040.0,69.49694061279297,69.90296936035156,69.68014526367189,69.33353424072266,68.73685455322266,69.43008880615234,69.40780487060547,69.33996887207032,69.28946228027344,69.10575408935547,69.18621826171875,69.0545036315918,68.70887680053711,68.15329742431639,67.72027206420897,66.53261013031006,66.10800266265869,65.66136074066162,65.15047054290771,64.63301906585693,64.33166732788087,64.06947530110678,63.79432678222656,63.519755808512365,63.26003977457682,62.15247974395752,61.90794982910156,61.68718503316244,61.470092964172366,61.246302159627284,6620800.0,6557920.0,7340880.0,7538160.0,7420320.0,6766520.0,7209640.0,7800320.0,8106640.0,8667320.0,7963720.0,7861260.0,7950720.0,8158260.0,8120540.0,8079613.333333332,8024826.666666668,8109240.0,8198413.333333332,8260306.666666668,8812166.666666666,8801286.666666666,8864733.333333334,8926326.666666666,8970000.0,0
2020-08-04,69.0042446740427,70.61849976645989,68.67990972076862,70.57392883300781,9142400,69.67618713378906,69.48282470703126,67.3862808227539,64.93734130859374,62.610173479715975,7082800.0,7310480.0,8238360.0,7950386.666666668,8774933.333333334,68.72695159912111,69.49694061279297,69.90296936035156,69.68014526367189,69.33353424072266,69.42810821533203,69.43008880615234,69.40780487060547,69.33996887207032,69.28946228027344,69.26693115234374,69.18621826171875,69.0545036315918,68.70887680053711,68.15329742431639,66.91178550720215,66.53261013031006,66.10800266265869,65.66136074066162,65.15047054290771,64.62365188598633,64.33166732788087,64.06947530110678,63.79432678222656,63.519755808512365,62.376707585652674,62.15247974395752,61.90794982910156,61.68718503316244,61.470092964172366,6563840.0,6620800.0,6557920.0,7340880.0,7538160.0,6992080.0,6766520.0,7209640.0,7800320.0,8106640.0,8082100.0,7963720.0,7861260.0,7950720.0,8158260.0,7885333.333333332,8079613.333333332,8024826.666666668,8109240.0,8198413.333333332,8811040.0,8812166.666666666,8801286.666666666,8864733.333333334,8926326.666666666,0
2020-08-05,70.61602072581894,70.80913624972752,69.80889318851271,70.25949859619139,6670800,69.79205780029297,69.56601333618164,67.76397075653077,65.27215792338053,62.84804267883301,7340640.0,7340760.0,8090220.0,7862546.666666668,8755206.666666666,70.57392883300781,68.72695159912111,69.49694061279297,69.90296936035156,69.68014526367189,69.67618713378906,69.42810821533203,69.43008880615234,69.40780487060547,69.33996887207032,69.48282470703126,69.26693115234374,69.18621826171875,69.0545036315918,68.70887680053711,67.3862808227539,66.91178550720215,66.53261013031006,66.10800266265869,65.66136074066162,64.93734130859374,64.62365188598633,64.33166732788087,64.06947530110678,63.79432678222656,62.610173479715975,62.376707585652674,62.15247974395752,61.90794982910156,61.68718503316244,7082800.0,6563840.0,6620800.0,6557920.0,7340880.0,7310480.0,6992080.0,6766520.0,7209640.0,7800320.0,8238360.0,8082100.0,7963720.0,7861260.0,7950720.0,7950386.666666668,7885333.333333332,8079613.333333332,8024826.666666668,8109240.0,8774933.333333334,8811040.0,8812166.666666666,8801286.666666666,8864733.333333334,0
2020-08-06,70.07380938299548,70.50460380244833,69.59844403116661,70.01934051513672,4588000,69.81533203125,69.61156845092772,68.14549808502197,65.6116786956787,63.079652277628576,7411200.0,6984560.0,7978680.0,7785440.0,8672253.333333334,70.25949859619139,70.57392883300781,68.72695159912111,69.49694061279297,69.90296936035156,69.79205780029297,69.67618713378906,69.42810821533203,69.43008880615234,69.40780487060547,69.56601333618164,69.48282470703126,69.26693115234374,69.18621826171875,69.0545036315918,67.76397075653077,67.3862808227539,66.91178550720215,66.53261013031006,66.10800266265869,65.27215792338053,64.93734130859374,64.62365188598633,64.33166732788087,64.06947530110678,62.84804267883301,62.610173479715975,62.376707585652674,62.15247974395752,61.90794982910156,7340640.0,7082800.0,6563840.0,6620800.0,6557920.0,7340760.0,7310480.0,6992080.0,6766520.0,7209640.0,8090220.0,8238360.0,8082100.0,7963720.0,7861260.0,7862546.666666668,7950386.666666668,7885333.333333332,8079613.333333332,8024826.666666668,8755206.666666666,8774933.333333334,8811040.0,8812166.666666666,8801286.666666666,1
2020-08-07,70.02676471889058,71.65339589924469,69.94258693686889,71.24983215332031,4368800,70.16591033935546,69.79799957275391,68.49434413909913,66.01293029785157,63.32278270721436,6678880.0,6649840.0,7693160.0,7670240.0,8510453.333333334,70.01934051513672,70.25949859619139,70.57392883300781,68.72695159912111,69.49694061279297,69.81533203125,69.79205780029297,69.67618713378906,69.42810821533203,69.43008880615234,69.61156845092772,69.56601333618164,69.48282470703126,69.26693115234374,69.18621826171875,68.14549808502197,67.76397075653077,67.3862808227539,66.91178550720215,66.53261013031006,65.6116786956787,65.27215792338053,64.93734130859374,64.62365188598633,64.33166732788087,63.079652277628576,62.84804267883301,62.610173479715975,62.376707585652674,62.15247974395752,7411200.0,7340640.0,7082800.0,6563840.0,6620800.0,6984560.0,7340760.0,7310480.0,6992080.0,6766520.0,7978680.0,8090220.0,8238360.0,8082100.0,7963720.0,7785440.0,7862546.666666668,7950386.666666668,7885333.333333332,8079613.333333332,8672253.333333334,8755206.666666666,8774933.333333334,8811040.0,8812166.666666666,1
2020-08-10,71.37610413051964,71.58159584460286,70.04904790422864,70.22483825683594,7240000,70.46548767089844,69.94679794311523,68.8335350036621,66.4042786916097,63.54017092386882,6402000.0,6482920.0,7575120.0,7574666.666666668,8437860.0,71.24983215332031,70.01934051513672,70.25949859619139,70.57392883300781,68.72695159912111,70.16591033935546,69.81533203125,69.79205780029297,69.67618713378906,69.42810821533203,69.79799957275391,69.61156845092772,69.56601333618164,69.48282470703126,69.26693115234374,68.49434413909913,68.14549808502197,67.76397075653077,67.3862808227539,66.91178550720215,66.01293029785157,65.6116786956787,65.27215792338053,64.93734130859374,64.62365188598633,63.32278270721436,63.079652277628576,62.84804267883301,62.610173479715975,62.376707585652674,6678880.0,7411200.0,7340640.0,7082800.0,6563840.0,6649840.0,6984560.0,7340760.0,7310480.0,6992080.0,7693160.0,7978680.0,8090220.0,8238360.0,8082100.0,7670240.0,7785440.0,7862546.666666668,7950386.666666668,7885333.333333332,8510453.333333334,8672253.333333334,8755206.666666666,8774933.333333334,8811040.0,0
2020-08-11,70.30902207083943,70.45756666933822,68.44223354104831,68.77647399902344,6825200,70.10599670410156,69.89109191894529,69.02219467163086,66.73067766825358,63.751394335428884,5938560.0,6510680.0,7308660.0,7609066.666666668,8214406.666666668,70.22483825683594,71.24983215332031,70.01934051513672,70.25949859619139,70.57392883300781,70.46548767089844,70.16591033935546,69.81533203125,69.79205780029297,69.67618713378906,69.94679794311523,69.79799957275391,69.61156845092772,69.56601333618164,69.48282470703126,68.8335350036621,68.49434413909913,68.14549808502197,67.76397075653077,67.3862808227539,66.4042786916097,66.01293029785157,65.6116786956787,65.27215792338053,64.93734130859374,63.54017092386882,63.32278270721436,63.079652277628576,62.84804267883301,62.610173479715975,6402000.0,6678880.0,7411200.0,7340640.0,7082800.0,6482920.0,6649840.0,6984560.0,7340760.0,7310480.0,7575120.0,7693160.0,7978680.0,8090220.0,8238360.0,7574666.666666668,7670240.0,7785440.0,7862546.666666668,7950386.666666668,8437860.0,8510453.333333334,8672253.333333334,8755206.666666666,8774933.333333334,0
2020-08-12,69.14042330765065,70.80171254839871,69.00177664540598,70.46004486083984,6124400,70.14610595703125,69.96908187866211,69.3389793395996,67.09726778666179,63.95948836008708,5829280.0,6584960.0,7192640.0,7495466.666666668,8164426.666666668,68.77647399902344,70.22483825683594,71.24983215332031,70.01934051513672,70.25949859619139,70.10599670410156,70.46548767089844,70.16591033935546,69.81533203125,69.79205780029297,69.89109191894529,69.94679794311523,69.79799957275391,69.61156845092772,69.56601333618164,69.02219467163086,68.8335350036621,68.49434413909913,68.14549808502197,67.76397075653077,66.73067766825358,66.4042786916097,66.01293029785157,65.6116786956787,65.27215792338053,63.751394335428884,63.54017092386882,63.32278270721436,63.079652277628576,62.84804267883301,5938560.0,6402000.0,6678880.0,7411200.0,7340640.0,6510680.0,6482920.0,6649840.0,6984560.0,7340760.0,7308660.0,7575120.0,7693160.0,7978680.0,8090220.0,7609066.666666668,7574666.666666668,7670240.0,7785440.0,7862546.666666668,8214406.666666668,8437860.0,8510453.333333334,8672253.333333334,8755206.666666666,0
2020-08-13,70.07381259427211,70.67544087432213,69.97478034517488,70.41300201416016,3680000,70.22483825683594,70.02008514404297,69.53729438781738,67.41203015645345,64.18711217244466,5647680.0,6529440.0,6869540.0,7417320.0,8116880.0,70.46004486083984,68.77647399902344,70.22483825683594,71.24983215332031,70.01934051513672,70.14610595703125,70.10599670410156,70.46548767089844,70.16591033935546,69.81533203125,69.96908187866211,69.89109191894529,69.94679794311523,69.79799957275391,69.61156845092772,69.3389793395996,69.02219467163086,68.8335350036621,68.49434413909913,68.14549808502197,67.09726778666179,66.73067766825358,66.4042786916097,66.01293029785157,65.6116786956787,63.95948836008708,63.751394335428884,63.54017092386882,63.32278270721436,63.079652277628576,5829280.0,5938560.0,6402000.0,6678880.0,7411200.0,6584960.0,6510680.0,6482920.0,6649840.0,6984560.0,7192640.0,7308660.0,7575120.0,7693160.0,7978680.0,7495466.666666668,7609066.666666668,7574666.666666668,7670240.0,7785440.0,8164426.666666668,8214406.666666668,8437860.0,8510453.333333334,8672253.333333334,0
2020-08-14,70.31644179978792,70.34862897792124,69.32857499109272,69.44741821289061,4912800,69.86435546875,70.01513290405272,69.60067558288574,67.69345105489096,64.38924522399903,5756480.0,6217680.0,6492100.0,7381706.666666668,8101306.666666668,70.41300201416016,70.46004486083984,68.77647399902344,70.22483825683594,71.24983215332031,70.22483825683594,70.14610595703125,70.10599670410156,70.46548767089844,70.16591033935546,70.02008514404297,69.96908187866211,69.89109191894529,69.94679794311523,69.79799957275391,69.53729438781738,69.3389793395996,69.02219467163086,68.8335350036621,68.49434413909913,67.41203015645345,67.09726778666179,66.73067766825358,66.4042786916097,66.01293029785157,64.18711217244466,63.95948836008708,63.751394335428884,63.54017092386882,63.32278270721436,5647680.0,5829280.0,5938560.0,6402000.0,6678880.0,6529440.0,6584960.0,6510680.0,6482920.0,6649840.0,6869540.0,7192640.0,7308660.0,7575120.0,7693160.0,7417320.0,7495466.666666668,7609066.666666668,7574666.666666668,7670240.0,8116880.0,8164426.666666668,8214406.666666668,8437860.0,8510453.333333334,0
2020-08-17,69.83365214024086,70.57888356876953,69.40532842732962,70.06390380859375,4801200,69.83216857910156,70.148828125,69.70787963867187,67.99079971313476,64.61761684417725,5268720.0,5835360.0,6413720.0,7333186.666666668,8042853.333333332,69.44741821289061,70.41300201416016,70.46004486083984,68.77647399902344,70.22483825683594,69.86435546875,70.22483825683594,70.14610595703125,70.10599670410156,70.46548767089844,70.01513290405272,70.02008514404297,69.96908187866211,69.89109191894529,69.94679794311523,69.60067558288574,69.53729438781738,69.3389793395996,69.02219467163086,68.8335350036621,67.69345105489096,67.41203015645345,67.09726778666179,66.73067766825358,66.4042786916097,64.38924522399903,64.18711217244466,63.95948836008708,63.751394335428884,63.54017092386882,5756480.0,5647680.0,5829280.0,5938560.0,6402000.0,6217680.0,6529440.0,6584960.0,6510680.0,6482920.0,6492100.0,6869540.0,7192640.0,7308660.0,7575120.0,7381706.666666668,7417320.0,7495466.666666668,7609066.666666668,7574666.666666668,8101306.666666668,8116880.0,8164426.666666668,8214406.666666668,8437860.0,1
2020-08-18,69.99705871592529,70.60364349086106,69.86831755377027,70.07875823974611,4764800,70.09262542724609,70.09931106567383,69.79106788635254,68.29062423706054,64.82592220306397,4856640.0,5397600.0,6354040.0,7291440.0,8022433.333333332,70.06390380859375,69.44741821289061,70.41300201416016,70.46004486083984,68.77647399902344,69.83216857910156,69.86435546875,70.22483825683594,70.14610595703125,70.10599670410156,70.148828125,70.01513290405272,70.02008514404297,69.96908187866211,69.89109191894529,69.70787963867187,69.60067558288574,69.53729438781738,69.3389793395996,69.02219467163086,67.99079971313476,67.69345105489096,67.41203015645345,67.09726778666179,66.73067766825358,64.61761684417725,64.38924522399903,64.18711217244466,63.95948836008708,63.751394335428884,5268720.0,5756480.0,5647680.0,5829280.0,5938560.0,5835360.0,6217680.0,6529440.0,6584960.0,6510680.0,6413720.0,6492100.0,6869540.0,7192640.0,7308660.0,7333186.666666668,7381706.666666668,7417320.0,7495466.666666668,7609066.666666668,8042853.333333332,8101306.666666668,8116880.0,8164426.666666668,8214406.666666668,1
2020-08-19,70.37090744129645,70.37833467008882,69.77422820939212,69.90296936035156,5481600,69.98121032714843,70.06365814208985,69.81483573913575,68.5305332183838,65.02940998077392,4728080.0,5278680.0,6309720.0,7153040.0,7986146.666666668,70.07875823974611,70.06390380859375,69.44741821289061,70.41300201416016,70.46004486083984,70.09262542724609,69.83216857910156,69.86435546875,70.22483825683594,70.14610595703125,70.09931106567383,70.148828125,70.01513290405272,70.02008514404297,69.96908187866211,69.79106788635254,69.70787963867187,69.60067558288574,69.53729438781738,69.3389793395996,68.29062423706054,67.99079971313476,67.69345105489096,67.41203015645345,67.09726778666179,64.82592220306397,64.61761684417725,64.38924522399903,64.18711217244466,63.95948836008708,4856640.0,5268720.0,5756480.0,5647680.0,5829280.0,5397600.0,5835360.0,6217680.0,6529440.0,6584960.0,6354040.0,6413720.0,6492100.0,6869540.0,7192640.0,7291440.0,7333186.666666668,7381706.666666668,7417320.0,7495466.666666668,8022433.333333332,8042853.333333332,8101306.666666668,8116880.0,8164426.666666668,1
2020-08-20,69.51673966930102,70.25454381791869,69.46227080523292,69.84602355957031,3631200,69.86781463623046,70.0463264465332,69.82894744873047,68.77910753885904,65.20396073659259,4718320.0,5183000.0,6083780.0,7046786.666666668,7840940.0,69.90296936035156,70.07875823974611,70.06390380859375,69.44741821289061,70.41300201416016,69.98121032714843,70.09262542724609,69.83216857910156,69.86435546875,70.22483825683594,70.06365814208985,70.09931106567383,70.148828125,70.01513290405272,70.02008514404297,69.81483573913575,69.79106788635254,69.70787963867187,69.60067558288574,69.53729438781738,68.5305332183838,68.29062423706054,67.99079971313476,67.69345105489096,67.41203015645345,65.02940998077392,64.82592220306397,64.61761684417725,64.38924522399903,64.18711217244466,4728080.0,4856640.0,5268720.0,5756480.0,5647680.0,5278680.0,5397600.0,5835360.0,6217680.0,6529440.0,6309720.0,6354040.0,6413720.0,6492100.0,6869540.0,7153040.0,7291440.0,7333186.666666668,7381706.666666668,7417320.0,7986146.666666668,8022433.333333332,8042853.333333332,8101306.666666668,8116880.0,1
2020-08-21,69.98220707382316,70.0762903542785,69.43504766804628,69.92031097412111,5685600,69.96239318847657,69.91337432861329,69.85568695068359,68.96735420227051,65.33776772816978,4872880.0,5314680.0,5982260.0,6900333.333333332,7728766.666666668,69.84602355957031,69.90296936035156,70.07875823974611,70.06390380859375,69.44741821289061,69.86781463623046,69.98121032714843,70.09262542724609,69.83216857910156,69.86435546875,70.0463264465332,70.06365814208985,70.09931106567383,70.148828125,70.01513290405272,69.82894744873047,69.81483573913575,69.79106788635254,69.70787963867187,69.60067558288574,68.77910753885904,68.5305332183838,68.29062423706054,67.99079971313476,67.69345105489096,65.20396073659259,65.02940998077392,64.82592220306397,64.61761684417725,64.38924522399903,4718320.0,4728080.0,4856640.0,5268720.0,5756480.0,5183000.0,5278680.0,5397600.0,5835360.0,6217680.0,6083780.0,6309720.0,6354040.0,6413720.0,6492100.0,7046786.666666668,7153040.0,7291440.0,7333186.666666668,7381706.666666668,7840940.0,7986146.666666668,8022433.333333332,8042853.333333332,8101306.666666668,1
2020-08-24,70.06638223689752,70.09609115473293,69.38800342740252,69.97477722167969,3548800,69.94456787109375,69.88836822509765,69.91758308410644,69.18514607747396,65.45524654388427,4622400.0,4945560.0,5714240.0,6698600.0,7532753.333333332,69.92031097412111,69.84602355957031,69.90296936035156,70.07875823974611,70.06390380859375,69.96239318847657,69.86781463623046,69.98121032714843,70.09262542724609,69.83216857910156,69.91337432861329,70.0463264465332,70.06365814208985,70.09931106567383,70.148828125,69.85568695068359,69.82894744873047,69.81483573913575,69.79106788635254,69.70787963867187,68.96735420227051,68.77910753885904,68.5305332183838,68.29062423706054,67.99079971313476,65.33776772816978,65.20396073659259,65.02940998077392,64.82592220306397,64.61761684417725,4872880.0,4718320.0,4728080.0,4856640.0,5268720.0,5314680.0,5183000.0,5278680.0,5397600.0,5835360.0,5982260.0,6083780.0,6309720.0,6354040.0,6413720.0,6900333.333333332,7046786.666666668,7153040.0,7291440.0,7333186.666666668,7728766.666666668,7840940.0,7986146.666666668,8022433.333333332,8042853.333333332,1
2020-08-25,70.21493484892359,70.22731104621204,69.1107105798636,69.64796447753906,4051600,69.85840911865235,69.97551727294922,69.93330459594726,69.33996887207032,65.56113014221191,4479760.0,4668200.0,5589440.0,6428506.666666668,7489353.333333332,69.97477722167969,69.92031097412111,69.84602355957031,69.90296936035156,70.07875823974611,69.94456787109375,69.96239318847657,69.86781463623046,69.98121032714843,70.09262542724609,69.88836822509765,69.91337432861329,70.0463264465332,70.06365814208985,70.09931106567383,69.91758308410644,69.85568695068359,69.82894744873047,69.81483573913575,69.79106788635254,69.18514607747396,68.96735420227051,68.77910753885904,68.5305332183838,68.29062423706054,65.45524654388427,65.33776772816978,65.20396073659259,65.02940998077392,64.82592220306397,4622400.0,4872880.0,4718320.0,4728080.0,4856640.0,4945560.0,5314680.0,5183000.0,5278680.0,5397600.0,5714240.0,5982260.0,6083780.0,6309720.0,6354040.0,6698600.0,6900333.333333332,7046786.666666668,7153040.0,7291440.0,7532753.333333332,7728766.666666668,7840940.0,7986146.666666668,8022433.333333332,0
2020-08-26,69.35582139452511,69.67272913441275,68.86807980873091,69.0760498046875,5238800,69.69302520751953,69.83711776733398,69.90309982299804,69.50502548217773,65.65356171925863,4431200.0,4579640.0,5582300.0,6321640.0,7399333.333333332,69.64796447753906,69.97477722167969,69.92031097412111,69.84602355957031,69.90296936035156,69.85840911865235,69.94456787109375,69.96239318847657,69.86781463623046,69.98121032714843,69.97551727294922,69.88836822509765,69.91337432861329,70.0463264465332,70.06365814208985,69.93330459594726,69.91758308410644,69.85568695068359,69.82894744873047,69.81483573913575,69.33996887207032,69.18514607747396,68.96735420227051,68.77910753885904,68.5305332183838,65.56113014221191,65.45524654388427,65.33776772816978,65.20396073659259,65.02940998077392,4479760.0,4622400.0,4872880.0,4718320.0,4728080.0,4668200.0,4945560.0,5314680.0,5183000.0,5278680.0,5589440.0,5714240.0,5982260.0,6083780.0,6309720.0,6428506.666666668,6698600.0,6900333.333333332,7046786.666666668,7153040.0,7489353.333333332,7532753.333333332,7728766.666666668,7840940.0,7986146.666666668,0
2020-08-27,69.17557986461435,69.792688490693,68.82721515383656,69.39455413818361,4555600,69.60273132324218,69.73527297973632,69.87767906188965,69.60328725179036,65.73900508880615,4616080.0,4667200.0,5598320.0,6135426.666666668,7353540.0,69.0760498046875,69.64796447753906,69.97477722167969,69.92031097412111,69.84602355957031,69.69302520751953,69.85840911865235,69.94456787109375,69.96239318847657,69.86781463623046,69.83711776733398,69.97551727294922,69.88836822509765,69.91337432861329,70.0463264465332,69.90309982299804,69.93330459594726,69.91758308410644,69.85568695068359,69.82894744873047,69.50502548217773,69.33996887207032,69.18514607747396,68.96735420227051,68.77910753885904,65.65356171925863,65.56113014221191,65.45524654388427,65.33776772816978,65.20396073659259,4431200.0,4479760.0,4622400.0,4872880.0,4718320.0,4579640.0,4668200.0,4945560.0,5314680.0,5183000.0,5582300.0,5589440.0,5714240.0,5982260.0,6083780.0,6321640.0,6428506.666666668,6698600.0,6900333.333333332,7046786.666666668,7399333.333333332,7489353.333333332,7532753.333333332,7728766.666666668,7840940.0,0
2020-08-28,69.56872872454134,69.6657772422425,68.98646039967663,69.56126403808594,4618400,69.53092193603516,69.74665756225586,69.88089523315429,69.64933624267579,65.8589589436849,4402640.0,4637760.0,5427720.0,5873986.666666668,7230306.666666668,69.39455413818361,69.0760498046875,69.64796447753906,69.97477722167969,69.92031097412111,69.60273132324218,69.69302520751953,69.85840911865235,69.94456787109375,69.96239318847657,69.73527297973632,69.83711776733398,69.97551727294922,69.88836822509765,69.91337432861329,69.87767906188965,69.90309982299804,69.93330459594726,69.91758308410644,69.85568695068359,69.60328725179036,69.50502548217773,69.33996887207032,69.18514607747396,68.96735420227051,65.73900508880615,65.65356171925863,65.56113014221191,65.45524654388427,65.33776772816978,4616080.0,4431200.0,4479760.0,4622400.0,4872880.0,4667200.0,4579640.0,4668200.0,4945560.0,5314680.0,5598320.0,5582300.0,5589440.0,5714240.0,5982260.0,6135426.666666668,6321640.0,6428506.666666668,6698600.0,6900333.333333332,7353540.0,7399333.333333332,7489353.333333332,7532753.333333332,7728766.666666668,0
2020-08-31,69.51398423606284,70.58147994769449,69.34477961613344,69.46671295166016,6013600,69.42930908203125,69.6869384765625,69.91788330078126,69.70089925130209,65.96706218719483,4895600.0,4759000.0,5297180.0,5862146.666666668,7124353.333333332,69.56126403808594,69.39455413818361,69.0760498046875,69.64796447753906,69.97477722167969,69.53092193603516,69.60273132324218,69.69302520751953,69.85840911865235,69.94456787109375,69.74665756225586,69.73527297973632,69.83711776733398,69.97551727294922,69.88836822509765,69.88089523315429,69.87767906188965,69.90309982299804,69.93330459594726,69.91758308410644,69.64933624267579,69.60328725179036,69.50502548217773,69.33996887207032,69.18514607747396,65.8589589436849,65.73900508880615,65.65356171925863,65.56113014221191,65.45524654388427,4402640.0,4616080.0,4431200.0,4479760.0,4622400.0,4637760.0,4667200.0,4579640.0,4668200.0,4945560.0,5427720.0,5598320.0,5582300.0,5589440.0,5714240.0,5873986.666666668,6135426.666666668,6321640.0,6428506.666666668,6698600.0,7230306.666666668,7353540.0,7399333.333333332,7489353.333333332,7532753.333333332,0
2020-09-01,69.42938161240542,69.55379811363504,68.19268128643196,68.95909118652344,5729600,69.29153442382811,69.57497177124023,69.83714141845704,69.71903584798177,66.04153397878011,5231200.0,4855480.0,5126540.0,5854520.0,7084026.666666668,69.46671295166016,69.56126403808594,69.39455413818361,69.0760498046875,69.64796447753906,69.42930908203125,69.53092193603516,69.60273132324218,69.69302520751953,69.85840911865235,69.6869384765625,69.74665756225586,69.73527297973632,69.83711776733398,69.97551727294922,69.91788330078126,69.88089523315429,69.87767906188965,69.90309982299804,69.93330459594726,69.70089925130209,69.64933624267579,69.60328725179036,69.50502548217773,69.33996887207032,65.96706218719483,65.8589589436849,65.73900508880615,65.65356171925863,65.56113014221191,4895600.0,4402640.0,4616080.0,4431200.0,4479760.0,4759000.0,4637760.0,4667200.0,4579640.0,4668200.0,5297180.0,5427720.0,5598320.0,5582300.0,5589440.0,5862146.666666668,5873986.666666668,6135426.666666668,6321640.0,6428506.666666668,7124353.333333332,7230306.666666668,7353540.0,7399333.333333332,7489353.333333332,0
2020-09-02,69.04120606531711,72.0869273260567,68.5958004369592,71.72860717773438,9754400,69.8220458984375,69.75753555297851,69.91059684753418,69.79573567708333,66.16963316599528,6134320.0,5282760.0,5280720.0,5967400.0,7113426.666666668,68.95909118652344,69.46671295166016,69.56126403808594,69.39455413818361,69.0760498046875,69.29153442382811,69.42930908203125,69.53092193603516,69.60273132324218,69.69302520751953,69.57497177124023,69.6869384765625,69.74665756225586,69.73527297973632,69.83711776733398,69.83714141845704,69.91788330078126,69.88089523315429,69.87767906188965,69.90309982299804,69.71903584798177,69.70089925130209,69.64933624267579,69.60328725179036,69.50502548217773,66.04153397878011,65.96706218719483,65.8589589436849,65.73900508880615,65.65356171925863,5231200.0,4895600.0,4402640.0,4616080.0,4431200.0,4855480.0,4759000.0,4637760.0,4667200.0,4579640.0,5126540.0,5297180.0,5427720.0,5598320.0,5582300.0,5854520.0,5862146.666666668,5873986.666666668,6135426.666666668,6321640.0,7084026.666666668,7124353.333333332,7230306.666666668,7353540.0,7399333.333333332,0
2020-09-03,71.80076172643625,72.4327996957045,69.16313790543643,69.82005310058594,7855200,69.90714569091797,69.75493850708008,69.90063247680663,69.80427780151368,66.27368075052897,6794240.0,5705160.0,5444080.0,5957573.333333332,7133106.666666668,71.72860717773438,68.95909118652344,69.46671295166016,69.56126403808594,69.39455413818361,69.8220458984375,69.29153442382811,69.42930908203125,69.53092193603516,69.60273132324218,69.75753555297851,69.57497177124023,69.6869384765625,69.74665756225586,69.73527297973632,69.91059684753418,69.83714141845704,69.91788330078126,69.88089523315429,69.87767906188965,69.79573567708333,69.71903584798177,69.70089925130209,69.64933624267579,69.60328725179036,66.16963316599528,66.04153397878011,65.96706218719483,65.8589589436849,65.73900508880615,6134320.0,5231200.0,4895600.0,4402640.0,4616080.0,5282760.0,4855480.0,4759000.0,4637760.0,4667200.0,5280720.0,5126540.0,5297180.0,5427720.0,5598320.0,5967400.0,5854520.0,5862146.666666668,5873986.666666668,6135426.666666668,7113426.666666668,7084026.666666668,7124353.333333332,7230306.666666668,7353540.0,0
2020-09-04,70.46452830397135,71.16623919829405,67.87915733920485,69.00637054443361,7247600,69.7961669921875,69.66354446411133,69.7884593963623,69.79163945515951,66.39907639821371,7320080.0,5861360.0,5588020.0,5941960.0,7091926.666666668,69.82005310058594,71.72860717773438,68.95909118652344,69.46671295166016,69.56126403808594,69.90714569091797,69.8220458984375,69.29153442382811,69.42930908203125,69.53092193603516,69.75493850708008,69.75753555297851,69.57497177124023,69.6869384765625,69.74665756225586,69.90063247680663,69.91059684753418,69.83714141845704,69.91788330078126,69.88089523315429,69.80427780151368,69.79573567708333,69.71903584798177,69.70089925130209,69.64933624267579,66.27368075052897,66.16963316599528,66.04153397878011,65.96706218719483,65.8589589436849,6794240.0,6134320.0,5231200.0,4895600.0,4402640.0,5705160.0,5282760.0,4855480.0,4759000.0,4637760.0,5444080.0,5280720.0,5126540.0,5297180.0,5427720.0,5957573.333333332,5967400.0,5854520.0,5862146.666666668,5873986.666666668,7133106.666666668,7113426.666666668,7084026.666666668,7124353.333333332,7230306.666666668,0
2020-09-08,69.11087803027397,69.87977112284497,68.50372487606201,69.15318298339844,7158000,69.73346099853515,69.58138504028321,69.73487663269043,69.80551706949869,66.53277842203778,7548960.0,6222280.0,5583920.0,5883586.666666668,7071946.666666668,69.00637054443361,69.82005310058594,71.72860717773438,68.95909118652344,69.46671295166016,69.7961669921875,69.90714569091797,69.8220458984375,69.29153442382811,69.42930908203125,69.66354446411133,69.75493850708008,69.75753555297851,69.57497177124023,69.6869384765625,69.7884593963623,69.90063247680663,69.91059684753418,69.83714141845704,69.91788330078126,69.79163945515951,69.80427780151368,69.79573567708333,69.71903584798177,69.70089925130209,66.39907639821371,66.27368075052897,66.16963316599528,66.04153397878011,65.96706218719483,7320080.0,6794240.0,6134320.0,5231200.0,4895600.0,5861360.0,5705160.0,5282760.0,4855480.0,4759000.0,5588020.0,5444080.0,5280720.0,5126540.0,5297180.0,5941960.0,5957573.333333332,5967400.0,5854520.0,5862146.666666668,7091926.666666668,7133106.666666668,7113426.666666668,7084026.666666668,7124353.333333332,0
2020-09-09,69.67324456645086,71.37028756018401,69.63343037258774,70.26297760009766,4781600,69.99423828125,69.64288635253907,69.80920181274413,69.8364985148112,66.67812716166178,7359360.0,6295280.0,5481740.0,5824720.0,7011566.666666668,69.15318298339844,69.00637054443361,69.82005310058594,71.72860717773438,68.95909118652344,69.73346099853515,69.7961669921875,69.90714569091797,69.8220458984375,69.29153442382811,69.58138504028321,69.66354446411133,69.75493850708008,69.75753555297851,69.57497177124023,69.73487663269043,69.7884593963623,69.90063247680663,69.91059684753418,69.83714141845704,69.80551706949869,69.79163945515951,69.80427780151368,69.79573567708333,69.71903584798177,66.53277842203778,66.39907639821371,66.27368075052897,66.16963316599528,66.04153397878011,7548960.0,7320080.0,6794240.0,6134320.0,5231200.0,6222280.0,5861360.0,5705160.0,5282760.0,4855480.0,5583920.0,5588020.0,5444080.0,5280720.0,5126540.0,5883586.666666668,5941960.0,5957573.333333332,5967400.0,5854520.0,7071946.666666668,7091926.666666668,7133106.666666668,7113426.666666668,7084026.666666668,0
2020-09-10,69.93700576205414,70.16841864076244,68.78490770121185,68.90435028076172,4362800,69.42938690185547,69.62571640014649,69.73141708374024,69.81063868204753,66.80248273213705,6281040.0,6207680.0,5393660.0,5790760.0,6950000.0,70.26297760009766,69.15318298339844,69.00637054443361,69.82005310058594,71.72860717773438,69.99423828125,69.73346099853515,69.7961669921875,69.90714569091797,69.8220458984375,69.64288635253907,69.58138504028321,69.66354446411133,69.75493850708008,69.75753555297851,69.80920181274413,69.73487663269043,69.7884593963623,69.90063247680663,69.91059684753418,69.8364985148112,69.80551706949869,69.79163945515951,69.80427780151368,69.79573567708333,66.67812716166178,66.53277842203778,66.39907639821371,66.27368075052897,66.16963316599528,7359360.0,7548960.0,7320080.0,6794240.0,6134320.0,6295280.0,6222280.0,5861360.0,5705160.0,5282760.0,5481740.0,5583920.0,5588020.0,5444080.0,5280720.0,5824720.0,5883586.666666668,5941960.0,5957573.333333332,5967400.0,7011566.666666668,7071946.666666668,7091926.666666668,7133106.666666668,7113426.666666668,0
2020-09-11,69.21787977447332,69.47168670373085,68.54105370267257,69.21289825439453,3932800,69.30795593261719,69.60755081176758,69.67141189575196,69.78763631184897,66.92855580647786,5496560.0,6145400.0,5406300.0,5780680.0,6902753.333333332,68.90435028076172,70.26297760009766,69.15318298339844,69.00637054443361,69.82005310058594,69.42938690185547,69.99423828125,69.73346099853515,69.7961669921875,69.90714569091797,69.62571640014649,69.64288635253907,69.58138504028321,69.66354446411133,69.75493850708008,69.73141708374024,69.80920181274413,69.73487663269043,69.7884593963623,69.90063247680663,69.81063868204753,69.8364985148112,69.80551706949869,69.79163945515951,69.80427780151368,66.80248273213705,66.67812716166178,66.53277842203778,66.39907639821371,66.27368075052897,6281040.0,7359360.0,7548960.0,7320080.0,6794240.0,6207680.0,6295280.0,6222280.0,5861360.0,5705160.0,5393660.0,5481740.0,5583920.0,5588020.0,5444080.0,5790760.0,5824720.0,5883586.666666668,5941960.0,5957573.333333332,6950000.0,7011566.666666668,7071946.666666668,7091926.666666668,7133106.666666668,0
2020-09-14,69.56126796754222,70.6660871880386,69.28257619908929,70.15100860595703,3916400,69.53688354492188,69.66652526855471,69.70659141540527,69.80943857828775,67.07055295308432,4830320.0,6075200.0,5356480.0,5643546.666666668,6861580.0,69.21289825439453,68.90435028076172,70.26297760009766,69.15318298339844,69.00637054443361,69.30795593261719,69.42938690185547,69.99423828125,69.73346099853515,69.7961669921875,69.60755081176758,69.62571640014649,69.64288635253907,69.58138504028321,69.66354446411133,69.67141189575196,69.73141708374024,69.80920181274413,69.73487663269043,69.7884593963623,69.78763631184897,69.81063868204753,69.8364985148112,69.80551706949869,69.79163945515951,66.92855580647786,66.80248273213705,66.67812716166178,66.53277842203778,66.39907639821371,5496560.0,6281040.0,7359360.0,7548960.0,7320080.0,6145400.0,6207680.0,6295280.0,6222280.0,5861360.0,5406300.0,5393660.0,5481740.0,5583920.0,5588020.0,5780680.0,5790760.0,5824720.0,5883586.666666668,5941960.0,6902753.333333332,6950000.0,7011566.666666668,7071946.666666668,7091926.666666668,1
2020-09-15,73.56747933009687,74.4757183156475,72.44773076314324,73.57992553710938,10827600,70.42223205566407,70.07784652709961,69.88239250183105,69.9712043762207,67.29742813110353,5564240.0,6556600.0,5657800.0,5716986.666666668,6801160.0,70.15100860595703,69.21289825439453,68.90435028076172,70.26297760009766,69.15318298339844,69.53688354492188,69.30795593261719,69.42938690185547,69.99423828125,69.73346099853515,69.66652526855471,69.60755081176758,69.62571640014649,69.64288635253907,69.58138504028321,69.70659141540527,69.67141189575196,69.73141708374024,69.80920181274413,69.73487663269043,69.80943857828775,69.78763631184897,69.81063868204753,69.8364985148112,69.80551706949869,67.07055295308432,66.92855580647786,66.80248273213705,66.67812716166178,66.53277842203778,4830320.0,5496560.0,6281040.0,7359360.0,7548960.0,6075200.0,6145400.0,6207680.0,6295280.0,6222280.0,5356480.0,5406300.0,5393660.0,5481740.0,5583920.0,5643546.666666668,5780680.0,5790760.0,5824720.0,5883586.666666668,6861580.0,6902753.333333332,6950000.0,7011566.666666668,7071946.666666668,0
2020-09-16,70.86017551213179,71.40263726042559,69.45676124512086,69.76033782958984,19501600,70.3217041015625,70.15797119140625,69.86647148132325,69.94408467610678,67.44071299235026,8508240.0,7933800.0,6394640.0,6062293.333333332,7006340.0,73.57992553710938,70.15100860595703,69.21289825439453,68.90435028076172,70.26297760009766,70.42223205566407,69.53688354492188,69.30795593261719,69.42938690185547,69.99423828125,70.07784652709961,69.66652526855471,69.60755081176758,69.62571640014649,69.64288635253907,69.88239250183105,69.70659141540527,69.67141189575196,69.73141708374024,69.80920181274413,69.9712043762207,69.80943857828775,69.78763631184897,69.81063868204753,69.8364985148112,67.29742813110353,67.07055295308432,66.92855580647786,66.80248273213705,66.67812716166178,5564240.0,4830320.0,5496560.0,6281040.0,7359360.0,6556600.0,6075200.0,6145400.0,6207680.0,6295280.0,5657800.0,5356480.0,5406300.0,5393660.0,5481740.0,5716986.666666668,5643546.666666668,5780680.0,5790760.0,5824720.0,6801160.0,6861580.0,6902753.333333332,6950000.0,7011566.666666668,0
2020-09-17,69.17557903645809,69.74042725382192,68.6306341192799,69.55380249023439,9385600,70.45159454345703,69.94049072265625,69.84901313781738,69.92056147257486,67.5963596979777,9512800.0,7896920.0,6589840.0,6152786.666666668,7007666.666666668,69.76033782958984,73.57992553710938,70.15100860595703,69.21289825439453,68.90435028076172,70.3217041015625,70.42223205566407,69.53688354492188,69.30795593261719,69.42938690185547,70.15797119140625,70.07784652709961,69.66652526855471,69.60755081176758,69.62571640014649,69.86647148132325,69.88239250183105,69.70659141540527,69.67141189575196,69.73141708374024,69.94408467610678,69.9712043762207,69.80943857828775,69.78763631184897,69.81063868204753,67.44071299235026,67.29742813110353,67.07055295308432,66.92855580647786,66.80248273213705,8508240.0,5564240.0,4830320.0,5496560.0,6281040.0,7933800.0,6556600.0,6075200.0,6145400.0,6207680.0,6394640.0,5657800.0,5356480.0,5406300.0,5393660.0,6062293.333333332,5716986.666666668,5643546.666666668,5780680.0,5790760.0,7006340.0,6801160.0,6861580.0,6902753.333333332,6950000.0,1
2020-09-18,69.4169497599792,70.16842276682735,68.63810117142867,68.90684509277344,14386000,70.39038391113282,69.849169921875,69.80205421447754,69.88347829182943,67.74757849375406,11603440.0,8550000.0,7127580.0,6479386.666666668,7132413.333333332,69.55380249023439,69.76033782958984,73.57992553710938,70.15100860595703,69.21289825439453,70.45159454345703,70.3217041015625,70.42223205566407,69.53688354492188,69.30795593261719,69.94049072265625,70.15797119140625,70.07784652709961,69.66652526855471,69.60755081176758,69.84901313781738,69.86647148132325,69.88239250183105,69.70659141540527,69.67141189575196,69.92056147257486,69.94408467610678,69.9712043762207,69.80943857828775,69.78763631184897,67.5963596979777,67.44071299235026,67.29742813110353,67.07055295308432,66.92855580647786,9512800.0,8508240.0,5564240.0,4830320.0,5496560.0,7896920.0,7933800.0,6556600.0,6075200.0,6145400.0,6589840.0,6394640.0,5657800.0,5356480.0,5406300.0,6152786.666666668,6062293.333333332,5716986.666666668,5643546.666666668,5780680.0,7007666.666666668,7006340.0,6801160.0,6861580.0,6902753.333333332,1
2020-09-21,68.42908135574943,68.8496097723109,67.5755859089834,68.72768402099611,7558800,70.10571899414063,69.82130126953125,69.74242286682129,69.79940668741861,67.9061684926351,12331920.0,8581120.0,7221240.0,6585720.0,7127980.0,68.90684509277344,69.55380249023439,69.76033782958984,73.57992553710938,70.15100860595703,70.39038391113282,70.45159454345703,70.3217041015625,70.42223205566407,69.53688354492188,69.849169921875,69.94049072265625,70.15797119140625,70.07784652709961,69.66652526855471,69.80205421447754,69.84901313781738,69.86647148132325,69.88239250183105,69.70659141540527,69.88347829182943,69.92056147257486,69.94408467610678,69.9712043762207,69.80943857828775,67.74757849375406,67.5963596979777,67.44071299235026,67.29742813110353,67.07055295308432,11603440.0,9512800.0,8508240.0,5564240.0,4830320.0,8550000.0,7896920.0,7933800.0,6556600.0,6075200.0,7127580.0,6589840.0,6394640.0,5657800.0,5356480.0,6479386.666666668,6152786.666666668,6062293.333333332,5716986.666666668,5643546.666666668,7132413.333333332,7007666.666666668,7006340.0,6801160.0,6861580.0,1
2020-09-22,69.04120465705954,69.66080401419336,68.42161289370652,69.19050598144531,7192800,69.22783508300782,69.82503356933594,69.70320930480958,69.7649289449056,68.08460381825765,11604960.0,8584600.0,7403440.0,6584146.666666668,7079406.666666668,68.72768402099611,68.90684509277344,69.55380249023439,69.76033782958984,73.57992553710938,70.10571899414063,70.39038391113282,70.45159454345703,70.3217041015625,70.42223205566407,69.82130126953125,69.849169921875,69.94049072265625,70.15797119140625,70.07784652709961,69.74242286682129,69.80205421447754,69.84901313781738,69.86647148132325,69.88239250183105,69.79940668741861,69.88347829182943,69.92056147257486,69.94408467610678,69.9712043762207,67.9061684926351,67.74757849375406,67.5963596979777,67.44071299235026,67.29742813110353,12331920.0,11603440.0,9512800.0,8508240.0,5564240.0,8581120.0,8550000.0,7896920.0,7933800.0,6556600.0,7221240.0,7127580.0,6589840.0,6394640.0,5657800.0,6585720.0,6479386.666666668,6152786.666666668,6062293.333333332,5716986.666666668,7127980.0,7132413.333333332,7007666.666666668,7006340.0,6801160.0,1
2020-09-23,69.33981073608054,69.33981073608054,67.96127366964546,68.00855255126953,5855200,68.87747802734376,69.59959106445312,69.62123870849611,69.7393315633138,68.2350046157837,8875680.0,8691960.0,7493620.0,6551813.333333332,7080440.0,69.19050598144531,68.72768402099611,68.90684509277344,69.55380249023439,69.76033782958984,69.22783508300782,70.10571899414063,70.39038391113282,70.45159454345703,70.3217041015625,69.82503356933594,69.82130126953125,69.849169921875,69.94049072265625,70.15797119140625,69.70320930480958,69.74242286682129,69.80205421447754,69.84901313781738,69.86647148132325,69.7649289449056,69.79940668741861,69.88347829182943,69.92056147257486,69.94408467610678,68.08460381825765,67.9061684926351,67.74757849375406,67.5963596979777,67.44071299235026,11604960.0,12331920.0,11603440.0,9512800.0,8508240.0,8584600.0,8581120.0,8550000.0,7896920.0,7933800.0,7403440.0,7221240.0,7127580.0,6589840.0,6394640.0,6584146.666666668,6585720.0,6479386.666666668,6152786.666666668,6062293.333333332,7079406.666666668,7127980.0,7132413.333333332,7007666.666666668,7006340.0,0
2020-09-24,67.85925133033464,69.61352869240065,67.82192789577604,69.06111907958984,7478400,68.77894134521485,69.61526794433594,69.62049217224121,69.6927007039388,68.3949842453003,8494240.0,9003520.0,7605600.0,6596946.666666668,7046206.666666668,68.00855255126953,69.19050598144531,68.72768402099611,68.90684509277344,69.55380249023439,68.87747802734376,69.22783508300782,70.10571899414063,70.39038391113282,70.45159454345703,69.59959106445312,69.82503356933594,69.82130126953125,69.849169921875,69.94049072265625,69.62123870849611,69.70320930480958,69.74242286682129,69.80205421447754,69.84901313781738,69.7393315633138,69.7649289449056,69.79940668741861,69.88347829182943,69.92056147257486,68.2350046157837,68.08460381825765,67.9061684926351,67.74757849375406,67.5963596979777,8875680.0,11604960.0,12331920.0,11603440.0,9512800.0,8691960.0,8584600.0,8581120.0,8550000.0,7896920.0,7493620.0,7403440.0,7221240.0,7127580.0,6589840.0,6551813.333333332,6584146.666666668,6585720.0,6479386.666666668,6152786.666666668,7080440.0,7079406.666666668,7127980.0,7132413.333333332,7007666.666666668,0
2020-09-25,68.52861023684592,70.20325914749594,68.26235709052406,70.12612152099611,5456800,69.02279663085939,69.70659027099609,69.65707054138184,69.68313802083334,68.54758408864339,6708400.0,9155920.0,7650660.0,6656173.333333332,7036746.666666668,69.06111907958984,68.00855255126953,69.19050598144531,68.72768402099611,68.90684509277344,68.77894134521485,68.87747802734376,69.22783508300782,70.10571899414063,70.39038391113282,69.61526794433594,69.59959106445312,69.82503356933594,69.82130126953125,69.849169921875,69.62049217224121,69.62123870849611,69.70320930480958,69.74242286682129,69.80205421447754,69.6927007039388,69.7393315633138,69.7649289449056,69.79940668741861,69.88347829182943,68.3949842453003,68.2350046157837,68.08460381825765,67.9061684926351,67.74757849375406,8494240.0,8875680.0,11604960.0,12331920.0,11603440.0,9003520.0,8691960.0,8584600.0,8581120.0,8550000.0,7605600.0,7493620.0,7403440.0,7221240.0,7127580.0,6596946.666666668,6551813.333333332,6584146.666666668,6585720.0,6479386.666666668,7046206.666666668,7080440.0,7079406.666666668,7127980.0,7132413.333333332,0
2020-09-28,70.53420269937209,71.17370535586619,70.33016540299218,70.70341491699219,6918400,69.41794281005859,69.7618309020996,69.71417808532715,69.72500457763672,68.70922781626383,6580320.0,9456120.0,7765660.0,6723026.666666668,7052366.666666668,70.12612152099611,69.06111907958984,68.00855255126953,69.19050598144531,68.72768402099611,69.02279663085939,68.77894134521485,68.87747802734376,69.22783508300782,70.10571899414063,69.70659027099609,69.61526794433594,69.59959106445312,69.82503356933594,69.82130126953125,69.65707054138184,69.62049217224121,69.62123870849611,69.70320930480958,69.74242286682129,69.68313802083334,69.6927007039388,69.7393315633138,69.7649289449056,69.79940668741861,68.54758408864339,68.3949842453003,68.2350046157837,68.08460381825765,67.9061684926351,6708400.0,8494240.0,8875680.0,11604960.0,12331920.0,9155920.0,9003520.0,8691960.0,8584600.0,8581120.0,7650660.0,7605600.0,7493620.0,7403440.0,7221240.0,6656173.333333332,6596946.666666668,6551813.333333332,6584146.666666668,6585720.0,7036746.666666668,7046206.666666668,7080440.0,7079406.666666668,7127980.0,1
2020-09-29,70.69345930205375,71.14882036678611,70.22067810420215,70.44960021972656,7094000,69.66976165771484,69.44879837036133,69.76332244873046,69.73786112467447,68.86433041890463,6560560.0,9082760.0,7819680.0,6799453.333333332,7066320.0,70.70341491699219,70.12612152099611,69.06111907958984,68.00855255126953,69.19050598144531,69.41794281005859,69.02279663085939,68.77894134521485,68.87747802734376,69.22783508300782,69.7618309020996,69.70659027099609,69.61526794433594,69.59959106445312,69.82503356933594,69.71417808532715,69.65707054138184,69.62049217224121,69.62123870849611,69.70320930480958,69.72500457763672,69.68313802083334,69.6927007039388,69.7393315633138,69.7649289449056,68.70922781626383,68.54758408864339,68.3949842453003,68.2350046157837,68.08460381825765,6580320.0,6708400.0,8494240.0,8875680.0,11604960.0,9456120.0,9155920.0,9003520.0,8691960.0,8584600.0,7765660.0,7650660.0,7605600.0,7493620.0,7403440.0,6723026.666666668,6656173.333333332,6596946.666666668,6551813.333333332,6584146.666666668,7052366.666666668,7036746.666666668,7046206.666666668,7080440.0,7079406.666666668,1
2020-09-30,69.86982684506846,70.45209520922344,66.47325759060716,69.06609344482422,23238400,69.88126983642579,69.37937393188477,69.7686725616455,69.70410563151042,68.99736493428549,10037200.0,9456440.0,8695120.0,7415240.0,7353340.0,70.44960021972656,70.70341491699219,70.12612152099611,69.06111907958984,68.00855255126953,69.66976165771484,69.41794281005859,69.02279663085939,68.77894134521485,68.87747802734376,69.44879837036133,69.7618309020996,69.70659027099609,69.61526794433594,69.59959106445312,69.76332244873046,69.71417808532715,69.65707054138184,69.62049217224121,69.62123870849611,69.73786112467447,69.72500457763672,69.68313802083334,69.6927007039388,69.7393315633138,68.86433041890463,68.70922781626383,68.54758408864339,68.3949842453003,68.2350046157837,6560560.0,6580320.0,6708400.0,8494240.0,8875680.0,9082760.0,9456120.0,9155920.0,9003520.0,8691960.0,7819680.0,7765660.0,7650660.0,7605600.0,7493620.0,6799453.333333332,6723026.666666668,6656173.333333332,6596946.666666668,6551813.333333332,7066320.0,7052366.666666668,7036746.666666668,7046206.666666668,7080440.0,1
2020-10-01,69.44431226138201,70.67852944378559,69.33483272456597,70.36002349853516,10018400,70.14105072021485,69.45999603271484,69.70024337768555,69.71934076944986,69.12493699391683,10545200.0,9519720.0,8708320.0,7566466.666666668,7359753.333333332,69.06609344482422,70.44960021972656,70.70341491699219,70.12612152099611,69.06111907958984,69.88126983642579,69.66976165771484,69.41794281005859,69.02279663085939,68.77894134521485,69.37937393188477,69.44879837036133,69.7618309020996,69.70659027099609,69.61526794433594,69.7686725616455,69.76332244873046,69.71417808532715,69.65707054138184,69.62049217224121,69.70410563151042,69.73786112467447,69.72500457763672,69.68313802083334,69.6927007039388,68.99736493428549,68.86433041890463,68.70922781626383,68.54758408864339,68.3949842453003,10037200.0,6560560.0,6580320.0,6708400.0,8494240.0,9456440.0,9082760.0,9456120.0,9155920.0,9003520.0,8695120.0,7819680.0,7765660.0,7650660.0,7605600.0,7415240.0,6799453.333333332,6723026.666666668,6656173.333333332,6596946.666666668,7353340.0,7066320.0,7052366.666666668,7036746.666666668,7046206.666666668,1
2020-10-02,69.36718064271763,71.45240263719998,69.29999845876307,69.96438598632811,8306000,70.10870361328125,69.56575012207031,69.70746002197265,69.72328618367514,69.25119686126709,11115040.0,8911720.0,8730860.0,7722293.333333332,7384540.0,70.36002349853516,69.06609344482422,70.44960021972656,70.70341491699219,70.12612152099611,70.14105072021485,69.88126983642579,69.66976165771484,69.41794281005859,69.02279663085939,69.45999603271484,69.37937393188477,69.44879837036133,69.7618309020996,69.70659027099609,69.70024337768555,69.7686725616455,69.76332244873046,69.71417808532715,69.65707054138184,69.71934076944986,69.70410563151042,69.73786112467447,69.72500457763672,69.68313802083334,69.12493699391683,68.99736493428549,68.86433041890463,68.70922781626383,68.54758408864339,10545200.0,10037200.0,6560560.0,6580320.0,6708400.0,9519720.0,9456440.0,9082760.0,9456120.0,9155920.0,8708320.0,8695120.0,7819680.0,7765660.0,7650660.0,7566466.666666668,7415240.0,6799453.333333332,6723026.666666668,6656173.333333332,7359753.333333332,7353340.0,7066320.0,7052366.666666668,7036746.666666668,1
2020-10-05,70.62876539783225,71.90777080027648,70.40232643224766,71.64151763916016,6599200,70.29632415771485,69.85713348388671,69.83921737670899,69.78065973917643,69.37400697072347,11051200.0,8815760.0,8698440.0,7752746.666666668,7326540.0,69.96438598632811,70.36002349853516,69.06609344482422,70.44960021972656,70.70341491699219,70.10870361328125,70.14105072021485,69.88126983642579,69.66976165771484,69.41794281005859,69.56575012207031,69.45999603271484,69.37937393188477,69.44879837036133,69.7618309020996,69.70746002197265,69.70024337768555,69.7686725616455,69.76332244873046,69.71417808532715,69.72328618367514,69.71934076944986,69.70410563151042,69.73786112467447,69.72500457763672,69.25119686126709,69.12493699391683,68.99736493428549,68.86433041890463,68.70922781626383,11115040.0,10545200.0,10037200.0,6560560.0,6580320.0,8911720.0,9519720.0,9456440.0,9082760.0,9456120.0,8730860.0,8708320.0,8695120.0,7819680.0,7765660.0,7722293.333333332,7566466.666666668,7415240.0,6799453.333333332,6723026.666666668,7384540.0,7359753.333333332,7353340.0,7066320.0,7052366.666666668,1
2020-10-06,71.82316475434166,72.7836565426763,70.98210795262132,72.23124694824219,7288400,70.65265350341797,70.16120758056641,69.99312057495118,69.85587539672852,69.52051073710123,11090080.0,8825320.0,8704960.0,7877400.0,7288000.0,71.64151763916016,69.96438598632811,70.36002349853516,69.06609344482422,70.44960021972656,70.29632415771485,70.10870361328125,70.14105072021485,69.88126983642579,69.66976165771484,69.85713348388671,69.56575012207031,69.45999603271484,69.37937393188477,69.44879837036133,69.83921737670899,69.70746002197265,69.70024337768555,69.7686725616455,69.76332244873046,69.78065973917643,69.72328618367514,69.71934076944986,69.70410563151042,69.73786112467447,69.37400697072347,69.25119686126709,69.12493699391683,68.99736493428549,68.86433041890463,11051200.0,11115040.0,10545200.0,10037200.0,6560560.0,8815760.0,8911720.0,9519720.0,9456440.0,9082760.0,8698440.0,8730860.0,8708320.0,8695120.0,7819680.0,7752746.666666668,7722293.333333332,7566466.666666668,7415240.0,6799453.333333332,7326540.0,7384540.0,7359753.333333332,7353340.0,7066320.0,1
2020-10-07,72.89563624517167,74.09500563027595,72.03715928867501,73.93326568603516,10130400,71.62608795166015,70.75367889404295,70.17663497924805,69.99871877034505,69.66934382120768,8468480.0,9252840.0,8972400.0,8080026.666666668,7254266.666666668,72.23124694824219,71.64151763916016,69.96438598632811,70.36002349853516,69.06609344482422,70.65265350341797,70.29632415771485,70.10870361328125,70.14105072021485,69.88126983642579,70.16120758056641,69.85713348388671,69.56575012207031,69.45999603271484,69.37937393188477,69.99312057495118,69.83921737670899,69.70746002197265,69.70024337768555,69.7686725616455,69.85587539672852,69.78065973917643,69.72328618367514,69.71934076944986,69.70410563151042,69.52051073710123,69.37400697072347,69.25119686126709,69.12493699391683,68.99736493428549,11090080.0,11051200.0,11115040.0,10545200.0,10037200.0,8825320.0,8815760.0,8911720.0,9519720.0,9456440.0,8704960.0,8698440.0,8730860.0,8708320.0,8695120.0,7877400.0,7752746.666666668,7722293.333333332,7566466.666666668,7415240.0,7288000.0,7326540.0,7384540.0,7359753.333333332,7353340.0,0
2020-10-08,74.3189583879518,75.14259504299507,73.88598378707219,74.90869140625,5694400,72.53582153320312,71.33843612670898,70.47685203552246,70.19314015706381,69.84908281962076,7603680.0,9074440.0,9038980.0,8095213.333333332,7208426.666666668,73.93326568603516,72.23124694824219,71.64151763916016,69.96438598632811,70.36002349853516,71.62608795166015,70.65265350341797,70.29632415771485,70.10870361328125,70.14105072021485,70.75367889404295,70.16120758056641,69.85713348388671,69.56575012207031,69.45999603271484,70.17663497924805,69.99312057495118,69.83921737670899,69.70746002197265,69.70024337768555,69.99871877034505,69.85587539672852,69.78065973917643,69.72328618367514,69.71934076944986,69.66934382120768,69.52051073710123,69.37400697072347,69.25119686126709,69.12493699391683,8468480.0,11090080.0,11051200.0,11115040.0,10545200.0,9252840.0,8825320.0,8815760.0,8911720.0,9519720.0,8972400.0,8704960.0,8698440.0,8730860.0,8708320.0,8080026.666666668,7877400.0,7752746.666666668,7722293.333333332,7566466.666666668,7254266.666666668,7288000.0,7326540.0,7384540.0,7359753.333333332,0
2020-10-09,75.57556230986563,75.57556230986563,74.72455007204961,75.37400817871094,6472000,73.61774597167968,71.86322479248047,70.78490753173828,70.39245529174805,69.9978712717692,7236880.0,9175960.0,9165940.0,8159093.333333332,7147260.0,74.90869140625,73.93326568603516,72.23124694824219,71.64151763916016,69.96438598632811,72.53582153320312,71.62608795166015,70.65265350341797,70.29632415771485,70.10870361328125,71.33843612670898,70.75367889404295,70.16120758056641,69.85713348388671,69.56575012207031,70.47685203552246,70.17663497924805,69.99312057495118,69.83921737670899,69.70746002197265,70.19314015706381,69.99871877034505,69.85587539672852,69.78065973917643,69.72328618367514,69.84908281962076,69.66934382120768,69.52051073710123,69.37400697072347,69.25119686126709,7603680.0,8468480.0,11090080.0,11051200.0,11115040.0,9074440.0,9252840.0,8825320.0,8815760.0,8911720.0,9038980.0,8972400.0,8704960.0,8698440.0,8730860.0,8095213.333333332,8080026.666666668,7877400.0,7752746.666666668,7722293.333333332,7208426.666666668,7254266.666666668,7288000.0,7326540.0,7384540.0,1
2020-10-12,75.39640352449206,76.65549797254712,75.14757050955977,76.060791015625,5816400,74.50160064697266,72.39896240234377,71.0803966522217,70.60910619099936,70.12922121683756,7080320.0,9065760.0,9260940.0,8199026.666666668,7036506.666666668,75.37400817871094,74.90869140625,73.93326568603516,72.23124694824219,71.64151763916016,73.61774597167968,72.53582153320312,71.62608795166015,70.65265350341797,70.29632415771485,71.86322479248047,71.33843612670898,70.75367889404295,70.16120758056641,69.85713348388671,70.78490753173828,70.47685203552246,70.17663497924805,69.99312057495118,69.83921737670899,70.39245529174805,70.19314015706381,69.99871877034505,69.85587539672852,69.78065973917643,69.9978712717692,69.84908281962076,69.66934382120768,69.52051073710123,69.37400697072347,7236880.0,7603680.0,8468480.0,11090080.0,11051200.0,9175960.0,9074440.0,9252840.0,8825320.0,8815760.0,9165940.0,9038980.0,8972400.0,8704960.0,8698440.0,8159093.333333332,8095213.333333332,8080026.666666668,7877400.0,7752746.666666668,7147260.0,7208426.666666668,7254266.666666668,7288000.0,7326540.0,1
2020-10-13,75.39640022760382,75.72486161545916,74.40106821139783,75.01568603515625,8596800,75.05848846435545,72.85557098388672,71.15218467712403,70.79407196044922,70.24748560587564,7342000.0,9216040.0,9149400.0,8285133.333333332,7073640.0,76.060791015625,75.37400817871094,74.90869140625,73.93326568603516,72.23124694824219,74.50160064697266,73.61774597167968,72.53582153320312,71.62608795166015,70.65265350341797,72.39896240234377,71.86322479248047,71.33843612670898,70.75367889404295,70.16120758056641,71.0803966522217,70.78490753173828,70.47685203552246,70.17663497924805,69.99312057495118,70.60910619099936,70.39245529174805,70.19314015706381,69.99871877034505,69.85587539672852,70.12922121683756,69.9978712717692,69.84908281962076,69.66934382120768,69.52051073710123,7080320.0,7236880.0,7603680.0,8468480.0,11090080.0,9065760.0,9175960.0,9074440.0,9252840.0,8825320.0,9260940.0,9165940.0,9038980.0,8972400.0,8704960.0,8199026.666666668,8159093.333333332,8095213.333333332,8080026.666666668,7877400.0,7036506.666666668,7147260.0,7208426.666666668,7254266.666666668,7288000.0,1
2020-10-14,75.14756756723834,75.46607351012972,74.32393092756345,74.80915832519531,5503200,75.2336669921875,73.42987747192383,71.4046257019043,70.98907419840495,70.35405502319335,6416560.0,7442520.0,8449480.0,8277586.666666668,7066053.333333332,75.01568603515625,76.060791015625,75.37400817871094,74.90869140625,73.93326568603516,75.05848846435545,74.50160064697266,73.61774597167968,72.53582153320312,71.62608795166015,72.85557098388672,72.39896240234377,71.86322479248047,71.33843612670898,70.75367889404295,71.15218467712403,71.0803966522217,70.78490753173828,70.47685203552246,70.17663497924805,70.79407196044922,70.60910619099936,70.39245529174805,70.19314015706381,69.99871877034505,70.24748560587564,70.12922121683756,69.9978712717692,69.84908281962076,69.66934382120768,7342000.0,7080320.0,7236880.0,7603680.0,8468480.0,9216040.0,9065760.0,9175960.0,9074440.0,9252840.0,9149400.0,9260940.0,9165940.0,9038980.0,8972400.0,8285133.333333332,8199026.666666668,8159093.333333332,8095213.333333332,8080026.666666668,7073640.0,7036506.666666668,7147260.0,7208426.666666668,7254266.666666668,1
2020-10-15,74.1472657554964,74.62253773316905,73.56997132875233,74.2667007446289,5739200,75.1052688598633,73.8205451965332,71.64027061462403,71.07367731730143,70.43470649719238,6425520.0,7014600.0,8267160.0,8143746.666666668,7055573.333333332,74.80915832519531,75.01568603515625,76.060791015625,75.37400817871094,74.90869140625,75.2336669921875,75.05848846435545,74.50160064697266,73.61774597167968,72.53582153320312,73.42987747192383,72.85557098388672,72.39896240234377,71.86322479248047,71.33843612670898,71.4046257019043,71.15218467712403,71.0803966522217,70.78490753173828,70.47685203552246,70.98907419840495,70.79407196044922,70.60910619099936,70.39245529174805,70.19314015706381,70.35405502319335,70.24748560587564,70.12922121683756,69.9978712717692,69.84908281962076,6416560.0,7342000.0,7080320.0,7236880.0,7603680.0,7442520.0,9216040.0,9065760.0,9175960.0,9074440.0,8449480.0,9149400.0,9260940.0,9165940.0,9038980.0,8277586.666666668,8285133.333333332,8199026.666666668,8159093.333333332,8095213.333333332,7066053.333333332,7073640.0,7036506.666666668,7147260.0,7208426.666666668,1
2020-10-16,74.54041952746788,76.19267443999587,74.33140070006034,76.04337310791016,7449600,75.23914184570313,74.4284439086914,71.99709701538086,71.28112131754557,70.54269955952962,6621040.0,6928960.0,7920340.0,8130226.666666668,7043900.0,74.2667007446289,74.80915832519531,75.01568603515625,76.060791015625,75.37400817871094,75.1052688598633,75.2336669921875,75.05848846435545,74.50160064697266,73.61774597167968,73.8205451965332,73.42987747192383,72.85557098388672,72.39896240234377,71.86322479248047,71.64027061462403,71.4046257019043,71.15218467712403,71.0803966522217,70.78490753173828,71.07367731730143,70.98907419840495,70.79407196044922,70.60910619099936,70.39245529174805,70.43470649719238,70.35405502319335,70.24748560587564,70.12922121683756,69.9978712717692,6425520.0,6416560.0,7342000.0,7080320.0,7236880.0,7014600.0,7442520.0,9216040.0,9065760.0,9175960.0,8267160.0,8449480.0,9149400.0,9260940.0,9165940.0,8143746.666666668,8277586.666666668,8285133.333333332,8199026.666666668,8159093.333333332,7055573.333333332,7066053.333333332,7073640.0,7036506.666666668,7147260.0,0
2020-10-19,75.92641817993666,76.54850071004624,74.18707785576022,74.53792572021484,7710400,74.9345687866211,74.71808471679688,72.2876091003418,71.46550649007162,70.62857297261557,6999840.0,7040080.0,7927920.0,8145653.333333332,7043806.666666668,76.04337310791016,74.2667007446289,74.80915832519531,75.01568603515625,76.060791015625,75.23914184570313,75.1052688598633,75.2336669921875,75.05848846435545,74.50160064697266,74.4284439086914,73.8205451965332,73.42987747192383,72.85557098388672,72.39896240234377,71.99709701538086,71.64027061462403,71.4046257019043,71.15218467712403,71.0803966522217,71.28112131754557,71.07367731730143,70.98907419840495,70.79407196044922,70.60910619099936,70.54269955952962,70.43470649719238,70.35405502319335,70.24748560587564,70.12922121683756,6621040.0,6425520.0,6416560.0,7342000.0,7080320.0,6928960.0,7014600.0,7442520.0,9216040.0,9065760.0,7920340.0,8267160.0,8449480.0,9149400.0,9260940.0,8130226.666666668,8143746.666666668,8277586.666666668,8285133.333333332,8199026.666666668,7043900.0,7055573.333333332,7066053.333333332,7073640.0,7036506.666666668,0
2020-10-20,74.9534821918281,75.6701225006438,74.50558579570885,74.89624786376953,6003200,74.91068115234377,74.98458480834961,72.57289619445801,71.65694198608398,70.73122952779134,6481120.0,6911560.0,7868440.0,8107160.0,6995373.333333332,74.53792572021484,76.04337310791016,74.2667007446289,74.80915832519531,75.01568603515625,74.9345687866211,75.23914184570313,75.1052688598633,75.2336669921875,75.05848846435545,74.71808471679688,74.4284439086914,73.8205451965332,73.42987747192383,72.85557098388672,72.2876091003418,71.99709701538086,71.64027061462403,71.4046257019043,71.15218467712403,71.46550649007162,71.28112131754557,71.07367731730143,70.98907419840495,70.79407196044922,70.62857297261557,70.54269955952962,70.43470649719238,70.35405502319335,70.24748560587564,6999840.0,6621040.0,6425520.0,6416560.0,7342000.0,7040080.0,6928960.0,7014600.0,7442520.0,9216040.0,7927920.0,7920340.0,8267160.0,8449480.0,9149400.0,8145653.333333332,8130226.666666668,8143746.666666668,8277586.666666668,8285133.333333332,7043806.666666668,7043900.0,7055573.333333332,7066053.333333332,7073640.0,0
2020-10-21,74.37618552515376,75.26701195772188,73.51273467258228,74.0726089477539,7796000,74.76337127685547,74.99851913452149,72.87609901428223,71.78392969767252,70.81021410624186,6939680.0,6678120.0,7965480.0,8207640.0,7016180.0,74.89624786376953,74.53792572021484,76.04337310791016,74.2667007446289,74.80915832519531,74.91068115234377,74.9345687866211,75.23914184570313,75.1052688598633,75.2336669921875,74.98458480834961,74.71808471679688,74.4284439086914,73.8205451965332,73.42987747192383,72.57289619445801,72.2876091003418,71.99709701538086,71.64027061462403,71.4046257019043,71.65694198608398,71.46550649007162,71.28112131754557,71.07367731730143,70.98907419840495,70.73122952779134,70.62857297261557,70.54269955952962,70.43470649719238,70.35405502319335,6481120.0,6999840.0,6621040.0,6425520.0,6416560.0,6911560.0,7040080.0,6928960.0,7014600.0,7442520.0,7868440.0,7927920.0,7920340.0,8267160.0,8449480.0,8107160.0,8145653.333333332,8130226.666666668,8143746.666666668,8277586.666666668,6995373.333333332,7043806.666666668,7043900.0,7055573.333333332,7066053.333333332,0
2020-10-22,74.55534623076949,75.72237367066194,74.45581454420456,75.21475219726562,8463600,74.95298156738279,75.02912521362305,73.18378067016602,71.99427642822266,70.9024575551351,7484560.0,6955040.0,8014740.0,8344333.333333332,7067546.666666668,74.0726089477539,74.89624786376953,74.53792572021484,76.04337310791016,74.2667007446289,74.76337127685547,74.91068115234377,74.9345687866211,75.23914184570313,75.1052688598633,74.99851913452149,74.98458480834961,74.71808471679688,74.4284439086914,73.8205451965332,72.87609901428223,72.57289619445801,72.2876091003418,71.99709701538086,71.64027061462403,71.78392969767252,71.65694198608398,71.46550649007162,71.28112131754557,71.07367731730143,70.81021410624186,70.73122952779134,70.62857297261557,70.54269955952962,70.43470649719238,6939680.0,6481120.0,6999840.0,6621040.0,6425520.0,6678120.0,6911560.0,7040080.0,6928960.0,7014600.0,7965480.0,7868440.0,7927920.0,7920340.0,8267160.0,8207640.0,8107160.0,8145653.333333332,8130226.666666668,8143746.666666668,7016180.0,6995373.333333332,7043806.666666668,7043900.0,7055573.333333332,1
2020-10-23,75.42129067569697,76.03092702485388,75.05799658892656,75.41382598876953,5617200,74.82707214355469,75.03310699462891,73.44816589355469,72.20097401936849,70.99430516560872,7118080.0,6869560.0,8022760.0,8400480.0,7090580.0,75.21475219726562,74.0726089477539,74.89624786376953,74.53792572021484,76.04337310791016,74.95298156738279,74.76337127685547,74.91068115234377,74.9345687866211,75.23914184570313,75.02912521362305,74.99851913452149,74.98458480834961,74.71808471679688,74.4284439086914,73.18378067016602,72.87609901428223,72.57289619445801,72.2876091003418,71.99709701538086,71.99427642822266,71.78392969767252,71.65694198608398,71.46550649007162,71.28112131754557,70.9024575551351,70.81021410624186,70.73122952779134,70.62857297261557,70.54269955952962,7484560.0,6939680.0,6481120.0,6999840.0,6621040.0,6955040.0,6678120.0,6911560.0,7040080.0,6928960.0,8014740.0,7965480.0,7868440.0,7927920.0,7920340.0,8344333.333333332,8207640.0,8107160.0,8145653.333333332,8130226.666666668,7067546.666666668,7016180.0,6995373.333333332,7043806.666666668,7043900.0,1
2020-10-26,74.96841089553969,75.38396537429277,74.04772569712256,75.30931091308594,5707600,74.98134918212891,74.957958984375,73.67846069335937,72.37291742960612,71.09117800394694,6717520.0,6858680.0,7962220.0,8460186.666666666,7051866.666666668,75.41382598876953,75.21475219726562,74.0726089477539,74.89624786376953,74.53792572021484,74.82707214355469,74.95298156738279,74.76337127685547,74.91068115234377,74.9345687866211,75.03310699462891,75.02912521362305,74.99851913452149,74.98458480834961,74.71808471679688,73.44816589355469,73.18378067016602,72.87609901428223,72.57289619445801,72.2876091003418,72.20097401936849,71.99427642822266,71.78392969767252,71.65694198608398,71.46550649007162,70.99430516560872,70.9024575551351,70.81021410624186,70.73122952779134,70.62857297261557,7118080.0,7484560.0,6939680.0,6481120.0,6999840.0,6869560.0,6955040.0,6678120.0,6911560.0,7040080.0,8022760.0,8014740.0,7965480.0,7868440.0,7927920.0,8400480.0,8344333.333333332,8207640.0,8107160.0,8145653.333333332,7090580.0,7067546.666666668,7016180.0,6995373.333333332,7043806.666666668,1
2020-10-27,75.78458204910552,76.07322925626697,74.66980741390753,75.42626190185547,4834200,75.0873519897461,74.99901657104492,73.9272937774658,72.43446197509766,71.2028331756592,6483720.0,6482420.0,7849230.0,8260406.666666668,6988696.666666668,75.30931091308594,75.41382598876953,75.21475219726562,74.0726089477539,74.89624786376953,74.98134918212891,74.82707214355469,74.95298156738279,74.76337127685547,74.91068115234377,74.957958984375,75.03310699462891,75.02912521362305,74.99851913452149,74.98458480834961,73.67846069335937,73.44816589355469,73.18378067016602,72.87609901428223,72.57289619445801,72.37291742960612,72.20097401936849,71.99427642822266,71.78392969767252,71.65694198608398,71.09117800394694,70.99430516560872,70.9024575551351,70.81021410624186,70.73122952779134,6717520.0,7118080.0,7484560.0,6939680.0,6481120.0,6858680.0,6869560.0,6955040.0,6678120.0,6911560.0,7962220.0,8022760.0,8014740.0,7965480.0,7868440.0,8460186.666666666,8400480.0,8344333.333333332,8207640.0,8107160.0,7051866.666666668,7090580.0,7067546.666666668,7016180.0,6995373.333333332,1
2020-10-28,74.39111852893883,75.69500873496735,73.94322212445455,74.1124267578125,7508900,75.09531555175779,74.92934341430664,74.17961044311524,72.57953160603842,71.26180814107259,6426300.0,6682990.0,7062755.0,7860650.0,6961471.666666668,75.42626190185547,75.30931091308594,75.41382598876953,75.21475219726562,74.0726089477539,75.0873519897461,74.98134918212891,74.82707214355469,74.95298156738279,74.76337127685547,74.99901657104492,74.957958984375,75.03310699462891,75.02912521362305,74.99851913452149,73.9272937774658,73.67846069335937,73.44816589355469,73.18378067016602,72.87609901428223,72.43446197509766,72.37291742960612,72.20097401936849,71.99427642822266,71.78392969767252,71.2028331756592,71.09117800394694,70.99430516560872,70.9024575551351,70.81021410624186,6483720.0,6717520.0,7118080.0,7484560.0,6939680.0,6482420.0,6858680.0,6869560.0,6955040.0,6678120.0,7849230.0,7962220.0,8022760.0,8014740.0,7965480.0,8260406.666666668,8460186.666666666,8400480.0,8344333.333333332,8207640.0,6988696.666666668,7051866.666666668,7090580.0,7067546.666666668,7016180.0,1
2020-10-29,74.03279589527763,74.67976325308834,72.5995228925279,73.6645278930664,7753100,74.78527069091797,74.86912612915039,74.3448356628418,72.71655578613282,71.31855862935384,6284200.0,6884380.0,6949490.0,7806233.333333332,6979510.0,74.1124267578125,75.42626190185547,75.30931091308594,75.41382598876953,75.21475219726562,75.09531555175779,75.0873519897461,74.98134918212891,74.82707214355469,74.95298156738279,74.92934341430664,74.99901657104492,74.957958984375,75.03310699462891,75.02912521362305,74.17961044311524,73.9272937774658,73.67846069335937,73.44816589355469,73.18378067016602,72.57953160603842,72.43446197509766,72.37291742960612,72.20097401936849,71.99427642822266,71.26180814107259,71.2028331756592,71.09117800394694,70.99430516560872,70.9024575551351,6426300.0,6483720.0,6717520.0,7118080.0,7484560.0,6682990.0,6482420.0,6858680.0,6869560.0,6955040.0,7062755.0,7849230.0,7962220.0,8022760.0,8014740.0,7860650.0,8260406.666666668,8460186.666666666,8400480.0,8344333.333333332,6961471.666666668,6988696.666666668,7051866.666666668,7090580.0,7067546.666666668,0
2020-10-30,73.38583251347987,74.00293350029027,72.16157079866662,72.86825561523438,8790500,74.27615661621094,74.55161437988279,74.49002914428709,72.84860280354819,71.3660405476888,6918860.0,7018470.0,6973715.0,7619716.666666668,7049551.666666668,73.6645278930664,74.1124267578125,75.42626190185547,75.30931091308594,75.41382598876953,74.78527069091797,75.09531555175779,75.0873519897461,74.98134918212891,74.82707214355469,74.86912612915039,74.92934341430664,74.99901657104492,74.957958984375,75.03310699462891,74.3448356628418,74.17961044311524,73.9272937774658,73.67846069335937,73.44816589355469,72.71655578613282,72.57953160603842,72.43446197509766,72.37291742960612,72.20097401936849,71.31855862935384,71.26180814107259,71.2028331756592,71.09117800394694,70.99430516560872,6284200.0,6426300.0,6483720.0,6717520.0,7118080.0,6884380.0,6682990.0,6482420.0,6858680.0,6869560.0,6949490.0,7062755.0,7849230.0,7962220.0,8022760.0,7806233.333333332,7860650.0,8260406.666666668,8460186.666666666,8400480.0,6979510.0,6961471.666666668,6988696.666666668,7051866.666666668,7090580.0,0
2020-11-02,73.75410604159525,75.09780283871586,73.37588258273928,74.779296875,9233600,74.17015380859375,74.57575149536133,74.6469181060791,73.05032323201497,71.4248649597168,7624060.0,7170790.0,7105435.0,7675543.333333332,7130631.666666668,72.86825561523438,73.6645278930664,74.1124267578125,75.42626190185547,75.30931091308594,74.27615661621094,74.78527069091797,75.09531555175779,75.0873519897461,74.98134918212891,74.55161437988279,74.86912612915039,74.92934341430664,74.99901657104492,74.957958984375,74.49002914428709,74.3448356628418,74.17961044311524,73.9272937774658,73.67846069335937,72.84860280354819,72.71655578613282,72.57953160603842,72.43446197509766,72.37291742960612,71.3660405476888,71.31855862935384,71.26180814107259,71.2028331756592,71.09117800394694,6918860.0,6284200.0,6426300.0,6483720.0,6717520.0,7018470.0,6884380.0,6682990.0,6482420.0,6858680.0,6973715.0,6949490.0,7062755.0,7849230.0,7962220.0,7619716.666666668,7806233.333333332,7860650.0,8260406.666666668,8460186.666666666,7049551.666666668,6979510.0,6961471.666666668,6988696.666666668,7051866.666666668,0
2020-11-03,75.69500458456733,76.5708940449076,75.03808179397652,75.6651382446289,6887900,74.21792907714844,74.65264053344727,74.81861267089843,73.26614430745444,71.51553662618002,8034800.0,7259260.0,7085410.0,7665380.0,7124763.333333332,74.779296875,72.86825561523438,73.6645278930664,74.1124267578125,75.42626190185547,74.17015380859375,74.27615661621094,74.78527069091797,75.09531555175779,75.0873519897461,74.57575149536133,74.55161437988279,74.86912612915039,74.92934341430664,74.99901657104492,74.6469181060791,74.49002914428709,74.3448356628418,74.17961044311524,73.9272937774658,73.05032323201497,72.84860280354819,72.71655578613282,72.57953160603842,72.43446197509766,71.4248649597168,71.3660405476888,71.31855862935384,71.26180814107259,71.2028331756592,7624060.0,6918860.0,6284200.0,6426300.0,6483720.0,7170790.0,7018470.0,6884380.0,6682990.0,6482420.0,7105435.0,6973715.0,6949490.0,7062755.0,7849230.0,7675543.333333332,7619716.666666668,7806233.333333332,7860650.0,8260406.666666668,7130631.666666668,7049551.666666668,6979510.0,6961471.666666668,6988696.666666668,0
2020-11-04,74.16219261679893,74.56032695257585,72.65923910628699,72.97774505615234,12128800,73.99099273681641,74.54315414428713,74.7708366394043,73.43178405761721,71.58555781046549,8958780.0,7692540.0,7185330.0,7874500.0,7213156.666666668,75.6651382446289,74.779296875,72.86825561523438,73.6645278930664,74.1124267578125,74.21792907714844,74.17015380859375,74.27615661621094,74.78527069091797,75.09531555175779,74.65264053344727,74.57575149536133,74.55161437988279,74.86912612915039,74.92934341430664,74.81861267089843,74.6469181060791,74.49002914428709,74.3448356628418,74.17961044311524,73.26614430745444,73.05032323201497,72.84860280354819,72.71655578613282,72.57953160603842,71.51553662618002,71.4248649597168,71.3660405476888,71.31855862935384,71.26180814107259,8034800.0,7624060.0,6918860.0,6284200.0,6426300.0,7259260.0,7170790.0,7018470.0,6884380.0,6682990.0,7085410.0,7105435.0,6973715.0,6949490.0,7062755.0,7665380.0,7675543.333333332,7619716.666666668,7806233.333333332,7860650.0,7124763.333333332,7130631.666666668,7049551.666666668,6979510.0,6961471.666666668,0
2020-11-05,74.94850529805855,75.89406769411221,74.1422811856682,74.40106964111328,8644100,74.13830108642578,74.46178588867187,74.74545555114746,73.60978240966797,71.65124155680338,9136980.0,7710590.0,7332815.0,7913356.666666668,7255151.666666668,72.97774505615234,75.6651382446289,74.779296875,72.86825561523438,73.6645278930664,73.99099273681641,74.21792907714844,74.17015380859375,74.27615661621094,74.78527069091797,74.54315414428713,74.65264053344727,74.57575149536133,74.55161437988279,74.86912612915039,74.7708366394043,74.81861267089843,74.6469181060791,74.49002914428709,74.3448356628418,73.43178405761721,73.26614430745444,73.05032323201497,72.84860280354819,72.71655578613282,71.58555781046549,71.51553662618002,71.4248649597168,71.3660405476888,71.31855862935384,8958780.0,8034800.0,7624060.0,6918860.0,6284200.0,7692540.0,7259260.0,7170790.0,7018470.0,6884380.0,7185330.0,7085410.0,7105435.0,6973715.0,6949490.0,7874500.0,7665380.0,7675543.333333332,7619716.666666668,7806233.333333332,7213156.666666668,7124763.333333332,7130631.666666668,7049551.666666668,6979510.0,0
2020-11-06,74.64990631522821,75.70495589447346,73.77401681489074,75.36654663085938,6076100,74.63795928955078,74.45705795288086,74.74508247375488,73.7844632466634,71.73380063374837,8594100.0,7756480.0,7313020.0,7934000.0,7295086.666666668,74.40106964111328,72.97774505615234,75.6651382446289,74.779296875,72.86825561523438,74.13830108642578,73.99099273681641,74.21792907714844,74.17015380859375,74.27615661621094,74.46178588867187,74.54315414428713,74.65264053344727,74.57575149536133,74.55161437988279,74.74545555114746,74.7708366394043,74.81861267089843,74.6469181060791,74.49002914428709,73.60978240966797,73.43178405761721,73.26614430745444,73.05032323201497,72.84860280354819,71.65124155680338,71.58555781046549,71.51553662618002,71.4248649597168,71.3660405476888,9136980.0,8958780.0,8034800.0,7624060.0,6918860.0,7710590.0,7692540.0,7259260.0,7170790.0,7018470.0,7332815.0,7185330.0,7085410.0,7105435.0,6973715.0,7913356.666666668,7874500.0,7665380.0,7675543.333333332,7619716.666666668,7255151.666666668,7213156.666666668,7124763.333333332,7130631.666666668,7049551.666666668,1
2020-11-09,80.71147109437487,82.9509681737142,74.99826733823005,75.15752410888672,12864500,74.71360473632812,74.44187927246094,74.69991912841797,73.9329335530599,71.8289690653483,9320280.0,8472170.0,7665425.0,8132203.333333332,7427615.0,75.36654663085938,74.40106964111328,72.97774505615234,75.6651382446289,74.779296875,74.63795928955078,74.13830108642578,73.99099273681641,74.21792907714844,74.17015380859375,74.45705795288086,74.46178588867187,74.54315414428713,74.65264053344727,74.57575149536133,74.74508247375488,74.74545555114746,74.7708366394043,74.81861267089843,74.6469181060791,73.7844632466634,73.60978240966797,73.43178405761721,73.26614430745444,73.05032323201497,71.73380063374837,71.65124155680338,71.58555781046549,71.51553662618002,71.4248649597168,8594100.0,9136980.0,8958780.0,8034800.0,7624060.0,7756480.0,7710590.0,7692540.0,7259260.0,7170790.0,7313020.0,7332815.0,7185330.0,7085410.0,7105435.0,7934000.0,7913356.666666668,7874500.0,7665380.0,7675543.333333332,7295086.666666668,7255151.666666668,7213156.666666668,7124763.333333332,7130631.666666668,0
2020-11-10,77.02875088757874,77.16809677457567,74.95845828965103,75.63528442382812,8649200,74.70763397216797,74.4627815246582,74.73089904785157,74.10578969319661,71.92182540893555,9672540.0,8853670.0,7668045.0,8184043.333333332,7491748.333333332,75.15752410888672,75.36654663085938,74.40106964111328,72.97774505615234,75.6651382446289,74.71360473632812,74.63795928955078,74.13830108642578,73.99099273681641,74.21792907714844,74.44187927246094,74.45705795288086,74.46178588867187,74.54315414428713,74.65264053344727,74.69991912841797,74.74508247375488,74.74545555114746,74.7708366394043,74.81861267089843,73.9329335530599,73.7844632466634,73.60978240966797,73.43178405761721,73.26614430745444,71.8289690653483,71.73380063374837,71.65124155680338,71.58555781046549,71.51553662618002,9320280.0,8594100.0,9136980.0,8958780.0,8034800.0,8472170.0,7756480.0,7710590.0,7692540.0,7259260.0,7665425.0,7313020.0,7332815.0,7185330.0,7085410.0,8132203.333333332,7934000.0,7913356.666666668,7874500.0,7665380.0,7427615.0,7295086.666666668,7255151.666666668,7213156.666666668,7124763.333333332,1
2020-11-11,76.15285639547746,78.01412244754033,75.85425374640108,77.17804718017578,6903300,75.54769439697266,74.76934356689453,74.84934349060059,74.37618815104166,72.04014689127604,8627440.0,8793110.0,7738050.0,7639540.0,7527390.0,75.63528442382812,75.15752410888672,75.36654663085938,74.40106964111328,72.97774505615234,74.70763397216797,74.71360473632812,74.63795928955078,74.13830108642578,73.99099273681641,74.4627815246582,74.44187927246094,74.45705795288086,74.46178588867187,74.54315414428713,74.73089904785157,74.69991912841797,74.74508247375488,74.74545555114746,74.7708366394043,74.10578969319661,73.9329335530599,73.7844632466634,73.60978240966797,73.43178405761721,71.92182540893555,71.8289690653483,71.73380063374837,71.65124155680338,71.58555781046549,9672540.0,9320280.0,8594100.0,9136980.0,8958780.0,8853670.0,8472170.0,7756480.0,7710590.0,7692540.0,7668045.0,7665425.0,7313020.0,7332815.0,7185330.0,8184043.333333332,8132203.333333332,7934000.0,7913356.666666668,7874500.0,7491748.333333332,7427615.0,7295086.666666668,7255151.666666668,7213156.666666668,1
2020-11-12,77.24772551244605,77.53637273503125,75.66514351189697,76.3121109008789,5901900,75.92990264892578,75.0341018676758,74.95161399841308,74.57459106445313,72.1469659169515,8079000.0,8607990.0,7746185.0,7502323.333333332,7534395.0,77.17804718017578,75.63528442382812,75.15752410888672,75.36654663085938,74.40106964111328,75.54769439697266,74.70763397216797,74.71360473632812,74.63795928955078,74.13830108642578,74.76934356689453,74.4627815246582,74.44187927246094,74.45705795288086,74.46178588867187,74.84934349060059,74.73089904785157,74.69991912841797,74.74508247375488,74.74545555114746,74.37618815104166,74.10578969319661,73.9329335530599,73.7844632466634,73.60978240966797,72.04014689127604,71.92182540893555,71.8289690653483,71.73380063374837,71.65124155680338,8627440.0,9672540.0,9320280.0,8594100.0,9136980.0,8793110.0,8853670.0,8472170.0,7756480.0,7710590.0,7738050.0,7668045.0,7665425.0,7313020.0,7332815.0,7639540.0,8184043.333333332,8132203.333333332,7934000.0,7913356.666666668,7527390.0,7491748.333333332,7427615.0,7295086.666666668,7255151.666666668,1
2020-11-13,76.64056588183107,77.36716160093532,76.4315470679525,76.82968139648438,6235000,76.22252960205078,75.43024444580078,74.9909294128418,74.80343424479166,72.2633602142334,8110780.0,8352440.0,7685455.0,7433290.0,7577791.666666668,76.3121109008789,77.17804718017578,75.63528442382812,75.15752410888672,75.36654663085938,75.92990264892578,75.54769439697266,74.70763397216797,74.71360473632812,74.63795928955078,75.0341018676758,74.76934356689453,74.4627815246582,74.44187927246094,74.45705795288086,74.95161399841308,74.84934349060059,74.73089904785157,74.69991912841797,74.74508247375488,74.57459106445313,74.37618815104166,74.10578969319661,73.9329335530599,73.7844632466634,72.1469659169515,72.04014689127604,71.92182540893555,71.8289690653483,71.73380063374837,8079000.0,8627440.0,9672540.0,9320280.0,8594100.0,8607990.0,8793110.0,8853670.0,8472170.0,7756480.0,7746185.0,7738050.0,7668045.0,7665425.0,7313020.0,7502323.333333332,7639540.0,8184043.333333332,8132203.333333332,7934000.0,7534395.0,7527390.0,7491748.333333332,7427615.0,7295086.666666668,1
2020-11-16,77.83496610342654,77.91459449283012,75.96374451512938,77.38706970214844,7667600,76.66843872070312,75.69102172851562,75.13338661193849,74.99495264689128,72.38780619303385,7071400.0,8195840.0,7683315.0,7468903.333333332,7610825.0,76.82968139648438,76.3121109008789,77.17804718017578,75.63528442382812,75.15752410888672,76.22252960205078,75.92990264892578,75.54769439697266,74.70763397216797,74.71360473632812,75.43024444580078,75.0341018676758,74.76934356689453,74.4627815246582,74.44187927246094,74.9909294128418,74.95161399841308,74.84934349060059,74.73089904785157,74.69991912841797,74.80343424479166,74.57459106445313,74.37618815104166,74.10578969319661,73.9329335530599,72.2633602142334,72.1469659169515,72.04014689127604,71.92182540893555,71.8289690653483,8110780.0,8079000.0,8627440.0,9672540.0,9320280.0,8352440.0,8607990.0,8793110.0,8853670.0,8472170.0,7685455.0,7746185.0,7738050.0,7668045.0,7665425.0,7433290.0,7502323.333333332,7639540.0,8184043.333333332,8132203.333333332,7577791.666666668,7534395.0,7527390.0,7491748.333333332,7427615.0,0
2020-11-17,77.38706591573748,78.10370619774345,76.03341373723305,76.25238800048828,5866300,76.79185943603515,75.74974670410157,75.20119361877441,75.12899068196614,72.49243303934732,6514820.0,8093680.0,7676470.0,7421500.0,7649450.0,77.38706970214844,76.82968139648438,76.3121109008789,77.17804718017578,75.63528442382812,76.66843872070312,76.22252960205078,75.92990264892578,75.54769439697266,74.70763397216797,75.69102172851562,75.43024444580078,75.0341018676758,74.76934356689453,74.4627815246582,75.13338661193849,74.9909294128418,74.95161399841308,74.84934349060059,74.73089904785157,74.99495264689128,74.80343424479166,74.57459106445313,74.37618815104166,74.10578969319661,72.38780619303385,72.2633602142334,72.1469659169515,72.04014689127604,71.92182540893555,7071400.0,8110780.0,8079000.0,8627440.0,9672540.0,8195840.0,8352440.0,8607990.0,8793110.0,8853670.0,7683315.0,7685455.0,7746185.0,7738050.0,7668045.0,7468903.333333332,7433290.0,7502323.333333332,7639540.0,8184043.333333332,7610825.0,7577791.666666668,7534395.0,7527390.0,7491748.333333332,0
2020-11-18,76.9590751090731,76.99888930300287,75.41630736786334,75.43621826171875,6501900,76.44349365234375,75.9955940246582,75.26937408447266,75.1790891011556,72.58890393575031,6434540.0,7530990.0,7611765.0,7300550.0,7690288.333333332,76.25238800048828,77.38706970214844,76.82968139648438,76.3121109008789,77.17804718017578,76.79185943603515,76.66843872070312,76.22252960205078,75.92990264892578,75.54769439697266,75.74974670410157,75.69102172851562,75.43024444580078,75.0341018676758,74.76934356689453,75.20119361877441,75.13338661193849,74.9909294128418,74.95161399841308,74.84934349060059,75.12899068196614,74.99495264689128,74.80343424479166,74.57459106445313,74.37618815104166,72.49243303934732,72.38780619303385,72.2633602142334,72.1469659169515,72.04014689127604,6514820.0,7071400.0,8110780.0,8079000.0,8627440.0,8093680.0,8195840.0,8352440.0,8607990.0,8793110.0,7676470.0,7683315.0,7685455.0,7746185.0,7738050.0,7421500.0,7468903.333333332,7433290.0,7502323.333333332,7639540.0,7649450.0,7610825.0,7577791.666666668,7534395.0,7527390.0,1
2020-11-19,75.58552102829731,75.66514182389041,74.46079091128414,74.779296875,7392300,76.13693084716797,76.03341674804688,75.24760131835937,75.17477595011394,72.68395805358888,6732620.0,7405810.0,7558200.0,7357146.666666668,7726180.0,75.43621826171875,76.25238800048828,77.38706970214844,76.82968139648438,76.3121109008789,76.44349365234375,76.79185943603515,76.66843872070312,76.22252960205078,75.92990264892578,75.9955940246582,75.74974670410157,75.69102172851562,75.43024444580078,75.0341018676758,75.26937408447266,75.20119361877441,75.13338661193849,74.9909294128418,74.95161399841308,75.1790891011556,75.12899068196614,74.99495264689128,74.80343424479166,74.57459106445313,72.58890393575031,72.49243303934732,72.38780619303385,72.2633602142334,72.1469659169515,6434540.0,6514820.0,7071400.0,8110780.0,8079000.0,7530990.0,8093680.0,8195840.0,8352440.0,8607990.0,7611765.0,7676470.0,7683315.0,7685455.0,7746185.0,7300550.0,7421500.0,7468903.333333332,7433290.0,7502323.333333332,7690288.333333332,7649450.0,7610825.0,7577791.666666668,7534395.0,1
2020-11-20,74.92859800397933,75.97369972879164,74.89873925649003,75.19734191894531,5891000,75.81046295166016,76.01649627685545,75.23677711486816,75.16888707478842,72.78067118326823,6663820.0,7387300.0,7571890.0,7337780.0,7748436.666666668,74.779296875,75.43621826171875,76.25238800048828,77.38706970214844,76.82968139648438,76.13693084716797,76.44349365234375,76.79185943603515,76.66843872070312,76.22252960205078,76.03341674804688,75.9955940246582,75.74974670410157,75.69102172851562,75.43024444580078,75.24760131835937,75.26937408447266,75.20119361877441,75.13338661193849,74.9909294128418,75.17477595011394,75.1790891011556,75.12899068196614,74.99495264689128,74.80343424479166,72.68395805358888,72.58890393575031,72.49243303934732,72.38780619303385,72.2633602142334,6732620.0,6434540.0,6514820.0,7071400.0,8110780.0,7405810.0,7530990.0,8093680.0,8195840.0,8352440.0,7558200.0,7611765.0,7676470.0,7683315.0,7685455.0,7357146.666666668,7300550.0,7421500.0,7468903.333333332,7433290.0,7726180.0,7690288.333333332,7649450.0,7610825.0,7577791.666666668,1
2020-11-23,75.64523366440423,75.66513696357875,73.7839600496901,74.22190856933594,7634600,75.17743072509765,75.92293472290041,75.18240699768066,75.10759099324544,72.8583485921224,6657220.0,6864310.0,7668240.0,7398386.666666668,7798706.666666668,75.19734191894531,74.779296875,75.43621826171875,76.25238800048828,77.38706970214844,75.81046295166016,76.13693084716797,76.44349365234375,76.79185943603515,76.66843872070312,76.01649627685545,76.03341674804688,75.9955940246582,75.74974670410157,75.69102172851562,75.23677711486816,75.24760131835937,75.26937408447266,75.20119361877441,75.13338661193849,75.16888707478842,75.17477595011394,75.1790891011556,75.12899068196614,74.99495264689128,72.78067118326823,72.68395805358888,72.58890393575031,72.49243303934732,72.38780619303385,6663820.0,6732620.0,6434540.0,6514820.0,7071400.0,7387300.0,7405810.0,7530990.0,8093680.0,8195840.0,7571890.0,7558200.0,7611765.0,7676470.0,7683315.0,7337780.0,7357146.666666668,7300550.0,7421500.0,7468903.333333332,7748436.666666668,7726180.0,7690288.333333332,7649450.0,7610825.0,1
2020-11-24,75.11771549002076,75.30683102076291,74.16219757652277,74.6300048828125,6699600,74.8529541015625,75.82240676879883,75.14259414672851,75.09473495483398,72.9444034576416,6823880.0,6669350.0,7761510.0,7335146.666666668,7810140.0,74.22190856933594,75.19734191894531,74.779296875,75.43621826171875,76.25238800048828,75.17743072509765,75.81046295166016,76.13693084716797,76.44349365234375,76.79185943603515,75.92293472290041,76.01649627685545,76.03341674804688,75.9955940246582,75.74974670410157,75.18240699768066,75.23677711486816,75.24760131835937,75.26937408447266,75.20119361877441,75.10759099324544,75.16888707478842,75.17477595011394,75.1790891011556,75.12899068196614,72.8583485921224,72.78067118326823,72.68395805358888,72.58890393575031,72.49243303934732,6657220.0,6663820.0,6732620.0,6434540.0,6514820.0,6864310.0,7387300.0,7405810.0,7530990.0,8093680.0,7668240.0,7571890.0,7558200.0,7611765.0,7676470.0,7398386.666666668,7337780.0,7357146.666666668,7300550.0,7421500.0,7798706.666666668,7748436.666666668,7726180.0,7690288.333333332,7649450.0,1
2020-11-25,74.66999816894531,76.0199966430664,74.48999786376953,75.97000122070312,6443100,74.95971069335937,75.70160217285157,75.23547286987305,75.13342971801758,73.06125195821127,6812120.0,6623330.0,7708220.0,7366476.666666668,7822031.666666668,74.6300048828125,74.22190856933594,75.19734191894531,74.779296875,75.43621826171875,74.8529541015625,75.17743072509765,75.81046295166016,76.13693084716797,76.44349365234375,75.82240676879883,75.92293472290041,76.01649627685545,76.03341674804688,75.9955940246582,75.14259414672851,75.18240699768066,75.23677711486816,75.24760131835937,75.26937408447266,75.09473495483398,75.10759099324544,75.16888707478842,75.17477595011394,75.1790891011556,72.9444034576416,72.8583485921224,72.78067118326823,72.68395805358888,72.58890393575031,6823880.0,6657220.0,6663820.0,6732620.0,6434540.0,6669350.0,6864310.0,7387300.0,7405810.0,7530990.0,7761510.0,7668240.0,7571890.0,7558200.0,7611765.0,7335146.666666668,7398386.666666668,7337780.0,7357146.666666668,7300550.0,7810140.0,7798706.666666668,7748436.666666668,7726180.0,7690288.333333332,1
2020-11-27,76.05000305175781,76.12999725341797,74.69999694824219,75.12999725341797,3669300,75.02985076904297,75.58339080810545,75.30874633789062,75.16220626831054,73.117941792806,6067520.0,6400070.0,7504030.0,7297480.0,7720613.333333332,75.97000122070312,74.6300048828125,74.22190856933594,75.19734191894531,74.779296875,74.95971069335937,74.8529541015625,75.17743072509765,75.81046295166016,76.13693084716797,75.70160217285157,75.82240676879883,75.92293472290041,76.01649627685545,76.03341674804688,75.23547286987305,75.14259414672851,75.18240699768066,75.23677711486816,75.24760131835937,75.13342971801758,75.09473495483398,75.10759099324544,75.16888707478842,75.17477595011394,73.06125195821127,72.9444034576416,72.8583485921224,72.78067118326823,72.68395805358888,6812120.0,6823880.0,6657220.0,6663820.0,6732620.0,6623330.0,6669350.0,6864310.0,7387300.0,7405810.0,7708220.0,7761510.0,7668240.0,7571890.0,7558200.0,7366476.666666668,7335146.666666668,7398386.666666668,7337780.0,7357146.666666668,7822031.666666668,7810140.0,7798706.666666668,7748436.666666668,7726180.0,1
2020-11-30,75.30000305175781,75.4000015258789,73.25,73.58999633789062,13120300,74.70838165283203,75.2594223022461,75.34483337402344,75.08042704264322,73.1807741800944,7513380.0,7088600.0,7720520.0,7486503.333333332,7808365.0,75.12999725341797,75.97000122070312,74.6300048828125,74.22190856933594,75.19734191894531,75.02985076904297,74.95971069335937,74.8529541015625,75.17743072509765,75.81046295166016,75.58339080810545,75.70160217285157,75.82240676879883,75.92293472290041,76.01649627685545,75.30874633789062,75.23547286987305,75.14259414672851,75.18240699768066,75.23677711486816,75.16220626831054,75.13342971801758,75.09473495483398,75.10759099324544,75.16888707478842,73.117941792806,73.06125195821127,72.9444034576416,72.8583485921224,72.78067118326823,6067520.0,6812120.0,6823880.0,6657220.0,6663820.0,6400070.0,6623330.0,6669350.0,6864310.0,7387300.0,7504030.0,7708220.0,7761510.0,7668240.0,7571890.0,7297480.0,7366476.666666668,7335146.666666668,7398386.666666668,7337780.0,7720613.333333332,7822031.666666668,7810140.0,7798706.666666668,7748436.666666668,0
2020-12-01,74.12000274658203,75.56999969482422,73.94999694824219,74.1500015258789,8100200,74.69400024414062,74.93571548461914,75.31336860656738,75.06749623616537,73.2665013631185,7606500.0,7131860.0,7663850.0,7499496.666666668,7822575.0,73.58999633789062,75.12999725341797,75.97000122070312,74.6300048828125,74.22190856933594,74.70838165283203,75.02985076904297,74.95971069335937,74.8529541015625,75.17743072509765,75.2594223022461,75.58339080810545,75.70160217285157,75.82240676879883,75.92293472290041,75.34483337402344,75.30874633789062,75.23547286987305,75.14259414672851,75.18240699768066,75.08042704264322,75.16220626831054,75.13342971801758,75.09473495483398,75.10759099324544,73.1807741800944,73.117941792806,73.06125195821127,72.9444034576416,72.8583485921224,7513380.0,6067520.0,6812120.0,6823880.0,6657220.0,7088600.0,6400070.0,6623330.0,6669350.0,6864310.0,7720520.0,7504030.0,7708220.0,7761510.0,7668240.0,7486503.333333332,7297480.0,7366476.666666668,7335146.666666668,7398386.666666668,7808365.0,7720613.333333332,7822031.666666668,7810140.0,7798706.666666668,0
2020-12-02,74.13999938964844,74.36000061035156,72.91000366210938,74.30999755859375,5128800,74.62999877929687,74.74147644042971,75.24561157226563,75.04795455932617,73.35244827270508,7292340.0,7058110.0,7575895.0,7470350.0,7788755.0,74.1500015258789,73.58999633789062,75.12999725341797,75.97000122070312,74.6300048828125,74.69400024414062,74.70838165283203,75.02985076904297,74.95971069335937,74.8529541015625,74.93571548461914,75.2594223022461,75.58339080810545,75.70160217285157,75.82240676879883,75.31336860656738,75.34483337402344,75.30874633789062,75.23547286987305,75.14259414672851,75.06749623616537,75.08042704264322,75.16220626831054,75.13342971801758,75.09473495483398,73.2665013631185,73.1807741800944,73.117941792806,73.06125195821127,72.9444034576416,7606500.0,7513380.0,6067520.0,6812120.0,6823880.0,7131860.0,7088600.0,6400070.0,6623330.0,6669350.0,7663850.0,7720520.0,7504030.0,7708220.0,7761510.0,7499496.666666668,7486503.333333332,7297480.0,7366476.666666668,7335146.666666668,7822575.0,7808365.0,7720613.333333332,7822031.666666668,7810140.0,1
2020-12-03,74.04000091552734,74.55000305175781,73.0199966430664,73.3499984741211,7660500,74.10599822998047,74.53285446166994,75.26422424316407,75.02386754353842,73.40389862060547,7535820.0,7173970.0,7352480.0,7465833.333333332,7836736.666666668,74.30999755859375,74.1500015258789,73.58999633789062,75.12999725341797,75.97000122070312,74.62999877929687,74.69400024414062,74.70838165283203,75.02985076904297,74.95971069335937,74.74147644042971,74.93571548461914,75.2594223022461,75.58339080810545,75.70160217285157,75.24561157226563,75.31336860656738,75.34483337402344,75.30874633789062,75.23547286987305,75.04795455932617,75.06749623616537,75.08042704264322,75.16220626831054,75.13342971801758,73.35244827270508,73.2665013631185,73.1807741800944,73.117941792806,73.06125195821127,7292340.0,7606500.0,7513380.0,6067520.0,6812120.0,7058110.0,7131860.0,7088600.0,6400070.0,6623330.0,7575895.0,7663850.0,7720520.0,7504030.0,7708220.0,7470350.0,7499496.666666668,7486503.333333332,7297480.0,7366476.666666668,7788755.0,7822575.0,7808365.0,7720613.333333332,7822031.666666668,0
2020-12-04,73.12000274658203,73.55000305175781,71.94000244140625,72.5199966430664,7763800,73.58399810791016,74.30692443847656,75.17017059326172,74.93404235839844,73.46415939331055,8354720.0,7211120.0,7308465.0,7442506.666666668,7893420.0,73.3499984741211,74.30999755859375,74.1500015258789,73.58999633789062,75.12999725341797,74.10599822998047,74.62999877929687,74.69400024414062,74.70838165283203,75.02985076904297,74.53285446166994,74.74147644042971,74.93571548461914,75.2594223022461,75.58339080810545,75.26422424316407,75.24561157226563,75.31336860656738,75.34483337402344,75.30874633789062,75.02386754353842,75.04795455932617,75.06749623616537,75.08042704264322,75.16220626831054,73.40389862060547,73.35244827270508,73.2665013631185,73.1807741800944,73.117941792806,7535820.0,7292340.0,7606500.0,7513380.0,6067520.0,7173970.0,7058110.0,7131860.0,7088600.0,6400070.0,7352480.0,7575895.0,7663850.0,7720520.0,7504030.0,7465833.333333332,7470350.0,7499496.666666668,7486503.333333332,7297480.0,7836736.666666668,7788755.0,7822575.0,7808365.0,7720613.333333332,0
2020-12-07,72.5,73.79000091552734,72.4000015258789,73.2699966430664,6752200,73.51999816894529,74.11418991088867,75.06534309387206,74.86258138020834,73.5317776997884,7081100.0,7297240.0,7342270.0,7480340.0,7940410.0,72.5199966430664,73.3499984741211,74.30999755859375,74.1500015258789,73.58999633789062,73.58399810791016,74.10599822998047,74.62999877929687,74.69400024414062,74.70838165283203,74.30692443847656,74.53285446166994,74.74147644042971,74.93571548461914,75.2594223022461,75.17017059326172,75.26422424316407,75.24561157226563,75.31336860656738,75.34483337402344,74.93404235839844,75.02386754353842,75.04795455932617,75.06749623616537,75.08042704264322,73.46415939331055,73.40389862060547,73.35244827270508,73.2665013631185,73.1807741800944,8354720.0,7535820.0,7292340.0,7606500.0,7513380.0,7211120.0,7173970.0,7058110.0,7131860.0,7088600.0,7308465.0,7352480.0,7575895.0,7663850.0,7720520.0,7442506.666666668,7465833.333333332,7470350.0,7499496.666666668,7486503.333333332,7893420.0,7836736.666666668,7788755.0,7822575.0,7808365.0,0
2020-12-08,72.86000061035156,74.29000091552734,72.12999725341797,73.68000030517578,8255400,73.42599792480469,74.05999908447265,74.99146690368653,74.80827102661131,73.59059422810873,7112140.0,7359320.0,7111815.0,7565266.666666668,8012726.666666668,73.2699966430664,72.5199966430664,73.3499984741211,74.30999755859375,74.1500015258789,73.51999816894529,73.58399810791016,74.10599822998047,74.62999877929687,74.69400024414062,74.11418991088867,74.30692443847656,74.53285446166994,74.74147644042971,74.93571548461914,75.06534309387206,75.17017059326172,75.26422424316407,75.24561157226563,75.31336860656738,74.86258138020834,74.93404235839844,75.02386754353842,75.04795455932617,75.06749623616537,73.5317776997884,73.46415939331055,73.40389862060547,73.35244827270508,73.2665013631185,7081100.0,8354720.0,7535820.0,7292340.0,7606500.0,7297240.0,7211120.0,7173970.0,7058110.0,7131860.0,7342270.0,7308465.0,7352480.0,7575895.0,7663850.0,7480340.0,7442506.666666668,7465833.333333332,7470350.0,7499496.666666668,7940410.0,7893420.0,7836736.666666668,7788755.0,7822575.0,0
2020-12-09,73.54000091552734,73.9000015258789,72.44999694824219,73.66999816894531,6683700,73.297998046875,73.96399841308593,74.89320259094238,74.74972890218099,73.59209543863932,7423120.0,7357730.0,7013540.0,7626916.666666668,7943661.666666668,73.68000030517578,73.2699966430664,72.5199966430664,73.3499984741211,74.30999755859375,73.42599792480469,73.51999816894529,73.58399810791016,74.10599822998047,74.62999877929687,74.05999908447265,74.11418991088867,74.30692443847656,74.53285446166994,74.74147644042971,74.99146690368653,75.06534309387206,75.17017059326172,75.26422424316407,75.24561157226563,74.80827102661131,74.86258138020834,74.93404235839844,75.02386754353842,75.04795455932617,73.59059422810873,73.5317776997884,73.46415939331055,73.40389862060547,73.35244827270508,7112140.0,7081100.0,8354720.0,7535820.0,7292340.0,7359320.0,7297240.0,7211120.0,7173970.0,7058110.0,7111815.0,7342270.0,7308465.0,7352480.0,7575895.0,7565266.666666668,7480340.0,7442506.666666668,7465833.333333332,7470350.0,8012726.666666668,7940410.0,7893420.0,7836736.666666668,7788755.0,1
2020-12-10,73.79000091552734,74.11000061035156,72.98999786376953,73.27999877929688,6204600,73.28399810791015,73.69499816894532,74.69830017089843,74.72198130289713,73.65075645446777,7131940.0,7333880.0,6978605.0,7583440.0,7722045.0,73.66999816894531,73.68000030517578,73.2699966430664,72.5199966430664,73.3499984741211,73.297998046875,73.42599792480469,73.51999816894529,73.58399810791016,74.10599822998047,73.96399841308593,74.05999908447265,74.11418991088867,74.30692443847656,74.53285446166994,74.89320259094238,74.99146690368653,75.06534309387206,75.17017059326172,75.26422424316407,74.74972890218099,74.80827102661131,74.86258138020834,74.93404235839844,75.02386754353842,73.59209543863932,73.59059422810873,73.5317776997884,73.46415939331055,73.40389862060547,7423120.0,7112140.0,7081100.0,8354720.0,7535820.0,7357730.0,7359320.0,7297240.0,7211120.0,7173970.0,7013540.0,7111815.0,7342270.0,7308465.0,7352480.0,7626916.666666668,7565266.666666668,7480340.0,7442506.666666668,7465833.333333332,7943661.666666668,8012726.666666668,7940410.0,7893420.0,7836736.666666668,1
2020-12-11,73.13999938964844,73.88999938964844,73.01000213623047,73.80000305175781,6022500,73.53999938964844,73.5619987487793,74.57269477844237,74.72649714152018,73.72152646382648,6783680.0,7569200.0,6984635.0,7525753.333333332,7665993.333333332,73.27999877929688,73.66999816894531,73.68000030517578,73.2699966430664,72.5199966430664,73.28399810791015,73.297998046875,73.42599792480469,73.51999816894529,73.58399810791016,73.69499816894532,73.96399841308593,74.05999908447265,74.11418991088867,74.30692443847656,74.69830017089843,74.89320259094238,74.99146690368653,75.06534309387206,75.17017059326172,74.72198130289713,74.74972890218099,74.80827102661131,74.86258138020834,74.93404235839844,73.65075645446777,73.59209543863932,73.59059422810873,73.5317776997884,73.46415939331055,7131940.0,7423120.0,7112140.0,7081100.0,8354720.0,7333880.0,7357730.0,7359320.0,7297240.0,7211120.0,6978605.0,7013540.0,7111815.0,7342270.0,7308465.0,7583440.0,7626916.666666668,7565266.666666668,7480340.0,7442506.666666668,7722045.0,7943661.666666668,8012726.666666668,7940410.0,7893420.0,1
2020-12-14,74.4000015258789,75.22000122070312,73.5,73.55000305175781,5759900,73.59600067138672,73.55799942016601,74.40871086120606,74.74922205607096,73.79891242980958,6585220.0,6833160.0,6960880.0,7424733.333333332,7522225.0,73.80000305175781,73.27999877929688,73.66999816894531,73.68000030517578,73.2699966430664,73.53999938964844,73.28399810791015,73.297998046875,73.42599792480469,73.51999816894529,73.5619987487793,73.69499816894532,73.96399841308593,74.05999908447265,74.11418991088867,74.57269477844237,74.69830017089843,74.89320259094238,74.99146690368653,75.06534309387206,74.72649714152018,74.72198130289713,74.74972890218099,74.80827102661131,74.86258138020834,73.72152646382648,73.65075645446777,73.59209543863932,73.59059422810873,73.5317776997884,6783680.0,7131940.0,7423120.0,7112140.0,7081100.0,7569200.0,7333880.0,7357730.0,7359320.0,7297240.0,6984635.0,6978605.0,7013540.0,7111815.0,7342270.0,7525753.333333332,7583440.0,7626916.666666668,7565266.666666668,7480340.0,7665993.333333332,7722045.0,7943661.666666668,8012726.666666668,7940410.0,1
2020-12-15,73.66000366210938,75.30000305175781,73.29000091552734,74.91000366210938,6860200,73.84200134277344,73.63399963378906,74.2848575592041,74.75357894897459,73.90195109049479,6306180.0,6709160.0,6920510.0,7345620.0,7510581.666666668,73.55000305175781,73.80000305175781,73.27999877929688,73.66999816894531,73.68000030517578,73.59600067138672,73.53999938964844,73.28399810791015,73.297998046875,73.42599792480469,73.55799942016601,73.5619987487793,73.69499816894532,73.96399841308593,74.05999908447265,74.40871086120606,74.57269477844237,74.69830017089843,74.89320259094238,74.99146690368653,74.74922205607096,74.72649714152018,74.72198130289713,74.74972890218099,74.80827102661131,73.79891242980958,73.72152646382648,73.65075645446777,73.59209543863932,73.59059422810873,6585220.0,6783680.0,7131940.0,7423120.0,7112140.0,6833160.0,7569200.0,7333880.0,7357730.0,7359320.0,6960880.0,6984635.0,6978605.0,7013540.0,7111815.0,7424733.333333332,7525753.333333332,7583440.0,7626916.666666668,7565266.666666668,7522225.0,7665993.333333332,7722045.0,7943661.666666668,8012726.666666668,1
2020-12-16,75.18000030517578,75.75,74.19999694824219,74.44000244140625,7787700,73.99600219726562,73.64700012207031,74.19423828125,74.71274108886719,73.9894426981608,6526980.0,6975050.0,7016580.0,7375613.333333332,7520496.666666668,74.91000366210938,73.55000305175781,73.80000305175781,73.27999877929688,73.66999816894531,73.84200134277344,73.59600067138672,73.53999938964844,73.28399810791015,73.297998046875,73.63399963378906,73.55799942016601,73.5619987487793,73.69499816894532,73.96399841308593,74.2848575592041,74.40871086120606,74.57269477844237,74.69830017089843,74.89320259094238,74.75357894897459,74.74922205607096,74.72649714152018,74.72198130289713,74.74972890218099,73.90195109049479,73.79891242980958,73.72152646382648,73.65075645446777,73.59209543863932,6306180.0,6585220.0,6783680.0,7131940.0,7423120.0,6709160.0,6833160.0,7569200.0,7333880.0,7357730.0,6920510.0,6960880.0,6984635.0,6978605.0,7013540.0,7345620.0,7424733.333333332,7525753.333333332,7583440.0,7626916.666666668,7510581.666666668,7522225.0,7665993.333333332,7722045.0,7943661.666666668,1
2020-12-17,75.05999755859375,76.0199966430664,74.83999633789062,75.05999755859375,9384200,74.352001953125,73.81800003051758,74.17542724609375,74.78214950561524,74.10696678161621,7162900.0,7147420.0,7160695.0,7284126.666666668,7579313.333333332,74.44000244140625,74.91000366210938,73.55000305175781,73.80000305175781,73.27999877929688,73.99600219726562,73.84200134277344,73.59600067138672,73.53999938964844,73.28399810791015,73.64700012207031,73.63399963378906,73.55799942016601,73.5619987487793,73.69499816894532,74.19423828125,74.2848575592041,74.40871086120606,74.57269477844237,74.69830017089843,74.71274108886719,74.75357894897459,74.74922205607096,74.72649714152018,74.72198130289713,73.9894426981608,73.90195109049479,73.79891242980958,73.72152646382648,73.65075645446777,6526980.0,6306180.0,6585220.0,6783680.0,7131940.0,6975050.0,6709160.0,6833160.0,7569200.0,7333880.0,7016580.0,6920510.0,6960880.0,6984635.0,6978605.0,7375613.333333332,7345620.0,7424733.333333332,7525753.333333332,7583440.0,7520496.666666668,7510581.666666668,7522225.0,7665993.333333332,7722045.0,0
2020-12-18,75.08999633789062,75.54000091552734,73.93000030517578,74.51000213623047,13298300,74.49400177001955,74.01700057983399,74.16196250915526,74.78578058878581,74.19778149922689,8618060.0,7700870.0,7455995.0,7439266.666666668,7676311.666666668,75.05999755859375,74.44000244140625,74.91000366210938,73.55000305175781,73.80000305175781,74.352001953125,73.99600219726562,73.84200134277344,73.59600067138672,73.53999938964844,73.81800003051758,73.64700012207031,73.63399963378906,73.55799942016601,73.5619987487793,74.17542724609375,74.19423828125,74.2848575592041,74.40871086120606,74.57269477844237,74.78214950561524,74.71274108886719,74.75357894897459,74.74922205607096,74.72649714152018,74.10696678161621,73.9894426981608,73.90195109049479,73.79891242980958,73.72152646382648,7162900.0,6526980.0,6306180.0,6585220.0,6783680.0,7147420.0,6975050.0,6709160.0,6833160.0,7569200.0,7160695.0,7016580.0,6920510.0,6960880.0,6984635.0,7284126.666666668,7375613.333333332,7345620.0,7424733.333333332,7525753.333333332,7579313.333333332,7520496.666666668,7510581.666666668,7522225.0,7665993.333333332,0
2020-12-21,73.94000244140625,74.55000305175781,72.87999725341797,74.4000015258789,7251400,74.66400146484375,74.13000106811523,74.12209548950196,74.7535624186198,74.26901283264161,8916360.0,7750790.0,7524015.0,7478443.333333332,7706221.666666668,74.51000213623047,75.05999755859375,74.44000244140625,74.91000366210938,73.55000305175781,74.49400177001955,74.352001953125,73.99600219726562,73.84200134277344,73.59600067138672,74.01700057983399,73.81800003051758,73.64700012207031,73.63399963378906,73.55799942016601,74.16196250915526,74.17542724609375,74.19423828125,74.2848575592041,74.40871086120606,74.78578058878581,74.78214950561524,74.71274108886719,74.75357894897459,74.74922205607096,74.19778149922689,74.10696678161621,73.9894426981608,73.90195109049479,73.79891242980958,8618060.0,7162900.0,6526980.0,6306180.0,6585220.0,7700870.0,7147420.0,6975050.0,6709160.0,6833160.0,7455995.0,7160695.0,7016580.0,6920510.0,6960880.0,7439266.666666668,7284126.666666668,7375613.333333332,7345620.0,7424733.333333332,7676311.666666668,7579313.333333332,7520496.666666668,7510581.666666668,7522225.0,1
2020-12-22,74.44000244140625,75.2300033569336,73.87999725341797,74.70999908447266,5335300,74.6240005493164,74.23300094604492,74.1465000152588,74.73864491780598,74.33578923543294,8611380.0,7458780.0,7409050.0,7227470.0,7679836.666666668,74.4000015258789,74.51000213623047,75.05999755859375,74.44000244140625,74.91000366210938,74.66400146484375,74.49400177001955,74.352001953125,73.99600219726562,73.84200134277344,74.13000106811523,74.01700057983399,73.81800003051758,73.64700012207031,73.63399963378906,74.12209548950196,74.16196250915526,74.17542724609375,74.19423828125,74.2848575592041,74.7535624186198,74.78578058878581,74.78214950561524,74.71274108886719,74.75357894897459,74.26901283264161,74.19778149922689,74.10696678161621,73.9894426981608,73.90195109049479,8916360.0,8618060.0,7162900.0,6526980.0,6306180.0,7750790.0,7700870.0,7147420.0,6975050.0,6709160.0,7524015.0,7455995.0,7160695.0,7016580.0,6920510.0,7478443.333333332,7439266.666666668,7284126.666666668,7375613.333333332,7345620.0,7706221.666666668,7676311.666666668,7579313.333333332,7520496.666666668,7510581.666666668,1
2020-12-23,75.16000366210938,75.55000305175781,74.33000183105469,74.33000183105469,4626400,74.6020004272461,74.29900131225584,74.13149986267089,74.69513549804688,74.40046259562175,7979120.0,7253050.0,7305390.0,7093376.666666668,7638710.0,74.70999908447266,74.4000015258789,74.51000213623047,75.05999755859375,74.44000244140625,74.6240005493164,74.66400146484375,74.49400177001955,74.352001953125,73.99600219726562,74.23300094604492,74.13000106811523,74.01700057983399,73.81800003051758,73.64700012207031,74.1465000152588,74.12209548950196,74.16196250915526,74.17542724609375,74.19423828125,74.73864491780598,74.7535624186198,74.78578058878581,74.78214950561524,74.71274108886719,74.33578923543294,74.26901283264161,74.19778149922689,74.10696678161621,73.9894426981608,8611380.0,8916360.0,8618060.0,7162900.0,6526980.0,7458780.0,7750790.0,7700870.0,7147420.0,6975050.0,7409050.0,7524015.0,7455995.0,7160695.0,7016580.0,7227470.0,7478443.333333332,7439266.666666668,7284126.666666668,7375613.333333332,7679836.666666668,7706221.666666668,7676311.666666668,7579313.333333332,7520496.666666668,0
2020-12-24,74.44999694824219,75.16000366210938,74.16000366210938,74.9800033569336,1387500,74.58600158691407,74.46900177001953,74.08199996948242,74.62186737060547,74.49902776082357,6379780.0,6771340.0,7052610.0,6909516.666666668,7274528.333333332,74.33000183105469,74.70999908447266,74.4000015258789,74.51000213623047,75.05999755859375,74.6020004272461,74.6240005493164,74.66400146484375,74.49400177001955,74.352001953125,74.29900131225584,74.23300094604492,74.13000106811523,74.01700057983399,73.81800003051758,74.13149986267089,74.1465000152588,74.12209548950196,74.16196250915526,74.17542724609375,74.69513549804688,74.73864491780598,74.7535624186198,74.78578058878581,74.78214950561524,74.40046259562175,74.33578923543294,74.26901283264161,74.19778149922689,74.10696678161621,7979120.0,8611380.0,8916360.0,8618060.0,7162900.0,7253050.0,7458780.0,7750790.0,7700870.0,7147420.0,7305390.0,7409050.0,7524015.0,7455995.0,7160695.0,7093376.666666668,7227470.0,7478443.333333332,7439266.666666668,7284126.666666668,7638710.0,7679836.666666668,7706221.666666668,7676311.666666668,7579313.333333332,0
2020-12-28,75.43000030517578,75.87999725341797,75.04000091552734,75.48999786376953,3753700,74.78200073242188,74.6380012512207,74.1,74.59446360270182,74.58452733357747,4470860.0,6544460.0,7056830.0,6837910.0,7170116.666666668,74.9800033569336,74.33000183105469,74.70999908447266,74.4000015258789,74.51000213623047,74.58600158691407,74.6020004272461,74.6240005493164,74.66400146484375,74.49400177001955,74.46900177001953,74.29900131225584,74.23300094604492,74.13000106811523,74.01700057983399,74.08199996948242,74.13149986267089,74.1465000152588,74.12209548950196,74.16196250915526,74.62186737060547,74.69513549804688,74.73864491780598,74.7535624186198,74.78578058878581,74.49902776082357,74.40046259562175,74.33578923543294,74.26901283264161,74.19778149922689,6379780.0,7979120.0,8611380.0,8916360.0,8618060.0,6771340.0,7253050.0,7458780.0,7750790.0,7700870.0,7052610.0,7305390.0,7409050.0,7524015.0,7455995.0,6909516.666666668,7093376.666666668,7227470.0,7478443.333333332,7439266.666666668,7274528.333333332,7638710.0,7679836.666666668,7706221.666666668,7676311.666666668,0
2020-12-29,75.61000061035156,75.87000274658203,75.11000061035156,75.33000183105469,3774900,74.96800079345705,74.81600112915041,74.1870002746582,74.54447428385417,74.67395426432292,3775560.0,6345960.0,6589560.0,6755906.666666668,7094598.333333332,75.48999786376953,74.9800033569336,74.33000183105469,74.70999908447266,74.4000015258789,74.78200073242188,74.58600158691407,74.6020004272461,74.6240005493164,74.66400146484375,74.6380012512207,74.46900177001953,74.29900131225584,74.23300094604492,74.13000106811523,74.1,74.08199996948242,74.13149986267089,74.1465000152588,74.12209548950196,74.59446360270182,74.62186737060547,74.69513549804688,74.73864491780598,74.7535624186198,74.58452733357747,74.49902776082357,74.40046259562175,74.33578923543294,74.26901283264161,4470860.0,6379780.0,7979120.0,8611380.0,8916360.0,6544460.0,6771340.0,7253050.0,7458780.0,7750790.0,7056830.0,7052610.0,7305390.0,7409050.0,7524015.0,6837910.0,6909516.666666668,7093376.666666668,7227470.0,7478443.333333332,7170116.666666668,7274528.333333332,7638710.0,7679836.666666668,7706221.666666668,0
2020-12-30,75.62999725341797,76.27999877929688,75.51000213623047,75.91000366210938,3804800,75.20800170898437,74.91600112915039,74.27500038146972,74.4952387491862,74.74509569803872,3469460.0,6040420.0,6374790.0,6627146.666666668,7048025.0,75.33000183105469,75.48999786376953,74.9800033569336,74.33000183105469,74.70999908447266,74.96800079345705,74.78200073242188,74.58600158691407,74.6020004272461,74.6240005493164,74.81600112915041,74.6380012512207,74.46900177001953,74.29900131225584,74.23300094604492,74.1870002746582,74.1,74.08199996948242,74.13149986267089,74.1465000152588,74.54447428385417,74.59446360270182,74.62186737060547,74.69513549804688,74.73864491780598,74.67395426432292,74.58452733357747,74.49902776082357,74.40046259562175,74.33578923543294,3775560.0,4470860.0,6379780.0,7979120.0,8611380.0,6345960.0,6544460.0,6771340.0,7253050.0,7458780.0,6589560.0,7056830.0,7052610.0,7305390.0,7409050.0,6755906.666666668,6837910.0,6909516.666666668,7093376.666666668,7227470.0,7094598.333333332,7170116.666666668,7274528.333333332,7638710.0,7679836.666666668,1
2020-12-31,75.9000015258789,77.19000244140625,75.66000366210938,77.1500015258789,4118800,75.77200164794922,75.18700103759765,74.41700057983398,74.52515920003255,74.82707494099935,3367940.0,5673530.0,6324290.0,6568896.666666668,6995198.333333332,75.91000366210938,75.33000183105469,75.48999786376953,74.9800033569336,74.33000183105469,75.20800170898437,74.96800079345705,74.78200073242188,74.58600158691407,74.6020004272461,74.91600112915039,74.81600112915041,74.6380012512207,74.46900177001953,74.29900131225584,74.27500038146972,74.1870002746582,74.1,74.08199996948242,74.13149986267089,74.4952387491862,74.54447428385417,74.59446360270182,74.62186737060547,74.69513549804688,74.74509569803872,74.67395426432292,74.58452733357747,74.49902776082357,74.40046259562175,3469460.0,3775560.0,4470860.0,6379780.0,7979120.0,6040420.0,6345960.0,6544460.0,6771340.0,7253050.0,6374790.0,6589560.0,7056830.0,7052610.0,7305390.0,6627146.666666668,6755906.666666668,6837910.0,6909516.666666668,7093376.666666668,7048025.0,7094598.333333332,7170116.666666668,7274528.333333332,7638710.0,1
2021-01-04,77.20999908447266,77.5,73.58000183105469,74.22000122070312,9388400,75.62000122070313,75.10300140380859,74.4605007171631,74.4846186319987,74.83185386657716,4968120.0,5673950.0,6410685.0,6665113.333333332,6982831.666666668,77.1500015258789,75.91000366210938,75.33000183105469,75.48999786376953,74.9800033569336,75.77200164794922,75.20800170898437,74.96800079345705,74.78200073242188,74.58600158691407,75.18700103759765,74.91600112915039,74.81600112915041,74.6380012512207,74.46900177001953,74.41700057983398,74.27500038146972,74.1870002746582,74.1,74.08199996948242,74.52515920003255,74.4952387491862,74.54447428385417,74.59446360270182,74.62186737060547,74.82707494099935,74.74509569803872,74.67395426432292,74.58452733357747,74.49902776082357,3367940.0,3469460.0,3775560.0,4470860.0,6379780.0,5673530.0,6040420.0,6345960.0,6544460.0,6771340.0,6324290.0,6374790.0,6589560.0,7056830.0,7052610.0,6568896.666666668,6627146.666666668,6755906.666666668,6837910.0,6909516.666666668,6995198.333333332,7048025.0,7094598.333333332,7170116.666666668,7274528.333333332,1
2021-01-05,74.51000213623047,75.18000030517578,74.05999755859375,74.7699966430664,7339800,75.4760009765625,75.12900085449219,74.57300071716308,74.48430862426758,74.82954228719076,5685340.0,5078100.0,6389485.0,6663363.333333332,7010255.0,74.22000122070312,77.1500015258789,75.91000366210938,75.33000183105469,75.48999786376953,75.62000122070313,75.77200164794922,75.20800170898437,74.96800079345705,74.78200073242188,75.10300140380859,75.18700103759765,74.91600112915039,74.81600112915041,74.6380012512207,74.4605007171631,74.41700057983398,74.27500038146972,74.1870002746582,74.1,74.4846186319987,74.52515920003255,74.4952387491862,74.54447428385417,74.59446360270182,74.83185386657716,74.82707494099935,74.74509569803872,74.67395426432292,74.58452733357747,4968120.0,3367940.0,3469460.0,3775560.0,4470860.0,5673950.0,5673530.0,6040420.0,6345960.0,6544460.0,6410685.0,6324290.0,6374790.0,6589560.0,7056830.0,6665113.333333332,6568896.666666668,6627146.666666668,6755906.666666668,6837910.0,6982831.666666668,6995198.333333332,7048025.0,7094598.333333332,7170116.666666668,1
2021-01-06,76.6500015258789,79.37000274658203,75.5999984741211,78.43000030517578,12155700,76.09600067138672,75.53200073242188,74.83100090026855,74.5920639038086,74.88047548929849,7361500.0,5568530.0,6659660.0,6872186.666666668,7104983.333333332,74.7699966430664,74.22000122070312,77.1500015258789,75.91000366210938,75.33000183105469,75.4760009765625,75.62000122070313,75.77200164794922,75.20800170898437,74.96800079345705,75.12900085449219,75.10300140380859,75.18700103759765,74.91600112915039,74.81600112915041,74.57300071716308,74.4605007171631,74.41700057983398,74.27500038146972,74.1870002746582,74.48430862426758,74.4846186319987,74.52515920003255,74.4952387491862,74.54447428385417,74.82954228719076,74.83185386657716,74.82707494099935,74.74509569803872,74.67395426432292,5685340.0,4968120.0,3367940.0,3469460.0,3775560.0,5078100.0,5673950.0,5673530.0,6040420.0,6345960.0,6389485.0,6410685.0,6324290.0,6374790.0,6589560.0,6663363.333333332,6665113.333333332,6568896.666666668,6627146.666666668,6755906.666666668,7010255.0,6982831.666666668,6995198.333333332,7048025.0,7094598.333333332,0
2021-01-07,79.9000015258789,80.66000366210938,78.88999938964844,79.29000091552734,8816000,76.77200012207031,75.99000091552735,75.11150093078614,74.76100031534831,74.93429565429688,8363740.0,5916600.0,6687690.0,6911566.666666668,7154976.666666668,78.43000030517578,74.7699966430664,74.22000122070312,77.1500015258789,75.91000366210938,76.09600067138672,75.4760009765625,75.62000122070313,75.77200164794922,75.20800170898437,75.53200073242188,75.12900085449219,75.10300140380859,75.18700103759765,74.91600112915039,74.83100090026855,74.57300071716308,74.4605007171631,74.41700057983398,74.27500038146972,74.5920639038086,74.48430862426758,74.4846186319987,74.52515920003255,74.4952387491862,74.88047548929849,74.82954228719076,74.83185386657716,74.82707494099935,74.74509569803872,7361500.0,5685340.0,4968120.0,3367940.0,3469460.0,5568530.0,5078100.0,5673950.0,5673530.0,6040420.0,6659660.0,6389485.0,6410685.0,6324290.0,6374790.0,6872186.666666668,6663363.333333332,6665113.333333332,6568896.666666668,6627146.666666668,7104983.333333332,7010255.0,6982831.666666668,6995198.333333332,7048025.0,0
2021-01-08,79.83000183105469,81.20999908447266,79.44000244140625,81.12999725341797,8375400,77.56799926757813,76.67000045776369,75.48450088500977,74.97766672770182,75.03620084126791,9215060.0,6291500.0,6772275.0,6967426.666666668,7151286.666666668,79.29000091552734,78.43000030517578,74.7699966430664,74.22000122070312,77.1500015258789,76.77200012207031,76.09600067138672,75.4760009765625,75.62000122070313,75.77200164794922,75.99000091552735,75.53200073242188,75.12900085449219,75.10300140380859,75.18700103759765,75.11150093078614,74.83100090026855,74.57300071716308,74.4605007171631,74.41700057983398,74.76100031534831,74.5920639038086,74.48430862426758,74.4846186319987,74.52515920003255,74.93429565429688,74.88047548929849,74.82954228719076,74.83185386657716,74.82707494099935,8363740.0,7361500.0,5685340.0,4968120.0,3367940.0,5916600.0,5568530.0,5078100.0,5673950.0,5673530.0,6687690.0,6659660.0,6389485.0,6410685.0,6324290.0,6911566.666666668,6872186.666666668,6663363.333333332,6665113.333333332,6568896.666666668,7154976.666666668,7104983.333333332,7010255.0,6982831.666666668,6995198.333333332,0
2021-01-11,80.9800033569336,81.0,78.97000122070312,79.69000244140625,7066000,78.66199951171875,77.14100036621093,75.80500106811523,75.10166676839192,75.11754824320475,8750580.0,6859350.0,6815345.0,6988190.0,7177333.333333332,81.12999725341797,79.29000091552734,78.43000030517578,74.7699966430664,74.22000122070312,77.56799926757813,76.77200012207031,76.09600067138672,75.4760009765625,75.62000122070313,76.67000045776369,75.99000091552735,75.53200073242188,75.12900085449219,75.10300140380859,75.48450088500977,75.11150093078614,74.83100090026855,74.57300071716308,74.4605007171631,74.97766672770182,74.76100031534831,74.5920639038086,74.48430862426758,74.4846186319987,75.03620084126791,74.93429565429688,74.88047548929849,74.82954228719076,74.83185386657716,9215060.0,8363740.0,7361500.0,5685340.0,4968120.0,6291500.0,5916600.0,5568530.0,5078100.0,5673950.0,6772275.0,6687690.0,6659660.0,6389485.0,6410685.0,6967426.666666668,6911566.666666668,6872186.666666668,6663363.333333332,6665113.333333332,7151286.666666668,7154976.666666668,7104983.333333332,7010255.0,6982831.666666668,0
2021-01-12,79.6500015258789,80.55000305175781,78.54000091552734,79.75,7669300,79.65800018310547,77.56700057983399,76.10250091552734,75.25566685994467,75.2089365641276,8816480.0,7250910.0,6897685.0,7121523.333333332,7209501.666666668,79.69000244140625,81.12999725341797,79.29000091552734,78.43000030517578,74.7699966430664,78.66199951171875,77.56799926757813,76.77200012207031,76.09600067138672,75.4760009765625,77.14100036621093,76.67000045776369,75.99000091552735,75.53200073242188,75.12900085449219,75.80500106811523,75.48450088500977,75.11150093078614,74.83100090026855,74.57300071716308,75.10166676839192,74.97766672770182,74.76100031534831,74.5920639038086,74.48430862426758,75.11754824320475,75.03620084126791,74.93429565429688,74.88047548929849,74.82954228719076,8750580.0,9215060.0,8363740.0,7361500.0,5685340.0,6859350.0,6291500.0,5916600.0,5568530.0,5078100.0,6815345.0,6772275.0,6687690.0,6659660.0,6389485.0,6988190.0,6967426.666666668,6911566.666666668,6872186.666666668,6663363.333333332,7177333.333333332,7151286.666666668,7154976.666666668,7104983.333333332,7010255.0,0
2021-01-13,80.5999984741211,82.23999786376953,80.16000366210938,81.83999633789062,8542600,80.33999938964844,78.21800003051756,76.51700057983399,75.53066685994466,75.30554695129395,8093860.0,7727680.0,7036820.0,6968933.333333332,7227718.333333332,79.75,79.69000244140625,81.12999725341797,79.29000091552734,78.43000030517578,79.65800018310547,78.66199951171875,77.56799926757813,76.77200012207031,76.09600067138672,77.56700057983399,77.14100036621093,76.67000045776369,75.99000091552735,75.53200073242188,76.10250091552734,75.80500106811523,75.48450088500977,75.11150093078614,74.83100090026855,75.25566685994467,75.10166676839192,74.97766672770182,74.76100031534831,74.5920639038086,75.2089365641276,75.11754824320475,75.03620084126791,74.93429565429688,74.88047548929849,8816480.0,8750580.0,9215060.0,8363740.0,7361500.0,7250910.0,6859350.0,6291500.0,5916600.0,5568530.0,6897685.0,6815345.0,6772275.0,6687690.0,6659660.0,7121523.333333332,6988190.0,6967426.666666668,6911566.666666668,6872186.666666668,7209501.666666668,7177333.333333332,7151286.666666668,7154976.666666668,7104983.333333332,0
2021-01-14,81.95999908447266,82.73999786376953,81.1500015258789,82.52999877929688,8899000,80.98799896240234,78.87999954223633,76.89800033569334,75.81000010172527,75.43874816894531,8110460.0,8237100.0,7138760.0,6995560.0,7247528.333333332,81.83999633789062,79.75,79.69000244140625,81.12999725341797,79.29000091552734,80.33999938964844,79.65800018310547,78.66199951171875,77.56799926757813,76.77200012207031,78.21800003051756,77.56700057983399,77.14100036621093,76.67000045776369,75.99000091552735,76.51700057983399,76.10250091552734,75.80500106811523,75.48450088500977,75.11150093078614,75.53066685994466,75.25566685994467,75.10166676839192,74.97766672770182,74.76100031534831,75.30554695129395,75.2089365641276,75.11754824320475,75.03620084126791,74.93429565429688,8093860.0,8816480.0,8750580.0,9215060.0,8363740.0,7727680.0,7250910.0,6859350.0,6291500.0,5916600.0,7036820.0,6897685.0,6815345.0,6772275.0,6687690.0,6968933.333333332,7121523.333333332,6988190.0,6967426.666666668,6911566.666666668,7227718.333333332,7209501.666666668,7177333.333333332,7151286.666666668,7154976.666666668,0
2021-01-15,82.44000244140625,83.26000213623047,81.94999694824219,82.04000091552734,10560700,81.1699996948242,79.36899948120117,77.27800025939942,76.0676668802897,75.55781071980795,8547520.0,8881290.0,7277410.0,7176623.333333332,7323486.666666668,82.52999877929688,81.83999633789062,79.75,79.69000244140625,81.12999725341797,80.98799896240234,80.33999938964844,79.65800018310547,78.66199951171875,77.56799926757813,78.87999954223633,78.21800003051756,77.56700057983399,77.14100036621093,76.67000045776369,76.89800033569334,76.51700057983399,76.10250091552734,75.80500106811523,75.48450088500977,75.81000010172527,75.53066685994466,75.25566685994467,75.10166676839192,74.97766672770182,75.43874816894531,75.30554695129395,75.2089365641276,75.11754824320475,75.03620084126791,8110460.0,8093860.0,8816480.0,8750580.0,9215060.0,8237100.0,7727680.0,7250910.0,6859350.0,6291500.0,7138760.0,7036820.0,6897685.0,6815345.0,6772275.0,6995560.0,6968933.333333332,7121523.333333332,6988190.0,6967426.666666668,7247528.333333332,7227718.333333332,7209501.666666668,7177333.333333332,7151286.666666668,0
2021-01-19,82.5,83.19999694824219,81.76000213623047,82.80999755859375,8142700,81.79399871826172,80.22799911499024,77.66550025939941,76.38300018310547,75.70343386332193,8762860.0,8756720.0,7215335.0,7192696.666666668,7329265.0,82.04000091552734,82.52999877929688,81.83999633789062,79.75,79.69000244140625,81.1699996948242,80.98799896240234,80.33999938964844,79.65800018310547,78.66199951171875,79.36899948120117,78.87999954223633,78.21800003051756,77.56700057983399,77.14100036621093,77.27800025939942,76.89800033569334,76.51700057983399,76.10250091552734,75.80500106811523,76.0676668802897,75.81000010172527,75.53066685994466,75.25566685994467,75.10166676839192,75.55781071980795,75.43874816894531,75.30554695129395,75.2089365641276,75.11754824320475,8547520.0,8110460.0,8093860.0,8816480.0,8750580.0,8881290.0,8237100.0,7727680.0,7250910.0,6859350.0,7277410.0,7138760.0,7036820.0,6897685.0,6815345.0,7176623.333333332,6995560.0,6968933.333333332,7121523.333333332,6988190.0,7323486.666666668,7247528.333333332,7227718.333333332,7209501.666666668,7177333.333333332,1
2021-01-20,82.6500015258789,85.02999877929688,82.41999816894531,84.05000305175781,8576800,82.65399932861328,81.15599975585937,78.1425003051758,76.76733373006185,75.85068804423014,8944360.0,8880420.0,6979260.0,7219796.666666668,7331151.666666668,82.80999755859375,82.04000091552734,82.52999877929688,81.83999633789062,79.75,81.79399871826172,81.1699996948242,80.98799896240234,80.33999938964844,79.65800018310547,80.22799911499024,79.36899948120117,78.87999954223633,78.21800003051756,77.56700057983399,77.66550025939941,77.27800025939942,76.89800033569334,76.51700057983399,76.10250091552734,76.38300018310547,76.0676668802897,75.81000010172527,75.53066685994466,75.25566685994467,75.70343386332193,75.55781071980795,75.43874816894531,75.30554695129395,75.2089365641276,8762860.0,8547520.0,8110460.0,8093860.0,8816480.0,8756720.0,8881290.0,8237100.0,7727680.0,7250910.0,7215335.0,7277410.0,7138760.0,7036820.0,6897685.0,7192696.666666668,7176623.333333332,6995560.0,6968933.333333332,7121523.333333332,7329265.0,7323486.666666668,7247528.333333332,7227718.333333332,7209501.666666668,1
2021-01-21,84.25,84.75,83.6500015258789,83.70999908447266,9270000,83.02799987792969,81.68399963378906,78.60800018310547,77.11533381144206,75.9889575958252,9089840.0,8591850.0,7080190.0,7303723.333333332,7392031.666666668,84.05000305175781,82.80999755859375,82.04000091552734,82.52999877929688,81.83999633789062,82.65399932861328,81.79399871826172,81.1699996948242,80.98799896240234,80.33999938964844,81.15599975585937,80.22799911499024,79.36899948120117,78.87999954223633,78.21800003051756,78.1425003051758,77.66550025939941,77.27800025939942,76.89800033569334,76.51700057983399,76.76733373006185,76.38300018310547,76.0676668802897,75.81000010172527,75.53066685994466,75.85068804423014,75.70343386332193,75.55781071980795,75.43874816894531,75.30554695129395,8944360.0,8762860.0,8547520.0,8110460.0,8093860.0,8880420.0,8756720.0,8881290.0,8237100.0,7727680.0,6979260.0,7215335.0,7277410.0,7138760.0,7036820.0,7219796.666666668,7192696.666666668,7176623.333333332,6995560.0,6968933.333333332,7331151.666666668,7329265.0,7323486.666666668,7247528.333333332,7227718.333333332,1
2021-01-22,83.94999694824219,84.55000305175781,83.55000305175781,84.20999908447266,6370700,83.36399993896484,82.17599945068359,79.08300018310547,77.46633377075196,76.13730239868164,8584180.0,8347320.0,7131960.0,7240900.0,7403083.333333332,83.70999908447266,84.05000305175781,82.80999755859375,82.04000091552734,82.52999877929688,83.02799987792969,82.65399932861328,81.79399871826172,81.1699996948242,80.98799896240234,81.68399963378906,81.15599975585937,80.22799911499024,79.36899948120117,78.87999954223633,78.60800018310547,78.1425003051758,77.66550025939941,77.27800025939942,76.89800033569334,77.11533381144206,76.76733373006185,76.38300018310547,76.0676668802897,75.81000010172527,75.9889575958252,75.85068804423014,75.70343386332193,75.55781071980795,75.43874816894531,9089840.0,8944360.0,8762860.0,8547520.0,8110460.0,8591850.0,8880420.0,8756720.0,8881290.0,8237100.0,7080190.0,6979260.0,7215335.0,7277410.0,7138760.0,7303723.333333332,7219796.666666668,7192696.666666668,7176623.333333332,6995560.0,7392031.666666668,7331151.666666668,7329265.0,7323486.666666668,7247528.333333332,1
2021-01-25,84.12000274658203,87.69000244140625,84.0999984741211,86.87000274658203,13215600,84.3300003051758,82.75,79.71000022888184,77.90633392333984,76.32803141276041,9115160.0,8831340.0,7561420.0,7458630.0,7542773.333333332,84.20999908447266,83.70999908447266,84.05000305175781,82.80999755859375,82.04000091552734,83.36399993896484,83.02799987792969,82.65399932861328,81.79399871826172,81.1699996948242,82.17599945068359,81.68399963378906,81.15599975585937,80.22799911499024,79.36899948120117,79.08300018310547,78.60800018310547,78.1425003051758,77.66550025939941,77.27800025939942,77.46633377075196,77.11533381144206,76.76733373006185,76.38300018310547,76.0676668802897,76.13730239868164,75.9889575958252,75.85068804423014,75.70343386332193,75.55781071980795,8584180.0,9089840.0,8944360.0,8762860.0,8547520.0,8347320.0,8591850.0,8880420.0,8756720.0,8881290.0,7131960.0,7080190.0,6979260.0,7215335.0,7277410.0,7240900.0,7303723.333333332,7219796.666666668,7192696.666666668,7176623.333333332,7403083.333333332,7392031.666666668,7331151.666666668,7329265.0,7323486.666666668,0
2021-01-26,86.6500015258789,87.26000213623047,84.75,85.2300033569336,12476900,84.81400146484377,83.30400009155274,80.22250022888184,78.30466740926107,76.5133243560791,9982000.0,9372430.0,8115890.0,7667706.666666668,7625573.333333332,86.87000274658203,84.20999908447266,83.70999908447266,84.05000305175781,82.80999755859375,84.3300003051758,83.36399993896484,83.02799987792969,82.65399932861328,81.79399871826172,82.75,82.17599945068359,81.68399963378906,81.15599975585937,80.22799911499024,79.71000022888184,79.08300018310547,78.60800018310547,78.1425003051758,77.66550025939941,77.90633392333984,77.46633377075196,77.11533381144206,76.76733373006185,76.38300018310547,76.32803141276041,76.13730239868164,75.9889575958252,75.85068804423014,75.70343386332193,9115160.0,8584180.0,9089840.0,8944360.0,8762860.0,8831340.0,8347320.0,8591850.0,8880420.0,8756720.0,7561420.0,7131960.0,7080190.0,6979260.0,7215335.0,7458630.0,7240900.0,7303723.333333332,7219796.666666668,7192696.666666668,7542773.333333332,7403083.333333332,7392031.666666668,7331151.666666668,7329265.0,0
2021-01-27,84.5999984741211,84.80000305175781,79.61000061035156,80.19000244140625,16893300,84.04200134277343,83.34800033569336,80.45750045776367,78.51766738891601,76.6220822652181,11645300.0,10294830.0,8772870.0,8030066.666666668,7777910.0,85.2300033569336,86.87000274658203,84.20999908447266,83.70999908447266,84.05000305175781,84.81400146484377,84.3300003051758,83.36399993896484,83.02799987792969,82.65399932861328,83.30400009155274,82.75,82.17599945068359,81.68399963378906,81.15599975585937,80.22250022888184,79.71000022888184,79.08300018310547,78.60800018310547,78.1425003051758,78.30466740926107,77.90633392333984,77.46633377075196,77.11533381144206,76.76733373006185,76.5133243560791,76.32803141276041,76.13730239868164,75.9889575958252,75.85068804423014,9982000.0,9115160.0,8584180.0,9089840.0,8944360.0,9372430.0,8831340.0,8347320.0,8591850.0,8880420.0,8115890.0,7561420.0,7131960.0,7080190.0,6979260.0,7667706.666666668,7458630.0,7240900.0,7303723.333333332,7219796.666666668,7625573.333333332,7542773.333333332,7403083.333333332,7392031.666666668,7331151.666666668,1
2021-01-28,80.66999816894531,83.86000061035156,80.05000305175781,82.45999908447266,8541300,83.79200134277343,83.41000061035156,80.81400032043456,78.81466725667319,76.78194465637208,11499560.0,10294700.0,9011190.0,8122780.0,7773756.666666668,80.19000244140625,85.2300033569336,86.87000274658203,84.20999908447266,83.70999908447266,84.04200134277343,84.81400146484377,84.3300003051758,83.36399993896484,83.02799987792969,83.34800033569336,83.30400009155274,82.75,82.17599945068359,81.68399963378906,80.45750045776367,80.22250022888184,79.71000022888184,79.08300018310547,78.60800018310547,78.51766738891601,78.30466740926107,77.90633392333984,77.46633377075196,77.11533381144206,76.6220822652181,76.5133243560791,76.32803141276041,76.13730239868164,75.9889575958252,11645300.0,9982000.0,9115160.0,8584180.0,9089840.0,10294830.0,9372430.0,8831340.0,8347320.0,8591850.0,8772870.0,8115890.0,7561420.0,7131960.0,7080190.0,8030066.666666668,7667706.666666668,7458630.0,7240900.0,7303723.333333332,7777910.0,7625573.333333332,7542773.333333332,7403083.333333332,7392031.666666668,1
2021-01-29,81.81999969482422,82.45999908447266,80.22000122070312,80.87000274658203,13149000,83.12400207519529,83.24400100708006,81.0620002746582,79.01333389282226,76.88345642089844,12855220.0,10719700.0,9478400.0,8332406.666666668,7839013.333333332,82.45999908447266,80.19000244140625,85.2300033569336,86.87000274658203,84.20999908447266,83.79200134277343,84.04200134277343,84.81400146484377,84.3300003051758,83.36399993896484,83.41000061035156,83.34800033569336,83.30400009155274,82.75,82.17599945068359,80.81400032043456,80.45750045776367,80.22250022888184,79.71000022888184,79.08300018310547,78.81466725667319,78.51766738891601,78.30466740926107,77.90633392333984,77.46633377075196,76.78194465637208,76.6220822652181,76.5133243560791,76.32803141276041,76.13730239868164,11499560.0,11645300.0,9982000.0,9115160.0,8584180.0,10294700.0,10294830.0,9372430.0,8831340.0,8347320.0,9011190.0,8772870.0,8115890.0,7561420.0,7131960.0,8122780.0,8030066.666666668,7667706.666666668,7458630.0,7240900.0,7773756.666666668,7777910.0,7625573.333333332,7542773.333333332,7403083.333333332,1
2021-02-01,82.2699966430664,83.13999938964844,80.8499984741211,81.69999694824219,5589500,82.09000091552734,83.21000061035156,81.28950004577636,79.2553337097168,76.98403739929198,11330000.0,10222580.0,9551935.0,8259133.333333332,7817373.333333332,80.87000274658203,82.45999908447266,80.19000244140625,85.2300033569336,86.87000274658203,83.12400207519529,83.79200134277343,84.04200134277343,84.81400146484377,84.3300003051758,83.24400100708006,83.41000061035156,83.34800033569336,83.30400009155274,82.75,81.0620002746582,80.81400032043456,80.45750045776367,80.22250022888184,79.71000022888184,79.01333389282226,78.81466725667319,78.51766738891601,78.30466740926107,77.90633392333984,76.88345642089844,76.78194465637208,76.6220822652181,76.5133243560791,76.32803141276041,12855220.0,11499560.0,11645300.0,9982000.0,9115160.0,10719700.0,10294700.0,10294830.0,9372430.0,8831340.0,9478400.0,9011190.0,8772870.0,8115890.0,7561420.0,8332406.666666668,8122780.0,8030066.666666668,7667706.666666668,7458630.0,7839013.333333332,7773756.666666668,7777910.0,7625573.333333332,7542773.333333332,1
2021-02-02,82.11000061035156,84.47000122070312,82.05000305175781,82.93000030517578,6645400,81.63000030517578,83.22200088500976,81.725,79.51766713460286,77.14990832010905,10163700.0,10072850.0,9414785.0,8167840.0,7725983.333333332,81.69999694824219,80.87000274658203,82.45999908447266,80.19000244140625,85.2300033569336,82.09000091552734,83.12400207519529,83.79200134277343,84.04200134277343,84.81400146484377,83.21000061035156,83.24400100708006,83.41000061035156,83.34800033569336,83.30400009155274,81.28950004577636,81.0620002746582,80.81400032043456,80.45750045776367,80.22250022888184,79.2553337097168,79.01333389282226,78.81466725667319,78.51766738891601,78.30466740926107,76.98403739929198,76.88345642089844,76.78194465637208,76.6220822652181,76.5133243560791,11330000.0,12855220.0,11499560.0,11645300.0,9982000.0,10222580.0,10719700.0,10294700.0,10294830.0,9372430.0,9551935.0,9478400.0,9011190.0,8772870.0,8115890.0,8259133.333333332,8332406.666666668,8122780.0,8030066.666666668,7667706.666666668,7817373.333333332,7839013.333333332,7773756.666666668,7777910.0,7625573.333333332,1
2021-02-03,83.44999694824219,83.87999725341797,82.91000366210938,83.05000305175781,5971200,82.20200042724609,83.12200088500977,82.13900032043458,79.80233383178711,77.29405721028645,7979280.0,9812290.0,9346355.0,7923603.333333332,7681435.0,82.93000030517578,81.69999694824219,80.87000274658203,82.45999908447266,80.19000244140625,81.63000030517578,82.09000091552734,83.12400207519529,83.79200134277343,84.04200134277343,83.22200088500976,83.21000061035156,83.24400100708006,83.41000061035156,83.34800033569336,81.725,81.28950004577636,81.0620002746582,80.81400032043456,80.45750045776367,79.51766713460286,79.2553337097168,79.01333389282226,78.81466725667319,78.51766738891601,77.14990832010905,76.98403739929198,76.88345642089844,76.78194465637208,76.6220822652181,10163700.0,11330000.0,12855220.0,11499560.0,11645300.0,10072850.0,10222580.0,10719700.0,10294700.0,10294830.0,9414785.0,9551935.0,9478400.0,9011190.0,8772870.0,8167840.0,8259133.333333332,8332406.666666668,8122780.0,8030066.666666668,7725983.333333332,7817373.333333332,7839013.333333332,7773756.666666668,7777910.0,0
2021-02-04,83.0199966430664,83.55000305175781,82.56999969482422,83.0,6398400,82.31000061035157,83.0510009765625,82.36750030517578,80.08900044759115,77.42128143310545,7550700.0,9525130.0,9058490.0,7895170.0,7686806.666666668,83.05000305175781,82.93000030517578,81.69999694824219,80.87000274658203,82.45999908447266,82.20200042724609,81.63000030517578,82.09000091552734,83.12400207519529,83.79200134277343,83.12200088500977,83.22200088500976,83.21000061035156,83.24400100708006,83.41000061035156,82.13900032043458,81.725,81.28950004577636,81.0620002746582,80.81400032043456,79.80233383178711,79.51766713460286,79.2553337097168,79.01333389282226,78.81466725667319,77.29405721028645,77.14990832010905,76.98403739929198,76.88345642089844,76.78194465637208,7979280.0,10163700.0,11330000.0,12855220.0,11499560.0,9812290.0,10072850.0,10222580.0,10719700.0,10294700.0,9346355.0,9414785.0,9551935.0,9478400.0,9011190.0,7923603.333333332,8167840.0,8259133.333333332,8332406.666666668,8122780.0,7681435.0,7725983.333333332,7817373.333333332,7839013.333333332,7773756.666666668,0
2021-02-05,83.37999725341797,84.55000305175781,83.0,83.5999984741211,5745300,82.85599975585937,82.99000091552735,82.58300018310547,80.38533376057943,77.5619893391927,6069960.0,9462590.0,8904955.0,7908836.666666668,7568153.333333332,83.0,83.05000305175781,82.93000030517578,81.69999694824219,80.87000274658203,82.31000061035157,82.20200042724609,81.63000030517578,82.09000091552734,83.12400207519529,83.0510009765625,83.12200088500977,83.22200088500976,83.21000061035156,83.24400100708006,82.36750030517578,82.13900032043458,81.725,81.28950004577636,81.0620002746582,80.08900044759115,79.80233383178711,79.51766713460286,79.2553337097168,79.01333389282226,77.42128143310545,77.29405721028645,77.14990832010905,76.98403739929198,76.88345642089844,7550700.0,7979280.0,10163700.0,11330000.0,12855220.0,9525130.0,9812290.0,10072850.0,10222580.0,10719700.0,9058490.0,9346355.0,9414785.0,9551935.0,9478400.0,7895170.0,7923603.333333332,8167840.0,8259133.333333332,8332406.666666668,7686806.666666668,7681435.0,7725983.333333332,7817373.333333332,7839013.333333332,0
2021-02-08,84.0,84.7300033569336,83.12999725341797,83.4000015258789,6788594,83.1960006713867,82.64300079345703,82.69650039672851,80.68766708374024,77.69140129089355,6309778.8,8819889.4,8825614.7,7980909.8,7537143.233333332,83.5999984741211,83.0,83.05000305175781,82.93000030517578,81.69999694824219,82.85599975585937,82.31000061035157,82.20200042724609,81.63000030517578,82.09000091552734,82.99000091552735,83.0510009765625,83.12200088500977,83.22200088500976,83.21000061035156,82.58300018310547,82.36750030517578,82.13900032043458,81.725,81.28950004577636,80.38533376057943,80.08900044759115,79.80233383178711,79.51766713460286,79.2553337097168,77.5619893391927,77.42128143310545,77.29405721028645,77.14990832010905,76.98403739929198,6069960.0,7550700.0,7979280.0,10163700.0,11330000.0,9462590.0,9525130.0,9812290.0,10072850.0,10222580.0,8904955.0,9058490.0,9346355.0,9414785.0,9551935.0,7908836.666666668,7895170.0,7923603.333333332,8167840.0,8259133.333333332,7568153.333333332,7686806.666666668,7681435.0,7725983.333333332,7817373.333333332,0
